9481787296
2532461108
1802575100
6691920991
9914032193
7625610296
1211693480
6716500740
910858602
6888724205
1487777419
2870046430
7566459191
6049473981
2464440184
5535746975
6157589454
295574876
6014599836
4363298867
7697891054
2039673020
5412366263
4145490268
911709047
3012947497
1846937142
2438523358
275919172
7448227810
8509013410
4063350651
5800776870
4990300356
8090771229
5883002256
3814204378
7588123933
5994061430
872816566
7687673234
3482392758
5693074288
2348682848
1793276324
9268191501
5856922276
3155301962
7579981855
1573992951
578038590
5673496548
8090253469
933293684
9279566330
3495159970
5265786302
118318134
2396049712
8797364985
145683108
4709162436
2573194062
152406244
5840471392
5547837065
8691821099
3246891251
3760098382
5211412664
3721774563
4026120971
2906934563
2709444435
234103559
5074163218
5688431954
3274084573
1565999548
5211838783
6001357780
3193422117
5015178304
7119154397
5637489209
480094171
3798060747
9397498199
5308955898
692270861
1547233596
7534414206
7424498513
4541099419
4846241198
7210013172
2024979884
2554550819
2983994438
3665117217
6503972218
4703559277
6056819161
5896708452
8865947958
7939063484
9970210095
8173096627
4885690192
8944538188
475511886
6793384543
1186645776
7302433937
5180959431
9494494037
908855517
7745641968
1775759324
9737446196
3679558035
4143727396
1472738969
3429801899
9145662280
7335058757
6101476406
6574818387
6477041412
914174001
9329528691
5990263629
6762806328
5018941116
4237118653
3374138356
3484230424
3803264633
8774796099
7021537461
3070074214
4167483082
1752991413
1155243184
9573247419
1595618174
4609641199
3629258060
8060657818
1373243692
4223134978
4173608478
5481639497
9879894834
1132446609
8423027019
6605568546
888753364
4065397349
5584652713
7785476543
6661741376
1854391053
2868008198
5657338219
5734861498
3497108929
9104672468
7054636658
2245334402
1225424992
1172471006
9136158766
5409702056
533992560
6218984157
6849952944
5926318934
8790260589
6714757466
7794178984
7707177740
8655237781
1864800040
7095101572
8272745210
3102073737
7050824703
8999828165
9047425429
8925441606
3992419802
2204247731
4635503813
4141595740
6119203909
5585727712
1431733193
9685532483
3822171743
1569201744
2497908001
1010825028
4062774513
4492415346
923546908
3244921524
9933194677
4762040901
6178431253
481115675
42810918
6183835364
8219059725
1673270338
9109307119
6338768514
3144007758
578020558
5403834505
3061453073
4305403370
3011068045
4711095542
3281486434
2965480639
6516423713
3136691812
3751313723
8184145894
7482629135
8362392857
7762747548
215485723
8401426500
1307869762
5781173405
3617336518
3313259124
7325890859
119302388
5160726403
8340125972
1189315152
902978463
7637061745
2823985716
5460690026
3592951391
7836026937
6825800453
7660028976
9851635124
2700078639
5764117566
7892440212
3777326649
9925233685
3655257957
2640272681
6032685527
2496215487
4522507199
705354906
1090877723
1320202506
9982155806
9178308140
2396459586
7730691780
6580555914
2526815447
3124702137
8893832532
3277109767
8931806057
8927225057
247550863
4399576406
9037772948
9528471288
7172197550
3671468228
1590585057
6316321091
7125112439
3137832491
3970637276
5358470868
3245960988
8986033515
2657868206
8137332556
7022959141
2493882511
2850819535
9246564595
4442467306
9764728223
1173743338
9418396378
3679186962
5452033135
4076599615
4039177497
3650282999
4986009740
26635197
2185802383
2150146955
5104088852
94636649
7743443631
732709499
2114277699
7323721737
9872513986
7622729791
6819155241
4038414261
8998828751
8669966950
2469098583
2503070320
2279778213
4422723047
4689775390
5725292293
9641591959
3095620106
674166446
5862882156
5643710191
6353471538
4743727008
886757368
9430347962
3149796919
8304341132
6852383211
8635290737
7879348611
2455954984
4871237959
7112463496
4958401872
7494350396
1976533407
4346701260
4920089965
3326507990
5551183983
4937316379
2430778740
3545085478
8178583703
2661563953
3219683310
5575936650
2883869742
8889960272
3598889951
8364540800
7500626406
9948754520
868470935
237469594
2341337800
6055110661
1147860272
3802752818
498166226
3801609605
2997794878
2366346525
706867098
3300984318
5880100751
5290806729
1498572633
6120698075
9921990298
9114952458
4348020915
1849067451
89709674
6904201863
8718355591
6638755315
9016618281
56758891
325456884
7936000367
5973897307
9707207300
9206326205
7283379662
6259115523
2031686589
2463867071
2828839119
863212616
6115130235
9333468875
8165014575
3179071914
8044441635
4383020977
2282951428
4860542650
3154018271
5446699254
2440023714
4405365422
9947553946
8366195705
1969154655
5657241738
4542863865
7412680766
585452282
5494190913
6966514670
4029316202
8831980837
8138805214
2443287546
5065266786
270130631
5731157632
2863609373
3034026023
8243508055
7310218958
7039416173
3826257328
8498359072
8599593283
3772830690
7364136806
3717247815
4668563733
149042477
6215374066
8151077954
8227942631
5811945995
4586161665
3814313816
1011756341
3433947061
3448636025
5930714554
4392423083
3845248991
626261900
8612851927
3300836782
4585400182
2731697099
5227740025
5006665520
7759298907
6195671908
8198353311
6989180034
2619189549
8238787397
1988613196
7718761834
2198113761
774967577
5085260178
6724465706
1261378341
542999600
6749999231
8820428426
3803779125
1822128264
5474837362
7774160318
2358147067
1961257340
3553880902
6452454650
8462478437
562103953
9901812457
1337634329
3739922462
4177453611
4839425650
814480544
7527053530
900018917
8723492068
9460783671
758232977
9198187414
4011181065
4741584598
6524800274
4499305693
9628886694
8503541983
9588090897
3251541378
859252584
7245199516
9232015019
7077362671
5196942911
2186620216
1484186901
7704524542
2654816854
8905123711
6328022831
9122228606
7365700140
3631168948
5892303223
478896060
4482834736
8833367542
3003040323
6879560915
2644867811
396020476
5118712913
8270300659
5803290435
5419268788
6510166766
3921389941
3537731119
9664029128
8763343105
7843344085
7835398512
7154049638
9147626215
9258877317
4524482868
5296460153
5408390673
1723534431
2782803175
8434055836
9048513939
3199901187
4238023446
3357043865
535118875
4782885060
5426588490
1930610171
4790251541
669752722
9772099315
8847281293
6806310824
1371559946
9287218320
6044140148
6497330013
287413053
8455821534
9135703069
9908221514
5523264382
7077156842
8012879294
3986968562
3274842505
1290893044
7427672762
1415700135
1597360056
2311938567
4725417941
224456600
8792573434
8927117717
71304985
5354759312
1354375923
239176461
1203790426
7937995835
5816957564
8788801889
4833405200
8768809933
5442296112
7264099806
366626423
9515793730
7844530309
1948221213
2850372117
1085532970
6687569021
5874911060
5850530324
2334583483
9598329438
1215749903
8153569308
2869375668
9504780562
2585849048
1021842023
4624507713
5802408491
2973883986
670710798
8381727730
8573108157
4924745354
7543072991
2284857922
900851556
9324134999
5396707675
3620173772
1643064427
3131596030
4596496356
22607060
3100842567
8817441372
4071307983
33254726
6744301331
1533375146
8103696469
1732438147
5806026240
7691983862
4977411063
2797431147
1028780138
2951251555
433863972
7633929171
2479716346
4582067123
1197526121
7225982760
6673433802
4008578956
796678269
3717986412
6885580351
6300850833
6266000226
2152409306
9780713736
8241198828
5664852884
5858292864
8257266589
1186167937
2048655840
8912475962
5960750807
8679786704
1881190911
1877498426
8739478809
4054418439
3537912056
9391494234
2127074934
6457868309
2310115028
3519257609
8477634125
1756887696
6718310711
2548775395
1709657076
252876494
9485855710
4296413100
7508315852
8773711951
5227318948
2819523681
5735704860
4304863693
4027195614
7577719507
7055151793
7837847847
2528018598
6594170294
1743395916
357311300
2866591665
7812274113
8206339032
3474823488
9323916907
3668960337
2141066020
786798776
118627122
229372800
6262649273
654464666
2257148740
2623493858
6375836473
6173659460
1925391167
2126475774
7859249445
4280169585
5509756162
3658035408
2025025839
6560880387
9959538675
3762589441
6718666005
2760673628
5254385854
3977168707
4272908930
1842554770
4920154713
3350982544
7421575655
2978860759
9218807709
9396368016
9350255878
6533247112
8515707393
5102411381
8078430907
2109797108
1870895008
542981668
5807015522
5806788377
3534449080
9183685560
9138398334
9178152853
6716060313
6076548865
8477078647
2014090922
3863429221
6389765402
3855992498
8840414348
9958560661
8606878073
9678015067
5133911033
7043626083
1365676145
1029548508
4074979108
7156348521
941160233
2469700084
9681622707
3104372011
13266144
9734465603
4645981836
7277893863
9057828334
2154244000
5475794119
7463187396
387857742
9075494705
6975726025
822131621
1541538198
9137907605
4914522991
9595869913
8134312841
1521027164
8051035393
5290884657
6102192078
142848493
7321403080
4015752508
5574189782
8802131332
4979650777
8154161916
5138124216
8861632690
8055372723
9346525223
1568548800
306968815
8092527272
9609322182
5783936937
8361201878
6815009091
9933042723
8890192877
226591967
6106877999
1592428073
4502200066
6061454299
1337660979
7846894903
9142529230
4220114691
7955873976
9242289995
1030106859
3363772049
7935136985
1424381182
9064004528
9993398935
9530200505
6766277037
8148930471
3658521707
1776228039
6369071727
5741955940
7463919058
4077682464
2587529607
4966633733
5675228599
319648844
6814367619
977785996
3039480150
1598674700
8612649029
9133028841
4847654228
7286758024
4516148660
488850191
345485786
9030699163
1817420259
5558690723
185517023
3994190195
22885225
1995929757
6880062716
1860176361
5848400965
8062300856
1202530269
1146178786
8370167423
9851474796
1850209565
2048533797
6419505476
6433706097
39873743
6835494416
1357121869
8090568111
6701886972
4421949293
4977623242
4085347601
2396210006
2487644782
1408187767
3487595453
9988714668
1601588215
4259329666
6333975949
6747181389
5254489718
3467134146
1272449845
2885136887
4799991219
4042854934
7873877325
187051329
718118897
4761058732
8186189361
5429156582
6584151597
3960042695
4748860978
3584179977
2894105854
857604740
2163496975
5801030330
8130084962
8882189266
2187366255
4805927881
3277740840
4468322055
461650122
5962285948
5147281589
7427431622
9592336120
8126166188
4729152015
701053818
6581928768
4472053235
4750259385
3724087700
9347703658
5785875187
2296377725
7008263632
5009565888
7171024185
8169955346
7129269228
6763040716
5928347120
9065202131
3905304876
2331020115
8270887450
8077425991
2107137312
8407675867
2355239587
3889756407
5908546929
5127839559
7489932885
5863424540
7461233646
4650855555
7607794640
5783927245
8002498321
8583672507
7721470302
3673599741
6337159613
9498828091
8119837616
5549623493
5391068915
5298343186
7155747831
9129478749
6061073923
791968969
1905328879
8047121012
5167651676
5771281461
9331634360
6157637603
2196116404
2428507238
5339795096
6328701736
3836235463
8112319416
2115012301
2055932882
4162634122
6293037652
1568496134
1048708180
5457257241
8960314422
9081967778
4158719840
9335545814
1400381478
7967421596
7382742767
9655731602
7581763106
6205736511
