3 8
0 1 1 2 3 3 4 4 5 6 6 7 8 9 10 11 11 12 12 13 13 14 14 15 16 17 17 18 18 19 20 20 21 21 22 23 23 24 25 26 27 27 28 28 29 29 30 31 31 32
0 33 33 34 35 35 36 36 5 37 38 38 8 39 10 40 41 41 42 43 43 44 45 15 16 46 47 48 48 19 49 50 51 51 22 52 52 53 25 26 54 54 55 56 56 57 57 58 58 32
59 60 60 34 61 62 63 63 64 37 65 65 66 39 67 68 69 70 42 71 71 72 45 73 73 46 47 74 75 75 49 76 76 77 77 78 78 53 79 80 81 81 55 82 83 84 85 86 87 88
59 89 89 90 61 91 91 92 93 93 94 95 96 97 67 68 69 98 98 99 99 72 100 101 102 102 103 104 105 106 106 107 107 108 109 109 110 110 79 80 111 111 112 113 83 84 85 86 87 88
114 115 115 90 116 117 117 92 118 119 94 95 96 120 120 121 122 122 123 123 124 124 100 101 125 125 103 104 126 127 128 128 129 129 130 130 131 131 132 133 134 134 112 113 135 135 136 137 138 139
114 140 141 141 142 143 143 144 144 119 145 145 146 147 147 121 148 149 150 151 152 153 154 155 156 157 157 158 126 127 159 160 161 162 163 164 164 165 165 133 166 167 168 168 169 170 170 137 138 171
172 172 173 173 142 174 175 176 176 177 178 178 146 179 179 180 148 149 181 151 152 153 154 155 156 182 182 158 183 184 159 160 161 162 163 185 186 187 188 188 166 167 189 189 169 190 190 191 191 171
192 193 193 194 194 174 175 195 195 196 196 197 197 198 198 180 199 200 181 201 202 202 203 204 205 205 206 206 183 207 207 208 208 209 209 185 186 210 211 211 212 213 214 214 215 216 216 217 217 218
192 219 220 220 221 221 222 222 223 223 224 225 225 226 226 227 199 228 229 201 230 231 203 232 233 234 235 236 236 237 237 238 238 239 239 240 241 210 242 243 212 213 244 244 215 245 245 246 247 247
248 219 249 250 250 251 251 252 252 253 253 254 255 255 256 256 257 228 229 258 258 231 259 232 260 234 235 261 261 262 263 264 264 265 265 240 266 266 242 243 267 268 268 269 270 270 271 272 272 273
274 274 249 275 276 277 278 279 280 280 281 254 282 283 283 284 257 285 286 287 288 288 259 289 260 290 291 292 293 262 263 294 295 296 296 297 297 298 298 299 300 301 302 269 303 303 304 304 305 273
306 307 307 275 276 277 278 279 308 308 281 309 309 310 311 284 312 285 286 313 313 314 315 316 317 290 291 292 293 318 319 294 295 320 320 321 322 323 324 299 300 301 325 325 326 326 327 328 329 330
331 332 332 333 333 334 335 336 337 337 338 338 339 310 311 340 340 341 342 343 344 314 315 316 345 346 346 347 347 318 348 349 350 351 352 352 322 323 324 353 354 354 355 356 357 357 327 328 329 358
331 359 360 360 361 334 335 336 362 363 363 364 339 365 365 366 367 367 342 343 344 368 368 369 345 370 370 371 372 372 348 349 350 351 373 374 375 376 376 377 377 378 378 356 379 380 380 381 382 358
383 359 384 385 385 386 387 387 362 388 388 364 389 389 390 366 391 392 393 394 394 395 395 369 396 396 397 397 398 398 399 400 401 402 373 374 403 403 404 404 405 405 406 407 407 408 409 381 382 410
411 411 384 412 413 413 414 414 415 415 416 417 418 418 390 419 419 392 393 420 421 422 422 423 424 424 425 426 427 428 428 400 429 402 430 431 432 432 433 433 434 435 406 436 436 437 409 438 439 439
440 441 441 442 443 443 444 445 446 446 416 447 448 448 449 449 450 450 451 420 452 453 454 454 455 456 425 426 427 457 458 458 429 459 460 431 461 461 462 462 434 435 463 464 464 437 465 465 466 466
467 468 468 442 469 469 444 445 470 470 471 447 472 472 473 473 474 475 451 476 452 453 477 478 478 456 479 480 481 457 482 483 484 459 460 485 486 486 487 488 488 489 489 490 491 492 492 493 494 494
467 495 496 497 498 498 499 500 500 501 501 502 503 503 504 504 474 475 505 476 506 506 477 507 508 509 479 480 510 511 482 483 484 512 513 514 514 515 487 516 517 517 518 490 491 519 520 493 521 522
523 495 496 497 524 524 499 525 525 526 527 502 528 528 529 530 531 531 505 532 532 533 534 535 508 509 536 537 510 511 538 539 539 512 513 540 540 515 541 542 542 543 518 544 544 519 520 545 545 522
523 546 546 547 547 548 549 549 550 550 527 551 552 553 553 530 554 555 555 556 557 533 534 535 558 558 536 537 559 560 538 561 561 562 562 563 563 564 541 565 565 543 566 566 567 568 569 569 570 570
571 571 572 573 573 574 574 575 575 576 577 551 552 578 579 579 554 580 581 556 557 582 583 584 584 585 586 587 559 560 588 588 589 589 590 591 591 564 592 592 593 593 594 595 567 568 596 597 598 598
599 599 572 600 600 601 602 602 603 603 577 604 605 578 606 606 607 607 581 608 608 582 583 609 610 585 586 587 611 611 612 613 613 614 615 616 617 617 618 618 619 620 620 595 621 621 596 597 622 623
624 625 626 627 628 601 629 629 630 631 631 604 605 632 633 634 634 635 635 636 636 637 638 609 639 640 641 641 642 642 643 644 645 646 615 616 647 647 648 648 619 649 650 650 651 652 653 654 622 623
624 625 626 627 628 655 656 656 657 657 658 658 659 632 660 660 661 661 662 663 664 664 638 665 639 666 667 667 668 668 643 644 645 646 669 669 670 670 671 672 673 649 674 675 675 652 676 654 677 677
678 678 679 680 681 655 682 683 683 684 684 685 659 686 687 687 688 689 690 663 691 692 692 693 694 666 695 695 696 697 697 698 698 699 699 700 700 701 671 672 673 702 674 703 703 704 676 705 705 706
707 707 679 680 681 708 709 710 710 711 712 685 713 686 714 714 715 689 690 716 691 717 718 693 694 719 720 720 696 721 721 722 723 724 724 725 725 701 726 727 728 728 729 729 730 731 732 733 734 706
735 736 736 737 737 708 709 738 738 711 739 739 713 740 740 741 715 742 742 716 743 743 718 744 744 719 745 745 746 747 747 722 723 748 748 749 750 751 751 727 752 752 753 754 754 731 732 733 755 755
735 756 757 758 758 759 760 761 761 762 763 763 764 764 765 741 766 767 768 769 769 770 771 771 772 773 774 774 775 775 776 777 778 779 779 749 750 780 780 781 781 782 783 783 784 784 785 785 786 786
787 756 788 788 789 789 760 790 790 791 792 793 793 794 795 795 766 767 768 796 796 770 797 798 798 773 799 799 800 801 801 777 802 803 803 804 804 805 806 806 807 782 808 809 810 811 811 812 813 813
787 814 815 816 817 817 818 819 820 791 792 821 821 794 822 822 823 824 824 825 826 826 827 827 828 828 829 829 800 830 831 832 802 833 834 834 835 835 836 837 837 838 808 809 810 839 840 841 842 843
844 814 815 845 846 846 818 819 820 847 847 848 849 850 850 851 852 852 853 825 854 855 856 857 857 858 858 859 859 830 831 860 861 861 862 863 864 865 865 866 866 838 867 868 868 839 840 841 842 843
844 869 870 845 871 871 872 873 874 875 876 848 849 877 877 851 878 879 880 880 854 855 856 881 882 883 883 884 885 885 886 860 887 887 862 863 888 888 889 889 890 890 867 891 891 892 893 894 894 895
896 869 870 897 898 899 872 873 874 875 876 900 901 902 902 903 878 879 904 905 905 906 906 881 907 908 909 909 910 911 911 912 912 913 914 915 915 916 917 917 918 918 919 919 920 892 893 921 921 895
896 922 922 897 898 899 923 924 924 925 926 900 927 928 928 929 929 930 930 931 932 932 933 933 907 908 934 935 910 936 936 937 938 938 914 939 939 940 940 941 941 942 942 943 920 944 944 945 946 947
948 948 949 949 950 951 923 952 953 925 926 954 927 955 956 957 958 959 960 931 961 961 962 963 964 964 934 935 965 966 966 937 967 967 968 969 969 970 970 971 971 972 972 943 973 973 974 945 946 947
975 976 977 978 950 951 979 952 980 980 981 954 982 955 956 957 958 959 983 984 985 986 986 963 987 988 988 989 990 991 992 992 993 993 994 994 995 996 996 997 998 999 1000 1001 1001 1002 1002 1003 1004 1004
975 976 977 1005 1005 1006 979 1007 1007 1008 981 1009 982 1010 1011 1012 1013 1013 983 984 985 1014 1015 1016 1017 1017 1018 1018 990 991 1019 1020 1021 1021 1022 1023 1024 1024 1025 1026 998 999 1027 1028 1028 1029 1030 1003 1031 1031
1032 1032 1033 1033 1034 1006 1035 1035 1036 1008 1037 1037 1038 1039 1011 1012 1040 1041 1042 1043 1044 1044 1015 1016 1045 1045 1046 1047 1048 1048 1019 1020 1049 1049 1022 1050 1051 1052 1025 1026 1053 1053 1027 1054 1055 1055 1030 1056 1057 1057
1058 1058 1059 1059 1060 1060 1061 1062 1036 1063 1064 1065 1065 1039 1066 1066 1040 1041 1042 1067 1068 1068 1069 1069 1070 1071 1046 1047 1072 1072 1073 1074 1074 1075 1075 1050 1051 1076 1076 1077 1077 1078 1078 1054 1079 1080 1080 1056 1081 1081
1082 1083 1084 1085 1086 1087 1061 1062 1088 1063 1064 1089 1089 1090 1091 1091 1092 1092 1093 1067 1094 1094 1095 1095 1070 1096 1097 1098 1098 1099 1073 1100 1100 1101 1102 1103 1103 1104 1104 1105 1106 1106 1107 1107 1079 1108 1109 1110 1111 1112
1082 1083 1113 1085 1086 1087 1114 1114 1088 1115 1115 1116 1117 1090 1118 1118 1119 1119 1093 1120 1121 1121 1122 1123 1123 1096 1097 1124 1125 1099 1126 1127 1127 1101 1102 1128 1129 1129 1130 1105 1131 1132 1133 1134 1134 1108 1109 1110 1111 1135
1136 1136 1113 1137 1138 1139 1140 1140 1141 1141 1142 1116 1143 1144 1144 1145 1146 1147 1147 1120 1148 1149 1122 1150 1150 1151 1151 1124 1152 1152 1126 1153 1153 1154 1154 1155 1156 1157 1157 1158 1158 1132 1159 1159 1160 1161 1161 1162 1162 1135
1163 1163 1164 1164 1138 1165 1166 1166 1167 1167 1142 1168 1143 1169 1170 1145 1146 1171 1171 1172 1148 1173 1173 1174 1174 1175 1175 1176 1177 1178 1178 1179 1179 1180 1181 1155 1182 1182 1183 1183 1184 1184 1185 1186 1187 1188 1188 1189 1190 1190
1191 1192 1192 1193 1193 1165 1194 1194 1195 1196 1196 1197 1197 1169 1170 1198 1199 1199 1200 1201 1202 1202 1203 1203 1204 1205 1206 1176 1207 1207 1208 1209 1210 1180 1181 1211 1211 1212 1213 1213 1214 1214 1185 1186 1187 1215 1216 1189 1217 1217
1191 1218 1219 1219 1220 1221 1222 1223 1195 1224 1224 1225 1225 1226 1227 1198 1228 1229 1200 1201 1230 1230 1231 1231 1204 1205 1206 1232 1233 1233 1208 1209 1210 1234 1235 1236 1237 1237 1238 1238 1239 1240 1240 1241 1242 1215 1216 1243 1243 1244
1245 1218 1246 1246 1220 1221 1222 1247 1248 1249 1250 1250 1251 1226 1252 1252 1228 1229 1253 1253 1254 1254 1255 1256 1256 1257 1257 1232 1258 1258 1259 1259 1260 1260 1235 1261 1262 1262 1263 1263 1239 1264 1264 1241 1265 1266 1267 1267 1268 1269
1270 1270 1271 1272 1273 1274 1274 1247 1248 1249 1275 1275 1251 1276 1276 1277 1277 1278 1279 1280 1281 1281 1255 1282 1282 1283 1284 1285 1286 1286 1287 1287 1288 1289 1290 1261 1291 1292 1293 1293 1294 1294 1295 1295 1265 1296 1296 1297 1268 1269
1298 1298 1299 1272 1273 1300 1301 1301 1302 1303 1304 1304 1305 1305 1306 1306 1307 1307 1279 1308 1308 1309 1310 1310 1311 1283 1284 1312 1313 1314 1315 1316 1316 1289 1290 1317 1291 1292 1318 1319 1320 1320 1321 1322 1322 1323 1324 1324 1325 1326
1327 1327 1299 1328 1329 1329 1330 1330 1302 1331 1331 1332 1332 1333 1333 1334 1334 1335 1336 1336 1337 1337 1338 1338 1339 1339 1340 1312 1313 1314 1315 1341 1341 1342 1342 1317 1343 1343 1318 1319 1344 1344 1321 1345 1345 1323 1346 1346 1325 1326
19 82 81 89 59 70 30 39 30 93 55 5 38 97 5 11 97 3 18 88 65 33 21 48 21 12 31 65 85 74 93 94 47 94 55 31 51 32 79 90 55 98 5 29 80 4 73 52 54 98
25 45 67 4 26 34 17 62 60 86 62 50 52 70 73 22 9 41 90 26 67 72 79 12 64 23 15 77 47 62 50 22 77 35 46 96 54 43 19 25 97 25 83 21 10 33 73 44 19 33
43 9 13 8 19 96 43 21 98 80 33 55 73 35 57 8 66 54 65 43 49 52 90 62 34 81 51 9 44 27 26 47 22 51 21 11 0 82 45 33 48 86 33 96 40 49 67 57 83 65
11 15 16 81 14 61 85 63 32 61 12 5 98 52 84 56 44 99 22 44 70 60 82 37 84 76 77 52 32 41 57 49 90 10 45 90 79 53 19 59 47 99 68 15 6 57 58 82 89 39
68 51 36 11 36 39 65 1 62 94 84 92 94 96 55 59 17 95 45 8 49 87 18 60 30 17 26 48 44 77 88 27 59 7 18 50 71 43 63 19 21 61 45 65 25 35 52 81 70 94
73 7 87 54 47 96 11 69 56 32 27 10 18 90 50 10 21 85 44 52 54 27 64 69 18 33 81 18 74 49 51 6 94 94 61 29 44 5 85 60 89 29 81 9 33 82 0 2 26 24
32 70 2 1 89 90 63 39 3 8 29 86 16 22 57 21 62 12 59 71 90 44 49 19 65 72 2 80 18 9 52 1 8 48 50 58 38 80 83 60 35 50 79 77 94 7 36 28 13 72
10 18 67 51 42 25 17 42 10 8 23 24 35 45 23 34 8 14 31 18 75 95 19 67 66 51 93 50 25 45 61 54 21 52 16 17 72 38 28 70 43 91 17 40 37 51 81 77 91 22
67 44 59 56 76 8 31 17 18 72 82 28 91 77 51 56 85 39 56 50 11 59 65 13 46 62 59 23 45 92 0 6 91 46 15 33 45 63 78 12 42 39 55 74 40 74 51 0 78 76
35 20 9 65 63 67 50 12 29 35 2 32 11 12 84 29 7 20 16 63 25 64 79 60 37 5 49 7 83 10 26 46 49 82 40 26 60 16 37 69 28 78 15 51 7 59 70 24 79 98
59 53 2 70 98 55 98 63 74 98 72 24 22 89 5 48 48 27 88 30 58 75 40 12 55 37 91 34 24 86 62 30 49 17 26 15 76 37 93 55 92 26 33 40 41 57 16 19 1 38
86 83 90 19 29 87 27 69 53 99 80 37 62 0 42 55 20 9 97 79 0 46 49 76 4 63 42 53 89 11 84 79 37 19 61 71 15 88 71 41 19 2 28 89 0 24 18 16 14 56
41 59 14 55 86 87 41 18 2 8 78 16 23 28 35 35 86 14 66 81 30 4 74 56 91 29 18 41 38 4 48 79 62 67 14 94 81 37 30 14 74 86 7 35 91 16 72 49 65 45
82 88 3 79 61 47 86 4 8 29 65 53 73 57 24 67 87 8 65 48 59 26 41 67 39 21 11 24 79 48 43 19 92 10 77 48 53 30 44 10 83 43 79 74 43 61 19 98 34 73
68 41 9 54 75 5 75 53 29 5 32 2 10 56 45 84 12 24 64 30 21 28 41 68 62 67 32 45 25 95 48 24 63 68 62 3 36 23 82 3 81 95 8 14 69 0 10 48 55 3
95 99 23 82 9 56 63 0 53 2 18 38 25 75 25 72 5 26 45 17 96 9 89 36 52 65 39 40 86 22 57 65 18 34 78 58 78 17 9 42 75 18 21 40 88 25 84 50 86 79
63 22 93 18 92 28 39 41 17 16 0 55 80 25 0 88 72 23 69 90 13 56 4 61 94 50 93 93 0 29 89 59 8 26 24 14 17 13 98 25 13 24 56 8 62 17 70 66 2 36
39 3 62 5 47 49 26 80 15 57 10 97 56 1 48 7 61 38 98 83 94 72 25 10 64 58 48 16 12 96 88 62 11 22 64 92 74 21 66 77 81 28 26 72 72 41 55 45 2 94
99 51 55 83 58 48 39 76 65 46 70 14 59 43 84 85 14 96 89 75 81 92 78 34 51 73 40 17 20 12 1 13 56 82 57 45 0 68 12 82 21 32 85 25 42 63 34 1 0 9
49 31 16 42 19 52 91 84 81 7 94 87 20 89 87 12 48 28 35 93 75 34 26 47 9 19 89 5 42 30 3 2 59 13 52 27 92 88 39 30 91 41 84 9 60 7 92 43 66 76
1 54 3 13 53 12 52 65 63 48 63 42 81 81 81 82 33 60 77 54 62 35 68 57 54 47 15 11 33 83 98 17 3 79 25 30 84 57 10 76 53 63 67 12 36 93 0 64 90 44
36 41 62 62 27 39 1 50 12 4 66 21 62 47 81 98 37 78 83 77 43 93 28 7 78 93 28 14 0 2 9 58 42 63 15 2 61 28 3 97 65 18 65 97 14 36 26 34 37 52
28 46 95 60 79 66 15 75 84 77 8 73 2 4 59 82 18 2 77 7 82 90 20 66 81 49 83 4 2 25 6 28 0 21 10 12 31 78 8 72 58 82 69 66 92 46 70 15 4 71
39 65 48 57 14 23 28 80 13 85 40 61 44 32 62 68 19 93 54 11 10 19 19 34 72 56 97 92 8 24 3 60 35 99 26 55 37 46 50 51 95 84 88 73 4 81 80 21 44 14
91 54 14 84 4 15 90 55 0 45 11 4 18 87 15 55 60 51 4 88 10 43 81 77 52 62 19 1 87 98 65 58 48 53 71 33 71 1 96 24 89 11 34 74 36 39 70 74 69 67
88 49 69 27 96 25 41 56 84 91 73 95 65 11 18 69 42 22 32 84 29 86 90 52 79 41 19 29 82 74 30 24 96 68 44 8 1 35 98 41 72 53 51 61 63 12 62 14 12 35
30 94 85 62 58 62 27 24 15 87 4 56 54 29 9 87 91 67 50 69 66 8 78 3 53 29 44 49 79 69 41 2 87 57 87 26 4 8 68 55 39 10 24 64 91 12 55 84 49 36
40 54 39 81 95 59 72 93 6 73 13 89 22 66 66 77 96 62 92 9 10 21 8 24 23 46 87 15 56 90 83 84 86 12 0 93 5 25 3 51 39 65 17 63 68 50 33 94 39 58
31 41 83 95 83 93 8 70 51 93 38 99 64 3 53 32 76 28 20 70 26 68 34 87 24 86 34 65 67 17 48 59 3 93 90 69 14 97 79 46 0 82 69 43 7 84 32 42 70 94
49 8 52 87 65 97 35 41 54 54 0 22 98 87 95 64 16 31 78 92 44 19 33 17 60 33 55 87 67 56 22 52 72 69 8 24 99 81 7 99 43 8 5 32 66 79 84 43 8 13
98 41 91 64 58 98 11 76 16 65 78 60 26 54 89 56 92 76 45 56 90 94 6 29 18 78 1 18 44 34 30 73 62 28 10 46 14 63 48 48 27 13 31 38 44 45 82 81 45 9
97 34 42 66 39 25 47 4 56 87 27 33 34 94 67 53 45 69 69 58 9 29 43 27 5 25 13 26 68 42 36 84 45 38 42 89 25 77 85 5 95 40 98 16 8 54 24 23 83 65
17 29 15 86 9 97 26 61 22 54 51 28 13 62 33 31 4 88 75 82 5 81 24 36 19 35 66 1 3 63 37 24 69 28 8 54 49 53 13 54 99 89 5 36 58 74 5 94 18 54
35 11 28 63 39 35 53 13 42 27 5 94 9 7 38 11 88 51 11 95 12 22 77 51 7 23 89 93 63 21 88 51 87 50 82 24 4 75 8 34 99 23 2 85 31 23 36 17 45 78
62 88 81 16 67 12 99 53 98 82 48 33 32 58 65 4 54 23 10 82 89 24 32 1 53 25 65 77 86 20 28 7 4 47 75 68 43 57 99 61 49 18 55 63 23 45 96 5 64 47
11 71 62 80 34 75 0 21 48 51 33 2 17 87 36 13 26 99 78 87 75 27 43 91 21 19 30 72 62 99 88 16 95 59 39 35 30 22 2 37 83 61 96 98 12 0 87 35 95 30
64 47 89 32 41 79 64 91 47 92 4 68 9 1 58 39 43 35 97 73 68 39 57 89 1 56 45 95 51 71 85 54 64 53 71 72 57 64 53 60 51 8 23 19 97 97 83 11 72 34
29 15 94 9 91 59 26 51 42 33 20 74 51 90 88 62 34 53 53 40 50 82 68 99 21 50 43 31 60 3 38 20 12 7 11 91 45 53 80 0 25 55 46 84 31 11 7 53 33 87
84 56 42 83 91 3 96 59 30 18 38 83 69 91 0 69 21 60 37 94 1 60 61 94 91 31 31 41 83 93 53 82 62 73 64 53 37 49 68 31 28 85 27 41 26 39 79 51 37 54
87 25 2 1 27 18 19 44 30 19 13 29 22 36 19 6 82 25 75 60 93 27 21 78 69 77 60 46 41 31 65 69 2 7 16 3 35 56 28 1 46 95 35 78 40 28 43 22 51 64
76 58 35 49 7 96 11 57 52 98 25 42 54 66 56 13 37 34 71 98 42 73 82 51 94 97 37 53 3 48 21 36 6 93 23 68 61 59 0 9 75 68 55 38 61 11 74 17 82 43
26 84 72 71 67 21 48 42 26 16 27 70 19 89 77 94 85 86 91 95 87 28 64 81 56 61 87 53 2 90 29 30 18 95 63 32 98 46 83 85 96 27 94 11 28 35 14 8 49 84
17 90 17 21 4 76 67 44 58 17 66 85 60 4 82 32 68 21 30 58 64 75 85 80 57 92 39 9 53 45 5 39 93 80 41 53 6 3 50 36 44 26 26 60 59 84 97 43 0 23
98 75 17 14 45 78 60 39 26 87 20 92 59 43 71 70 63 25 86 73 34 51 85 41 1 67 65 65 92 63 18 71 98 37 82 67 74 18 16 13 36 48 86 19 80 27 6 9 57 64
5 80 39 19 57 62 87 55 30 73 8 2 5 31 76 23 63 59 26 23 48 98 87 66 23 25 25 52 42 4 86 83 57 9 92 16 26 82 44 69 98 98 65 92 75 13 94 52 0 36
33 93 37 9 51 87 33 91 47 34 59 67 49 87 96 79 63 86 99 85 5 80 7 8 17 2 95 48 64 29 39 60 23 95 27 4 31 45 29 45 59 28 99 76 31 79 75 85 31 53
42 6 10 85 50 93 76 51 76 86 9 75 13 12 4 68 22 32 24 47 18 50 12 23 42 99 76 38 26 39 89 82 13 97 37 20 95 28 45 17 75 92 18 22 62 48 77 95 45 46
29 19 3 89 95 51 69 5 61 8 66 8 28 33 94 41 70 45 40 56 19 17 80 29 27 14 40 40 45 33 53 83 94 28 24 37 57 44 3 62 4 21 29 81 34 67 23 82 96 23
57 27 76 67 20 68 70 34 51 86 24 74 78 66 36 36 44 64 20 34 46 10 80 65 86 77 88 41 54 95 43 64 77 51 64 67 22 88 31 97 65 25 33 93 77 9 80 4 77 8
49 41 91 46 21 71 29 80 83 76 84 83 92 61 44 38 85 30 40 21 88 38 44 82 56 96 39 26 9 49 80 70 56 66 20 96 43 44 37 48 18 57 12 95 88 95 99 74 16 44
