34 29
0 1 1 2 3 4 5 5 6 7 7 8 9 10 10 11 12 13 13 14 15 15 16 17 18 19 20 20 21 21 22 23 23 24 24 25 25 26 26 27 28 28 29 30 30 31 32 33 34 35
0 36 36 2 3 4 37 38 6 39 39 8 9 40 41 11 12 42 42 43 44 45 16 17 18 46 46 47 48 49 50 50 51 51 52 52 53 54 55 56 56 57 58 59 60 60 32 61 34 35
62 62 63 63 64 64 37 38 65 65 66 66 67 40 41 68 69 69 70 43 44 45 71 72 73 74 75 76 48 49 77 78 79 80 81 82 82 54 55 83 83 57 58 84 85 86 87 61 88 89
90 90 91 91 92 92 93 93 94 94 95 96 97 97 98 68 99 100 101 101 102 103 103 72 73 74 75 76 104 105 77 78 79 80 81 106 107 108 108 109 110 111 111 84 85 112 87 113 88 89
114 114 115 115 116 117 117 118 118 119 120 96 121 121 98 122 99 100 123 123 102 124 125 125 126 126 127 128 104 129 130 131 131 132 132 106 107 133 133 109 110 134 134 135 136 112 137 113 138 138
139 140 141 141 116 142 143 144 145 146 120 147 147 148 148 122 149 150 151 151 152 124 153 154 154 155 127 128 156 129 130 157 158 158 159 159 160 160 161 162 163 163 164 135 165 166 137 167 167 168
139 140 169 170 171 142 143 172 145 146 173 174 175 175 176 176 149 150 177 178 152 179 179 180 180 155 181 182 156 183 183 157 184 184 185 186 186 187 161 188 188 189 164 190 165 166 191 192 192 193
194 194 169 170 195 195 196 172 197 197 173 174 198 199 199 200 201 202 177 203 204 204 205 206 207 207 181 182 208 208 209 209 210 211 185 212 212 187 213 213 214 189 215 216 216 217 218 219 220 193
221 222 222 223 223 224 196 225 226 227 228 228 198 229 229 200 201 202 230 203 231 231 205 232 233 233 234 235 235 236 236 237 238 211 239 240 241 241 242 243 243 244 245 245 246 217 218 219 220 247
221 248 248 249 250 224 251 225 226 252 252 253 254 255 255 256 256 257 230 258 259 260 261 232 262 263 263 264 265 265 266 267 238 268 268 240 269 270 242 271 272 244 273 273 246 274 274 275 276 247
277 277 278 279 250 280 281 282 283 283 284 253 285 286 286 287 287 257 288 258 259 260 289 289 262 290 290 264 291 291 266 267 292 293 293 294 269 295 295 271 272 296 297 297 298 298 299 275 300 301
302 302 278 279 303 280 281 304 304 305 284 306 285 307 307 308 309 309 288 310 311 311 312 312 313 314 314 315 315 316 316 317 292 318 318 294 319 319 320 321 322 296 323 323 324 324 299 325 300 326
327 327 328 328 303 329 329 330 331 331 332 333 333 334 334 308 335 335 336 337 338 339 340 340 341 342 343 343 344 345 346 347 347 348 349 350 351 352 320 321 322 353 354 355 356 356 357 358 358 326
359 359 360 361 362 363 363 364 365 365 332 366 367 368 369 370 370 371 336 337 338 339 372 372 341 342 373 374 374 345 346 375 376 376 349 350 351 352 377 377 378 353 379 355 380 380 357 381 382 383
384 385 360 386 362 387 387 364 388 389 390 390 367 368 369 391 391 371 392 393 394 394 395 396 397 398 399 399 400 400 401 375 402 403 404 404 405 405 406 407 378 408 379 409 409 410 411 381 382 383
384 385 412 386 413 414 415 415 388 416 416 417 417 418 418 419 419 420 392 421 421 422 395 396 397 423 423 424 425 425 426 426 427 403 428 429 429 430 430 407 431 408 432 433 434 434 411 435 436 436
437 438 412 439 413 414 440 440 441 442 443 443 444 444 445 445 446 447 447 448 449 422 450 451 452 453 454 424 455 456 457 458 427 459 428 460 460 461 462 462 431 463 464 433 465 465 466 435 467 467
437 468 468 439 469 470 470 471 441 442 472 473 474 475 476 476 477 478 478 448 479 480 450 451 452 453 481 481 455 456 457 482 482 459 483 484 484 461 485 485 486 463 464 487 487 488 466 489 489 490
491 492 492 493 469 494 494 471 495 495 472 473 474 475 496 496 477 497 497 498 479 499 499 500 500 501 501 502 503 503 504 505 506 507 483 508 509 510 511 512 486 513 513 514 515 516 516 517 517 518
491 519 520 521 522 522 523 523 524 525 525 526 526 527 528 529 530 531 531 498 532 533 533 534 535 535 536 502 537 538 504 505 506 539 540 508 509 510 511 512 541 541 542 514 515 543 543 544 545 518
546 546 520 521 547 548 549 549 524 550 551 551 552 527 528 529 530 553 553 554 554 555 556 534 557 557 536 558 537 538 559 559 560 539 540 561 561 562 563 564 565 565 542 566 566 567 568 544 545 569
570 571 572 572 547 548 573 573 574 550 575 575 576 576 577 577 578 579 580 580 581 555 556 582 582 583 584 584 585 586 587 588 588 589 590 591 592 562 593 564 594 595 595 596 597 567 568 598 598 569
570 571 599 600 601 601 602 603 574 604 605 605 606 607 608 608 578 579 609 609 581 610 611 611 612 583 613 614 614 586 587 615 615 589 590 591 592 616 593 617 617 618 619 596 620 621 621 622 623 624
625 626 626 600 627 628 602 603 629 604 630 630 606 607 631 632 632 633 634 634 635 610 636 637 637 638 639 639 640 640 641 642 643 643 644 645 645 616 646 647 647 618 648 649 620 650 651 622 623 652
625 653 654 655 627 628 656 657 657 658 658 659 660 660 631 661 661 662 662 663 635 664 664 665 665 638 666 667 668 669 670 642 671 672 672 673 674 674 646 675 675 676 648 649 677 678 651 679 680 652
681 653 654 655 682 682 683 684 684 685 685 659 686 687 687 688 689 690 691 691 692 693 694 695 695 696 666 667 668 669 670 697 671 698 698 673 699 700 701 701 702 703 704 705 706 678 707 679 680 708
681 709 709 710 711 712 683 713 713 714 715 715 686 716 716 717 689 690 718 718 692 693 719 720 720 721 721 722 722 723 724 697 725 725 726 726 699 727 727 728 728 703 704 705 706 729 707 730 730 708
731 732 732 710 733 712 734 734 735 714 736 737 737 738 738 717 739 740 740 741 742 742 719 743 744 745 745 746 746 723 747 748 749 750 751 752 753 753 754 754 755 756 757 758 758 729 759 760 761 761
731 762 763 764 733 765 765 766 735 767 736 768 769 769 770 770 739 771 771 741 772 773 774 743 775 776 777 777 778 779 747 748 749 780 751 781 781 782 783 784 755 756 785 786 786 787 759 760 788 788
789 790 763 764 791 792 792 766 793 794 795 768 796 796 797 798 798 799 799 800 772 773 801 801 775 776 802 802 778 779 803 804 804 780 805 806 807 807 783 784 808 809 785 810 810 787 811 811 812 812
789 790 813 814 791 815 815 816 793 794 795 817 818 818 797 819 820 820 821 800 822 823 824 824 825 826 826 827 828 829 829 830 830 831 805 806 832 833 833 834 808 835 835 836 836 837 838 838 839 839
840 840 841 814 842 842 843 844 845 846 846 817 847 847 848 849 849 850 851 851 822 823 852 852 825 853 853 827 854 854 855 856 857 831 858 858 832 859 860 861 861 862 863 864 865 866 867 867 868 869
870 871 841 872 873 873 843 844 845 874 875 876 877 878 878 879 880 880 881 882 882 883 884 885 885 886 886 887 888 889 855 856 857 890 891 892 893 859 894 894 895 862 863 864 865 866 896 897 868 869
870 871 898 872 899 900 901 902 902 874 875 876 877 903 903 879 904 904 905 906 907 883 884 908 909 910 910 887 888 889 911 912 912 890 891 892 893 913 914 915 895 916 917 917 918 918 896 897 919 920
921 921 922 923 899 924 901 925 925 926 927 927 928 929 929 930 931 931 905 906 932 932 933 908 909 934 934 935 936 937 937 938 939 939 940 941 942 942 914 915 943 944 945 945 946 947 947 948 919 920
949 950 922 923 951 924 952 952 953 953 954 954 928 955 955 956 957 957 958 958 959 959 933 960 961 962 963 935 964 965 966 938 967 967 940 941 968 969 969 970 970 944 971 971 946 972 972 948 973 973
949 950 974 975 975 976 976 977 978 978 979 980 981 981 982 956 983 983 984 984 985 986 986 960 961 962 987 987 964 965 966 988 988 989 989 990 968 991 992 992 993 994 995 996 997 998 999 999 1000 1000
1001 1002 1002 1003 1004 1004 1005 1006 1007 1008 979 980 1009 1010 1010 1011 1012 1013 1014 1014 985 1015 1015 1016 1017 1017 1018 1018 1019 1020 1020 1021 1022 1022 1023 1023 1024 991 1025 1026 993 994 995 996 1027 998 1028 1028 1029 1030
1031 1031 1032 1032 1033 1034 1005 1006 1007 1008 1035 1036 1009 1037 1038 1011 1012 1013 1039 1040 1041 1042 1042 1043 1043 1044 1044 1045 1019 1046 1046 1021 1047 1048 1048 1049 1050 1050 1025 1051 1052 1053 1054 1054 1027 1055 1055 1056 1029 1030
1057 1057 1058 1059 1060 1034 1061 1062 1063 1063 1035 1064 1064 1037 1038 1065 1065 1066 1066 1040 1041 1067 1067 1068 1068 1069 1070 1045 1071 1071 1072 1073 1047 1074 1074 1049 1075 1076 1076 1051 1077 1053 1078 1079 1080 1081 1082 1056 1083 1083
1084 1084 1058 1059 1060 1085 1061 1086 1087 1088 1089 1089 1090 1090 1091 1091 1092 1093 1093 1094 1095 1095 1096 1096 1097 1069 1098 1098 1099 1100 1100 1073 1101 1101 1102 1103 1104 1104 1105 1105 1077 1106 1078 1079 1107 1081 1082 1108 1108 1109
1110 1111 1111 1112 1113 1114 1114 1086 1087 1088 1115 1115 1116 1116 1117 1118 1092 1119 1120 1094 1121 1122 1123 1123 1097 1124 1124 1125 1099 1126 1126 1127 1128 1128 1102 1103 1129 1129 1130 1131 1131 1132 1133 1133 1107 1134 1134 1135 1135 1109
1110 1136 1137 1112 1138 1139 1140 1140 1141 1141 1142 1143 1144 1145 1145 1118 1146 1147 1120 1148 1121 1122 1149 1149 1150 1151 1151 1152 1152 1153 1154 1127 1155 1156 1157 1157 1158 1158 1130 1159 1159 1132 1160 1161 1162 1162 1163 1164 1165 1166
1167 1168 1137 1169 1138 1170 1171 1172 1172 1173 1142 1143 1174 1174 1175 1175 1146 1147 1176 1148 1177 1178 1179 1179 1150 1180 1180 1181 1181 1153 1154 1182 1182 1156 1183 1184 1185 1186 1186 1187 1188 1189 1160 1161 1190 1191 1163 1164 1165 1166
1167 1168 1192 1169 1193 1170 1194 1195 1196 1173 1197 1198 1199 1200 1200 1201 1202 1202 1203 1203 1177 1178 1204 1205 1205 1206 1206 1207 1207 1208 1208 1209 1210 1211 1211 1184 1185 1212 1212 1187 1188 1213 1213 1214 1215 1191 1216 1216 1217 1218
1219 1219 1192 1220 1220 1221 1194 1195 1196 1222 1197 1198 1223 1223 1224 1201 1225 1225 1226 1226 1227 1228 1229 1229 1230 1231 1232 1232 1233 1234 1234 1209 1210 1235 1236 1236 1237 1237 1238 1239 1240 1240 1241 1242 1215 1243 1244 1245 1217 1218
1246 1246 1247 1248 1248 1221 1249 1250 1251 1222 1252 1253 1254 1255 1255 1256 1256 1257 1258 1259 1260 1228 1261 1262 1230 1231 1263 1264 1264 1265 1265 1266 1267 1268 1269 1270 1270 1271 1238 1239 1272 1273 1241 1242 1274 1275 1244 1245 1276 1276
1277 1277 1247 1278 1279 1280 1249 1250 1281 1282 1282 1253 1254 1283 1284 1285 1285 1257 1258 1259 1260 1286 1286 1262 1287 1288 1289 1290 1291 1292 1293 1293 1267 1268 1269 1294 1294 1271 1295 1295 1272 1273 1296 1296 1274 1275 1297 1298 1299 1299
1300 1301 1301 1278 1279 1302 1302 1303 1281 1304 1305 1306 1307 1283 1284 1308 1308 1309 1309 1310 1311 1312 1313 1314 1287 1288 1289 1290 1291 1292 1315 1315 1316 1316 1317 1317 1318 1319 1320 1320 1321 1322 1323 1324 1325 1326 1297 1298 1327 1327
1300 1328 1328 1329 1330 1330 1331 1303 1332 1332 1305 1306 1307 1333 1333 1334 1334 1335 1335 1310 1311 1312 1313 1314 1336 1337 1337 1338 1338 1339 1339 1340 1340 1341 1341 1342 1318 1319 1343 1343 1321 1322 1323 1324 1325 1344 1344 1345 1346 1346
0 37 52 8 19 29 78 90 89 24 2 30 75 88 48 93 39 7 25 15 61 55 21 23 55 10 19 22 23 90 51 78 31 44 7 73 37 91 11 30 68 33 82 73 77 43 82 73 25 75
67 86 29 72 38 25 0 78 81 93 11 32 75 69 48 27 97 48 22 66 76 93 39 80 20 37 19 3 83 49 21 69 18 96 29 80 60 31 16 60 24 84 87 22 87 88 72 1 82 28
72 34 15 88 35 98 39 22 56 23 87 60 9 45 67 1 65 36 72 36 83 94 68 66 44 86 56 38 49 13 42 42 93 74 72 87 40 0 72 65 49 28 87 35 62 37 26 18 27 15
93 52 39 82 37 60 85 32 74 94 61 20 96 50 73 71 18 19 12 58 38 19 34 84 37 33 45 93 55 7 93 83 58 77 29 42 35 36 86 8 48 71 76 7 64 15 36 13 97 72
23 32 14 76 30 6 40 86 65 46 64 52 35 8 68 41 6 77 41 55 89 21 80 79 85 51 24 17 70 72 16 33 99 83 76 15 66 3 46 0 70 37 12 52 36 48 82 44 26 54
6 5 66 11 3 46 26 31 44 1 83 98 74 57 27 45 6 91 70 1 20 53 48 48 79 12 78 58 70 15 59 96 53 75 38 39 77 44 79 89 38 89 63 50 82 91 77 78 4 52
96 59 11 35 35 13 30 18 86 10 74 9 46 44 86 28 23 38 90 58 78 27 43 94 66 34 49 79 25 29 34 15 76 15 61 17 29 39 0 68 47 27 26 35 87 70 7 77 50 1
26 73 78 50 39 25 7 7 92 8 16 25 4 1 28 82 3 54 12 86 71 54 74 12 7 98 75 37 67 86 39 74 13 55 51 44 84 27 49 7 98 72 82 12 30 20 73 63 42 24
50 1 37 39 13 80 80 1 33 7 26 49 5 35 66 30 12 2 75 61 10 80 19 81 57 95 24 31 20 16 0 22 93 62 35 24 42 62 80 95 12 20 38 20 41 22 20 55 64 71
9 26 91 16 54 49 65 89 24 49 23 62 48 71 5 94 30 24 88 73 38 36 73 88 15 75 92 8 53 6 57 76 9 82 38 6 42 68 1 92 58 57 54 48 13 22 92 50 63 28
2 42 46 31 23 79 51 82 72 75 78 46 83 75 62 5 55 3 77 38 53 24 15 84 21 32 75 37 55 9 23 84 15 7 48 49 48 5 3 12 94 14 46 39 55 50 88 28 21 87
68 69 61 68 41 56 12 63 80 8 83 48 77 60 38 22 21 61 9 47 75 50 3 42 98 46 37 72 96 54 90 77 94 85 77 92 69 43 75 99 94 8 88 63 41 8 21 25 44 8
12 17 90 95 77 28 89 95 28 97 73 15 73 68 53 23 59 39 14 8 93 91 47 0 53 20 42 9 97 22 38 23 17 72 0 37 19 47 86 38 41 55 60 54 61 33 34 74 25 1
71 42 77 90 38 4 54 62 56 54 17 20 60 99 16 37 31 92 9 46 2 56 79 45 14 74 77 39 65 37 14 14 36 62 0 67 63 39 52 49 1 91 83 69 63 87 21 57 37 30
99 11 99 94 56 61 4 95 75 17 41 18 77 10 36 91 36 52 94 20 57 17 89 22 63 10 35 29 8 48 73 65 16 40 87 3 22 52 75 46 46 21 33 91 38 68 52 43 0 36
44 47 76 10 77 82 81 16 18 51 35 23 59 62 44 60 48 8 24 46 74 28 36 42 78 60 59 25 1 8 11 60 97 97 85 12 47 14 11 96 53 99 43 8 65 6 71 80 54 63
54 71 97 29 76 72 52 35 24 58 76 71 46 40 69 33 25 35 91 93 50 47 14 73 67 31 32 25 24 75 52 65 53 11 49 23 59 7 25 88 64 75 79 5 99 75 82 77 13 63
68 0 0 78 24 19 80 79 37 54 27 19 54 49 91 91 66 81 18 71 82 63 88 28 21 40 55 48 49 34 27 73 77 47 5 92 35 88 50 30 3 75 12 34 65 76 11 81 35 17
37 85 49 38 59 40 44 44 84 0 31 51 3 5 75 17 16 61 1 36 93 49 54 59 3 84 84 21 23 78 57 59 82 53 7 7 69 82 34 53 10 15 77 79 20 72 0 46 16 0
98 85 55 45 2 27 49 2 65 6 26 58 56 21 65 44 9 73 93 88 78 4 17 71 16 24 99 80 62 15 35 91 59 56 26 5 12 55 29 72 51 65 99 57 56 44 27 7 72 20
46 17 56 48 22 40 64 29 55 43 15 9 98 37 48 3 67 15 21 73 90 46 78 79 97 53 31 85 43 80 60 36 69 61 24 26 6 62 26 65 12 75 49 21 8 60 68 56 5 18
25 26 6 93 11 38 41 81 72 70 73 67 87 24 42 3 57 91 77 81 24 27 57 94 77 23 44 69 48 45 50 37 8 65 58 13 96 40 64 16 0 83 7 94 90 35 92 83 45 3
15 74 23 84 53 89 26 6 13 96 26 46 22 2 44 61 19 39 61 35 11 14 16 11 89 65 11 66 23 56 52 71 60 73 90 41 94 62 16 54 55 40 28 78 13 21 93 18 79 66
52 2 14 70 76 4 45 30 2 13 78 64 62 20 81 23 28 83 27 40 27 70 31 13 8 45 96 8 95 10 37 78 2 50 91 85 65 53 11 52 45 87 19 46 84 51 32 40 74 31
56 9 55 33 78 97 98 6 56 0 75 91 60 84 36 79 26 91 49 95 64 72 1 87 34 11 82 36 68 68 27 55 97 7 17 71 91 3 56 89 54 89 77 82 22 14 11 51 92 7
50 20 53 30 41 24 91 46 16 43 2 64 96 17 36 74 72 40 72 25 9 96 71 89 35 24 38 52 6 69 91 85 70 8 63 59 5 12 79 93 93 87 15 85 2 97 55 18 23 56
70 16 18 45 70 17 91 13 97 40 54 8 1 32 78 67 55 75 25 13 93 2 73 14 41 83 62 32 13 34 25 31 93 65 14 17 9 42 57 50 88 61 36 67 78 58 54 96 37 41
91 28 45 36 3 1 4 60 70 82 2 35 70 26 49 96 16 5 15 64 46 35 19 67 67 4 40 14 85 39 50 69 91 11 77 74 1 31 62 84 66 26 14 59 53 73 59 61 91 35
51 20 70 72 95 78 19 63 33 51 39 81 35 91 82 64 81 28 59 2 27 36 8 64 88 9 81 30 48 98 26 68 88 85 54 48 90 45 12 10 63 7 75 9 23 90 64 6 99 14
4 18 27 98 40 36 65 95 45 54 32 98 23 31 25 6 51 1 40 49 59 30 4 27 61 60 24 60 36 57 61 59 44 4 47 13 49 67 14 26 54 18 14 90 22 18 16 55 64 62
31 33 58 86 82 34 65 8 90 13 85 13 75 94 79 50 56 83 40 63 96 98 18 1 0 5 84 97 58 82 77 20 0 1 26 97 99 22 65 57 68 17 69 42 94 20 59 95 53 99
44 65 21 48 15 23 61 67 41 75 28 87 78 92 11 26 21 75 94 98 60 49 66 97 76 89 58 49 29 91 62 65 15 16 91 60 75 53 3 19 74 95 62 62 0 29 49 1 80 54
42 76 37 62 38 29 22 17 55 65 76 80 95 31 45 35 31 12 82 47 39 11 80 31 94 78 34 26 98 92 43 11 96 66 29 97 69 40 77 57 36 60 18 17 44 12 36 76 82 89
47 54 1 15 37 63 31 99 86 76 14 52 44 85 70 52 73 93 49 44 60 82 54 26 30 9 48 63 75 6 65 57 93 87 49 84 9 10 80 77 63 61 18 42 53 83 89 21 49 85
40 3 38 72 49 53 91 50 6 99 94 85 54 85 1 44 71 58 97 98 85 26 44 8 39 76 14 49 58 97 52 74 60 84 63 49 97 26 11 1 8 11 10 52 9 1 17 27 73 25
42 52 22 91 89 21 9 90 65 15 28 15 31 95 69 43 39 64 23 43 8 92 81 19 89 29 20 9 34 29 12 15 31 69 77 68 6 3 61 66 26 39 48 36 26 57 80 46 3 50
96 57 15 20 97 89 40 60 78 68 88 98 99 32 99 28 9 52 47 13 43 96 88 62 99 35 9 94 6 97 56 22 19 3 28 30 79 68 73 18 20 91 60 60 77 79 75 92 78 45
50 45 65 82 87 25 83 75 61 7 26 39 79 30 37 17 5 83 31 91 28 18 43 11 23 44 37 1 73 43 58 98 80 3 39 90 49 34 74 89 24 93 47 88 41 97 75 49 55 99
23 6 50 60 37 87 38 49 53 49 78 4 46 40 36 93 94 71 11 60 48 46 84 49 93 15 66 98 64 17 16 17 8 67 73 3 85 38 24 84 23 26 35 90 69 43 61 18 30 1
7 15 69 23 49 4 84 10 19 2 21 97 51 37 17 48 41 60 14 65 42 78 27 75 82 13 22 67 1 74 39 79 41 59 54 47 20 20 35 86 75 65 96 21 7 16 33 6 11 82
98 20 72 55 99 63 42 50 37 99 32 30 61 81 90 41 64 94 18 69 33 20 92 20 11 14 10 14 21 97 55 5 80 1 62 91 35 74 82 22 92 88 40 7 10 9 86 46 62 30
42 45 96 0 26 96 35 30 63 92 42 49 18 61 70 39 34 37 79 51 10 66 65 90 27 40 21 63 47 5 85 42 21 46 97 31 20 14 54 83 10 72 49 80 8 89 35 78 59 22
17 35 76 42 52 82 37 16 45 23 40 55 12 8 61 48 22 17 98 86 46 21 5 58 37 9 65 66 26 86 10 9 0 97 76 41 63 93 89 26 38 40 14 29 22 83 59 26 43 3
84 75 32 12 60 35 18 80 47 33 33 0 2 6 21 28 69 44 89 53 13 8 89 0 11 42 44 39 34 54 25 84 77 47 6 21 74 31 71 31 45 55 0 41 70 75 71 51 23 36
97 75 39 51 75 30 47 56 9 45 56 99 37 38 1 94 0 34 53 80 48 80 55 32 72 7 18 38 3 25 86 54 44 81 46 65 56 44 53 0 71 58 27 82 90 52 72 49 83 81
51 75 5 71 99 70 72 23 97 22 38 28 31 64 33 28 61 30 3 72 7 46 67 86 48 49 53 18 80 50 26 72 29 16 7 36 48 4 22 27 58 88 3 49 57 91 59 95 32 34
33 6 33 83 57 62 50 59 57 33 4 45 46 39 40 69 70 19 80 87 26 31 22 75 79 87 92 20 56 16 96 52 41 10 65 42 36 23 65 29 12 16 68 84 14 62 87 75 89 53
42 56 2 66 53 90 40 53 98 85 22 81 68 22 38 4 99 95 65 10 89 64 65 61 68 44 71 82 81 86 46 96 33 43 16 15 43 3 46 60 44 85 92 27 31 20 56 90 77 51
87 50 49 76 27 36 49 58 33 31 40 5 98 82 62 0 0 16 59 28 11 6 51 89 78 20 18 13 37 38 62 49 74 17 82 33 38 60 53 52 82 84 20 75 61 70 20 22 87 77
78 24 12 36 87 66 79 30 62 51 91 8 98 21 35 70 66 64 89 94 98 76 93 94 30 86 93 30 6 35 28 93 96 3 60 70 20 1 98 74 81 52 83 63 62 14 8 31 42 17
