47 5
0 1 2 3 3 4 5 6 6 7 8 8 9 9 10 10 11 12 13 13 14 14 15 15 16 17 18 19 20 21 21 22 23 23 24 25 25 26 26 27 27 28 29 29 30 31 31 32 32 33
0 1 2 34 35 36 5 37 37 7 38 39 39 40 40 41 11 42 43 44 44 45 45 46 47 17 18 19 20 48 48 22 49 49 50 51 51 52 53 53 54 28 55 55 30 56 56 57 58 58
59 59 60 61 35 36 62 63 64 65 38 66 66 67 67 41 68 42 69 69 70 71 72 46 47 73 73 74 74 75 76 76 77 77 50 78 78 79 79 80 54 81 82 82 83 84 85 85 86 86
87 88 60 61 89 89 62 90 64 65 91 92 93 93 94 95 95 96 96 97 70 71 72 98 98 99 99 100 101 102 103 104 104 105 105 106 107 107 108 80 109 110 111 112 83 113 114 114 115 115
87 116 116 117 117 118 118 90 119 119 91 120 120 121 122 122 123 124 124 97 125 126 126 127 128 129 129 130 101 102 103 131 131 132 133 133 134 135 108 136 109 110 111 112 137 113 138 138 139 139
140 141 141 142 143 144 144 145 146 147 147 148 148 121 149 149 123 150 151 152 153 154 154 127 155 156 157 130 158 158 159 160 160 161 161 162 162 135 163 164 165 166 166 167 167 168 169 170 171 172
140 173 173 142 143 174 174 145 146 175 175 176 177 177 178 178 179 179 151 152 153 180 181 182 155 183 157 184 184 185 159 186 186 187 188 189 190 190 163 164 165 191 191 192 193 194 169 195 171 172
196 196 197 198 199 200 200 201 201 202 202 203 203 204 204 205 205 206 207 208 209 210 181 211 211 183 212 213 213 185 214 214 215 187 188 216 216 217 218 218 219 219 220 221 193 194 222 195 223 224
225 225 197 198 199 226 226 227 228 229 229 230 231 231 232 233 233 206 207 208 209 210 234 235 235 236 212 237 237 238 238 239 239 240 240 241 241 217 242 242 243 243 220 221 244 244 222 245 223 224
246 247 248 249 250 251 251 227 228 252 252 230 253 254 232 255 255 256 257 257 258 258 259 260 260 236 261 262 263 264 264 265 265 266 266 267 268 269 270 270 271 271 272 272 273 274 274 245 275 275
246 247 248 249 276 277 278 278 279 279 280 280 253 254 281 282 282 256 283 283 284 285 259 286 286 287 261 262 263 288 288 289 290 290 291 292 268 269 293 294 294 295 295 296 296 297 298 298 299 299
300 301 301 302 276 277 303 304 305 305 306 307 307 308 281 309 310 311 312 312 284 285 313 314 314 287 315 316 316 317 317 318 319 320 291 292 321 321 293 322 322 323 324 324 325 325 326 327 327 328
300 329 330 331 332 333 303 334 335 335 306 336 336 308 337 309 338 311 339 339 340 341 313 342 343 344 315 345 345 346 346 318 319 320 347 348 349 349 350 351 351 352 352 353 354 354 326 355 356 328
357 329 358 331 332 333 359 334 360 361 362 363 364 365 366 367 338 368 368 369 369 341 370 342 371 344 372 373 374 374 375 375 376 376 347 348 377 378 350 379 379 380 381 381 382 383 383 355 356 384
357 385 358 386 387 387 388 388 360 361 362 363 364 365 366 367 389 389 390 390 391 392 393 394 371 395 372 373 396 397 398 398 399 399 400 400 401 378 402 402 403 403 404 405 382 406 407 408 409 384
410 411 411 412 413 414 414 415 416 416 417 418 419 419 420 420 421 422 423 424 391 392 393 394 425 395 426 426 396 397 427 427 428 429 430 430 401 431 432 433 434 435 404 405 436 406 407 408 409 437
410 438 438 412 439 440 440 415 441 441 417 418 442 443 443 444 421 422 423 424 445 445 446 447 425 448 448 449 450 451 452 453 428 454 454 455 456 431 432 433 457 435 458 458 436 459 459 460 460 437
461 462 463 464 439 465 465 466 467 468 469 470 442 471 471 444 472 472 473 473 474 474 446 475 475 476 476 449 450 451 452 477 478 478 479 455 456 480 481 482 457 483 484 484 485 486 486 487 487 488
489 462 463 464 490 491 491 466 467 468 469 470 492 492 493 494 495 495 496 496 497 497 498 499 500 501 501 502 503 504 504 477 505 506 506 507 508 508 481 482 509 483 510 510 485 511 511 512 513 514
489 515 515 516 516 517 517 518 518 519 520 520 521 522 493 494 523 523 524 524 525 526 526 499 500 527 528 502 503 529 529 530 505 531 532 532 533 534 534 535 509 536 537 538 539 540 541 512 513 514
542 542 543 544 544 545 546 546 547 519 548 548 521 522 549 549 550 551 552 553 525 554 555 555 556 557 528 558 559 560 560 530 561 562 562 563 563 564 565 566 566 567 537 538 539 540 541 568 568 569
570 571 572 573 573 574 574 575 575 576 577 578 579 579 580 581 550 551 552 553 582 554 583 584 556 557 585 558 559 586 586 587 587 588 589 589 590 564 565 591 591 567 592 593 593 594 595 595 596 569
570 571 572 597 597 598 599 600 601 576 577 602 603 604 604 581 605 606 607 607 582 608 609 584 610 611 585 612 612 613 613 614 614 615 615 616 616 617 618 618 619 619 592 620 620 594 621 621 596 622
623 623 624 625 626 598 599 600 627 628 628 602 629 629 630 630 605 631 632 633 633 608 609 634 610 611 635 636 636 637 638 639 639 640 641 642 643 617 644 644 645 645 646 647 647 648 648 649 649 622
650 651 624 625 652 653 653 654 627 655 656 657 658 659 660 661 662 631 632 663 663 664 664 634 665 665 666 666 667 637 668 669 669 640 670 642 643 671 671 672 672 673 646 674 674 675 676 676 677 677
650 651 678 678 652 679 680 680 681 681 656 657 658 659 660 661 662 682 682 683 683 684 685 685 686 687 688 688 689 689 668 690 690 691 670 692 693 694 694 695 696 673 697 697 698 698 699 700 701 702
703 704 705 705 706 679 707 708 708 709 710 711 712 712 713 714 715 715 716 717 718 684 719 719 686 687 720 721 722 722 723 724 725 725 726 726 693 727 727 695 696 728 729 730 730 731 699 700 701 732
703 704 733 734 735 736 737 738 739 739 710 740 740 741 713 742 743 744 716 717 718 745 745 746 747 747 720 721 748 748 723 724 749 750 750 751 752 752 753 754 754 728 729 755 755 731 756 756 757 732
758 758 733 734 735 736 737 738 759 760 760 761 762 741 763 742 743 744 764 765 766 767 767 768 769 769 770 771 772 773 773 774 775 776 777 751 778 779 780 780 781 782 783 784 784 785 786 786 787 788
789 790 790 791 792 792 793 794 759 795 795 761 762 796 763 797 797 798 764 765 799 800 801 768 802 803 770 771 772 804 804 774 775 776 805 805 778 779 806 806 781 782 783 807 807 785 808 809 787 788
810 810 811 812 812 813 793 794 814 814 815 816 816 796 817 818 818 798 819 820 799 800 821 822 802 823 824 825 825 826 827 827 828 829 830 830 831 831 832 832 833 833 834 835 836 836 837 809 838 838
839 840 811 841 842 813 843 843 844 845 815 846 847 847 848 849 850 851 819 820 852 852 821 853 854 823 824 855 855 826 856 856 828 857 857 858 859 860 861 862 862 863 834 864 865 866 837 867 868 869
839 870 871 871 842 872 873 874 844 845 875 846 876 876 848 849 850 851 877 877 878 878 879 853 854 880 881 882 883 884 884 885 886 887 887 858 859 860 861 888 888 889 889 864 890 866 891 891 868 869
892 870 893 893 894 872 873 895 895 896 897 897 898 899 900 901 902 903 903 904 905 906 879 907 907 908 881 882 883 909 909 885 886 910 910 911 912 912 913 913 914 915 915 916 890 917 918 918 919 920
921 922 923 924 925 925 926 926 927 928 928 929 898 930 900 901 931 932 933 933 905 906 934 935 935 908 936 937 937 938 939 939 940 941 942 911 943 944 944 945 914 946 946 916 947 917 948 949 919 920
921 922 923 924 950 951 952 952 953 953 954 929 955 930 956 956 931 932 957 958 959 960 934 961 961 962 936 963 964 964 965 965 940 941 942 966 943 967 967 945 968 969 970 970 971 971 972 949 973 973
974 975 975 976 950 977 978 978 979 979 954 980 980 981 982 982 983 983 957 958 959 984 984 985 986 962 987 987 988 988 989 990 990 991 991 966 992 993 994 995 996 969 997 997 998 998 972 999 999 1000
1001 1001 1002 976 1003 977 1004 1005 1005 1006 1006 1007 1008 981 1009 1009 1010 1011 1012 1013 1013 1014 1015 1015 986 1016 1017 1018 1019 1020 1020 1021 1021 1022 1023 1024 992 993 1025 995 996 1026 1027 1027 1028 1029 1030 1030 1031 1000
1032 1033 1034 1035 1035 1036 1037 1038 1038 1039 1039 1007 1008 1040 1041 1041 1010 1011 1012 1042 1043 1043 1044 1044 1045 1016 1017 1018 1019 1046 1046 1047 1047 1022 1048 1024 1049 1050 1025 1051 1051 1026 1052 1052 1028 1029 1053 1053 1054 1054
1055 1033 1034 1056 1057 1058 1037 1059 1059 1060 1061 1062 1063 1040 1064 1065 1066 1067 1068 1068 1069 1069 1070 1070 1045 1071 1072 1073 1074 1074 1075 1075 1076 1077 1048 1078 1078 1050 1079 1079 1080 1080 1081 1082 1083 1084 1085 1086 1087 1087
1055 1088 1089 1056 1057 1058 1090 1091 1091 1060 1061 1062 1063 1092 1064 1065 1066 1093 1093 1094 1094 1095 1095 1096 1097 1071 1072 1098 1098 1099 1100 1100 1076 1077 1101 1102 1103 1104 1105 1105 1106 1107 1107 1082 1108 1084 1085 1109 1109 1110
1111 1112 1089 1113 1113 1114 1114 1115 1116 1117 1118 1118 1119 1119 1120 1120 1121 1122 1123 1123 1124 1125 1126 1126 1097 1127 1128 1129 1129 1099 1130 1131 1131 1132 1133 1102 1103 1104 1134 1135 1106 1136 1136 1137 1108 1138 1139 1139 1140 1110
1141 1112 1142 1142 1143 1144 1145 1115 1116 1117 1146 1147 1148 1148 1149 1149 1121 1122 1150 1150 1124 1151 1151 1152 1152 1127 1153 1154 1154 1155 1130 1156 1157 1157 1133 1158 1158 1159 1134 1135 1160 1160 1161 1161 1162 1163 1164 1165 1140 1166
1141 1167 1168 1169 1143 1144 1170 1171 1172 1173 1146 1147 1174 1175 1175 1176 1176 1177 1178 1178 1179 1180 1181 1181 1182 1183 1153 1184 1184 1155 1185 1186 1187 1188 1188 1189 1190 1159 1191 1191 1192 1193 1193 1194 1195 1163 1164 1165 1196 1197
1198 1167 1168 1169 1199 1200 1170 1171 1172 1173 1201 1202 1202 1203 1204 1205 1205 1206 1207 1208 1179 1180 1209 1210 1182 1211 1211 1212 1213 1213 1185 1186 1187 1214 1214 1189 1190 1215 1216 1216 1192 1217 1218 1218 1195 1219 1220 1220 1196 1197
1198 1221 1221 1222 1199 1200 1223 1224 1224 1225 1226 1227 1227 1203 1204 1228 1229 1206 1230 1208 1231 1232 1233 1210 1234 1234 1235 1236 1236 1237 1237 1238 1238 1239 1240 1241 1241 1242 1242 1243 1243 1217 1244 1244 1245 1219 1246 1247 1248 1249
1250 1250 1251 1222 1252 1253 1223 1254 1255 1256 1226 1257 1257 1258 1259 1228 1229 1260 1230 1261 1231 1232 1233 1262 1263 1264 1235 1265 1265 1266 1267 1268 1268 1239 1269 1270 1271 1272 1272 1273 1274 1274 1275 1275 1276 1276 1246 1277 1248 1249
1278 1278 1251 1279 1252 1280 1281 1254 1255 1256 1282 1283 1283 1258 1284 1284 1285 1286 1286 1261 1287 1288 1289 1262 1263 1264 1290 1290 1291 1266 1267 1292 1292 1293 1269 1270 1271 1294 1294 1273 1295 1296 1296 1297 1297 1298 1298 1277 1299 1300
1301 1301 1302 1302 1303 1280 1304 1304 1305 1306 1307 1308 1309 1310 1310 1311 1312 1313 1313 1314 1287 1288 1289 1315 1315 1316 1316 1317 1291 1318 1319 1320 1321 1293 1322 1322 1323 1323 1324 1325 1326 1326 1327 1328 1329 1330 1330 1331 1299 1332
1333 1333 1334 1334 1303 1335 1335 1336 1305 1306 1307 1308 1309 1337 1337 1311 1312 1338 1339 1339 1340 1340 1341 1341 1342 1343 1343 1344 1344 1318 1319 1320 1321 1345 1346 1346 1347 1347 1324 1325 1348 1348 1327 1328 1329 1349 1349 1350 1350 1332
29 44 55 22 47 58 25 47 22 19 15 43 29 56 94 47 17 56 37 43 49 35 40 95 52 15 79 83 11 16 70 99 78 55 11 38 41 17 92 18 92 16 40 57 11 93 98 50 95 4
74 53 36 36 65 28 52 90 91 17 24 89 80 13 33 38 63 25 13 17 7 33 81 68 81 75 65 47 7 16 25 93 7 34 98 14 21 23 98 3 68 33 65 91 28 65 38 42 24 22
25 82 34 9 55 22 1 98 21 84 74 20 90 93 89 47 41 6 21 11 62 89 4 45 28 60 7 39 34 61 89 87 6 1 81 46 54 78 99 49 2 4 13 74 96 75 16 42 79 42
93 7 20 15 45 44 20 30 28 80 2 38 50 74 64 12 23 71 22 29 95 3 52 40 69 97 30 84 59 8 39 86 95 70 80 90 68 80 17 67 52 49 40 83 91 38 24 28 51 79
90 32 91 99 54 93 4 14 6 89 56 66 79 84 20 63 87 70 37 41 79 69 19 11 44 84 35 40 8 52 88 88 72 52 81 46 64 34 62 92 40 1 85 7 2 63 44 44 31 67
22 57 26 53 68 78 20 46 35 35 9 69 48 63 76 69 71 93 10 77 13 70 44 57 15 8 7 42 96 15 63 47 80 55 70 85 47 54 87 46 92 1 79 31 6 89 78 69 67 20
15 4 98 24 29 77 6 90 85 52 42 35 15 27 82 70 16 94 93 3 16 94 4 2 40 36 62 64 58 88 56 27 21 86 3 67 92 98 15 91 15 16 52 2 99 80 38 73 43 55
36 62 6 20 60 99 84 90 80 63 68 99 11 85 74 71 90 22 33 28 41 8 76 51 87 11 19 40 5 41 98 55 87 74 11 4 35 51 51 8 1 57 7 14 92 19 55 86 16 87
37 17 11 9 59 77 6 22 1 9 63 59 91 54 90 17 0 93 42 75 43 92 13 16 58 9 25 47 79 96 12 1 88 3 98 49 22 23 76 63 44 15 17 37 42 2 33 60 35 82
79 21 2 48 6 99 61 49 65 20 39 57 42 55 15 16 4 6 52 40 94 22 20 61 0 89 38 38 43 43 26 33 49 51 47 84 20 96 50 61 78 24 96 67 78 7 88 61 44 98
96 16 0 30 66 76 47 16 66 78 33 60 28 47 45 8 24 9 17 15 45 47 81 34 8 37 6 1 78 16 46 16 13 32 13 8 86 0 49 4 53 25 47 80 14 91 44 98 45 48
72 66 89 43 46 65 5 74 66 71 47 99 12 47 85 71 79 80 98 50 46 16 10 50 47 6 34 9 64 57 91 9 0 15 80 18 98 45 40 67 27 36 42 35 65 92 77 41 72 5
26 11 10 63 94 52 72 86 76 47 72 68 9 29 25 58 23 86 23 15 77 36 91 12 81 67 16 72 44 89 15 85 89 80 57 55 56 71 93 60 67 94 18 15 44 39 66 4 81 27
88 10 39 81 92 96 46 75 48 56 84 83 57 69 76 75 38 1 66 64 9 52 10 93 37 78 85 60 63 88 77 15 37 34 81 90 65 45 14 11 71 53 63 47 71 45 82 36 91 47
37 41 53 53 78 91 1 46 63 79 81 93 7 71 66 50 93 43 97 71 89 56 74 30 47 24 37 5 10 98 37 96 53 10 5 41 56 44 72 64 73 31 76 65 24 68 81 2 89 62
82 95 27 76 21 79 82 55 29 58 78 18 93 79 26 65 91 25 31 15 73 82 61 16 14 83 23 1 93 11 81 73 33 99 75 75 68 8 28 70 58 17 28 87 61 20 80 65 77 45
96 23 86 42 74 52 39 11 78 1 19 5 36 63 69 89 79 27 95 54 72 76 7 87 83 38 15 47 67 9 28 70 96 10 81 86 37 4 52 89 39 97 71 80 50 79 33 81 7 93
64 38 41 15 11 49 49 98 10 99 78 46 21 85 71 60 6 88 65 52 55 70 93 9 7 71 5 83 30 84 61 92 98 66 36 89 17 11 50 23 41 98 37 68 79 61 10 64 42 56
93 4 86 71 3 5 73 34 51 68 16 30 21 18 51 70 94 44 8 33 62 76 72 86 89 64 78 39 98 82 18 86 51 94 22 45 3 86 47 34 40 29 10 60 26 43 28 46 15 45
49 17 53 89 96 51 20 36 35 87 80 59 91 60 9 15 0 82 36 94 78 56 62 71 62 84 92 87 79 63 0 6 87 26 11 29 97 80 63 65 72 15 90 52 59 72 62 79 6 62
14 50 45 97 81 7 86 62 52 50 9 63 59 55 90 67 60 56 79 6 90 49 63 82 97 30 59 64 49 10 61 67 87 82 42 21 28 58 80 55 80 72 60 71 89 78 56 58 0 8
54 18 98 87 12 74 38 88 75 69 5 88 72 61 50 59 13 78 98 71 88 7 42 87 38 97 26 47 20 44 52 41 86 86 9 44 18 23 6 36 2 23 15 9 87 98 34 59 0 28
70 63 54 26 68 98 2 19 59 19 27 6 26 74 16 93 53 2 3 39 22 62 92 3 59 45 69 51 71 14 58 8 82 99 81 87 42 41 88 93 10 9 92 22 56 59 33 89 21 89
48 62 24 27 93 57 96 0 69 10 31 14 2 87 27 58 9 19 23 66 55 45 28 0 67 55 56 84 19 49 37 72 64 56 34 35 65 23 47 81 42 73 23 93 36 72 8 65 17 62
30 57 63 25 65 71 70 97 75 96 19 82 91 57 5 35 37 15 55 14 9 20 51 53 16 28 51 29 90 85 59 91 5 32 70 1 17 70 7 31 57 74 49 80 71 23 33 1 38 38
34 56 49 79 71 74 78 35 57 95 80 16 46 98 44 52 73 91 95 49 38 45 90 3 49 85 80 77 81 64 16 84 19 98 35 4 5 97 70 72 72 42 80 91 14 79 82 97 48 10
34 73 70 76 93 54 24 99 42 17 26 74 8 9 57 59 27 93 64 13 92 15 2 89 28 58 13 12 53 38 41 99 35 0 29 84 80 82 55 30 29 76 44 18 20 54 87 2 46 18
74 43 51 17 36 99 45 92 78 38 28 26 81 27 12 98 34 79 42 99 65 35 47 70 30 58 24 36 33 41 16 34 4 50 90 14 46 42 94 1 39 48 69 6 31 52 2 41 58 90
19 62 57 44 6 47 48 30 69 90 1 2 44 68 50 54 46 81 75 26 3 16 13 53 6 85 20 78 80 3 90 33 17 56 68 21 1 17 16 9 71 59 62 90 13 45 37 58 69 42
99 9 46 28 64 61 50 7 72 53 88 77 57 0 88 9 19 58 58 20 10 51 10 26 43 19 44 10 46 53 31 73 25 59 86 35 6 2 42 23 86 12 15 44 17 15 95 44 49 84
51 57 83 94 39 96 2 68 72 79 31 86 94 81 36 45 69 37 10 19 13 90 88 5 97 22 97 6 11 53 30 95 24 29 37 21 38 62 57 35 75 42 86 32 3 21 9 80 4 56
80 68 88 46 29 26 94 9 23 85 69 8 73 69 83 96 67 69 24 64 69 29 89 5 94 49 42 15 48 53 55 40 67 16 59 17 19 77 64 22 79 18 6 59 98 92 6 36 91 91
22 78 4 80 55 32 33 17 47 73 14 39 82 42 2 86 0 8 16 41 91 56 57 38 71 88 78 8 7 32 79 93 31 58 38 19 0 3 63 45 18 9 78 18 6 27 86 86 76 81
43 86 74 16 70 72 62 56 61 91 71 1 66 23 21 51 82 78 93 43 79 31 7 87 24 59 3 78 2 22 41 14 89 1 92 96 62 15 39 54 81 3 48 27 82 47 70 58 60 23
15 99 94 10 12 65 1 18 45 40 91 17 0 7 69 12 40 96 89 88 19 74 80 61 39 77 65 8 90 80 64 74 95 60 91 98 15 90 6 90 29 51 57 79 4 29 49 59 83 78
87 75 81 8 26 42 95 0 24 86 23 73 85 69 45 42 6 44 99 88 57 8 80 31 96 96 58 51 70 37 32 48 57 24 91 4 90 23 58 69 43 87 11 37 29 75 12 84 32 71
81 49 32 82 0 76 73 21 85 78 29 52 17 0 63 22 39 29 47 81 64 36 22 89 71 6 59 86 3 62 12 15 0 37 66 57 3 95 17 11 57 58 52 29 31 92 33 74 81 66
91 35 64 48 40 31 6 24 57 30 9 11 25 6 55 86 18 25 43 95 37 47 37 98 64 53 57 70 1 98 19 50 47 47 12 99 29 93 37 87 52 15 3 63 20 60 57 76 25 88
46 1 53 66 12 24 77 82 84 70 16 7 27 35 45 1 54 96 81 94 90 75 33 34 7 58 43 23 53 37 2 61 40 44 14 55 26 96 81 57 97 46 47 14 41 46 17 99 88 16
79 78 57 78 85 26 20 62 44 19 25 24 60 19 72 99 14 72 19 68 22 50 60 57 56 53 63 88 41 71 58 95 75 55 89 82 50 24 29 12 23 48 41 99 53 17 2 15 27 65
35 11 8 83 23 84 66 17 9 86 29 71 8 63 38 14 33 99 64 36 59 15 9 95 17 35 80 10 46 40 34 25 52 81 5 14 52 96 42 96 90 9 27 13 65 13 59 98 34 20
48 68 26 67 20 66 5 93 91 34 16 86 93 28 87 92 30 8 46 60 27 62 53 55 21 21 29 46 2 0 35 47 70 8 6 85 36 27 80 56 77 54 54 35 3 26 23 35 84 67
62 26 86 77 18 53 77 56 4 67 71 34 11 74 92 37 28 98 67 52 6 88 64 58 65 11 60 5 43 3 42 16 98 40 22 97 93 85 98 46 34 76 55 36 20 55 21 40 9 83
50 47 17 86 30 17 39 78 40 55 16 42 55 36 80 55 8 37 14 8 12 24 83 23 77 22 70 77 85 49 43 10 41 0 59 77 96 56 11 32 47 97 90 11 41 24 19 51 9 25
49 37 34 99 92 10 83 43 23 70 25 40 59 37 45 31 59 28 72 12 54 44 9 67 69 1 74 14 31 20 39 45 79 21 16 31 20 51 56 68 23 48 80 6 71 80 79 92 82 60
37 47 20 30 33 25 22 14 38 2 27 19 21 93 21 46 47 38 46 53 2 19 75 39 82 71 58 93 91 45 2 20 54 71 84 24 46 28 68 46 38 33 76 16 0 17 95 20 26 10
11 7 38 62 44 98 51 90 29 8 11 92 87 52 69 61 36 75 95 32 94 76 81 99 92 6 91 40 44 17 13 36 87 19 29 44 69 94 48 8 99 19 19 96 23 33 50 76 49 41
88 15 54 87 16 97 60 42 40 50 80 0 28 30 8 34 48 53 83 93 34 58 72 91 14 10 77 91 97 79 59 97 77 59 9 55 4 17 50 36 97 85 94 6 18 12 91 39 40 91
76 30 87 55 98 82 86 12 9 19 94 25 90 70 61 40 78 86 42 44 37 58 86 38 63 15 33 52 87 35 57 16 59 84 43 25 1 95 96 24 86 96 46 77 86 83 56 80 66 89
86 9 77 99 73 75 11 29 46 60 43 84 2 48 49 34 87 20 43 54 79 10 37 86 33 16 9 96 92 2 26 67 23 17 6 37 79 76 93 80 34 52 96 50 45 70 6 39 83 78
