43 8
0 1 2 2 3 3 4 4 5 5 6 6 7 7 8 8 9 9 10 11 12 12 13 13 14 15 15 16 16 17 18 19 20 20 21 22 22 23 24 25 25 26 27 28 29 29 30 31 32 32
0 1 33 33 34 35 35 36 36 37 37 38 39 39 40 40 41 42 10 11 43 44 45 46 14 47 47 48 48 17 18 19 49 50 50 51 52 23 53 54 54 26 27 28 55 55 56 31 57 58
59 60 61 62 63 63 64 65 65 66 67 38 68 69 69 70 41 42 71 72 72 44 45 46 73 73 74 74 75 76 76 77 78 79 79 51 80 80 53 81 81 82 83 83 84 84 56 85 85 58
59 60 61 62 86 86 87 87 88 66 89 89 90 91 92 93 94 95 71 96 96 97 98 99 99 100 100 101 75 102 103 104 78 105 106 106 107 107 108 109 110 82 111 111 112 113 114 115 116 116
117 118 119 119 120 120 121 122 88 123 124 124 90 91 92 93 94 95 125 126 126 97 98 127 128 128 129 129 130 102 103 104 131 105 132 132 133 133 108 109 110 134 134 135 136 113 114 137 137 138
117 118 139 140 140 141 121 142 142 143 144 144 145 145 146 147 148 149 149 150 150 151 152 153 153 154 155 156 157 157 158 158 131 159 159 160 161 162 163 163 164 165 166 135 136 167 167 168 169 169
170 171 139 172 172 141 173 174 174 143 175 175 176 176 146 147 148 177 177 178 179 151 152 180 180 154 155 156 181 181 182 183 183 184 185 160 186 162 187 187 164 188 166 189 189 190 191 191 192 192
170 171 193 193 194 194 195 196 197 197 198 198 199 200 200 201 202 202 203 204 179 205 205 206 207 207 208 209 210 210 211 212 213 184 185 214 186 215 215 216 216 188 217 218 219 190 220 220 221 221
222 223 224 224 225 225 195 196 226 227 227 228 199 229 229 201 230 230 203 204 231 232 232 206 233 234 234 209 235 235 211 236 213 237 237 214 238 239 240 241 242 242 217 243 219 244 245 245 246 247
248 223 249 250 251 252 252 253 254 254 255 228 256 256 257 258 259 260 261 262 262 263 263 264 264 265 266 267 267 268 268 236 269 270 270 271 272 239 240 241 273 274 275 243 276 277 278 278 246 247
248 279 249 250 251 280 281 281 282 282 255 283 284 285 285 258 259 260 261 286 286 287 288 288 289 265 266 290 291 292 292 293 269 294 295 295 272 296 297 298 299 274 275 300 276 277 301 301 302 302
303 304 304 305 306 307 308 308 309 310 311 283 284 312 312 313 313 314 315 316 316 317 317 318 319 320 320 290 291 321 321 293 322 294 323 324 325 296 297 298 299 326 326 327 328 328 329 329 330 330
331 332 332 305 306 307 333 334 309 335 311 336 336 337 337 338 339 314 340 340 341 342 343 343 319 344 344 345 345 346 346 347 322 348 323 324 325 349 350 351 351 352 353 327 354 355 356 356 357 358
331 359 360 361 361 362 333 334 363 335 364 365 366 366 367 338 339 368 368 369 341 342 370 371 371 372 373 374 375 375 376 347 377 348 378 379 380 349 381 381 382 382 353 383 354 355 384 385 357 358
386 359 387 388 389 390 391 392 363 393 364 365 394 395 395 396 396 397 397 369 398 399 400 401 401 372 373 402 403 403 376 404 404 405 406 379 380 407 407 408 408 409 409 383 410 411 384 412 413 413
414 415 387 388 389 390 416 392 417 417 418 419 419 420 420 421 421 422 422 423 398 399 400 424 424 425 425 402 426 427 427 428 429 405 406 430 431 432 432 433 434 435 435 436 410 437 437 412 438 439
414 440 441 441 442 443 416 444 444 445 418 446 447 447 448 449 450 451 451 423 452 452 453 454 455 456 456 457 426 458 458 428 459 459 460 430 461 461 462 433 434 463 464 465 465 466 466 467 467 439
468 440 469 470 442 471 471 472 472 473 473 474 475 476 448 449 450 477 477 478 478 479 479 454 455 480 480 457 481 482 482 483 484 484 460 485 485 486 462 487 487 463 488 488 489 489 490 490 491 492
468 493 469 470 494 495 496 496 497 498 499 474 475 476 500 501 502 502 503 503 504 505 505 506 507 508 508 509 481 510 511 511 512 513 514 515 515 516 516 517 518 518 519 519 520 521 521 522 523 492
524 493 525 525 494 526 526 527 497 498 528 529 529 530 500 501 531 532 533 534 504 535 536 506 537 538 538 509 539 540 540 541 512 542 514 543 544 544 545 545 546 547 548 549 520 550 551 522 523 552
524 553 553 554 555 555 556 527 557 557 528 558 559 560 561 562 531 532 533 563 563 535 564 565 537 566 566 567 539 568 568 541 569 542 570 543 571 571 572 573 573 547 548 549 574 550 551 575 575 552
576 577 578 579 580 580 556 581 581 582 583 558 559 560 561 562 584 585 586 587 587 588 564 589 589 590 590 567 591 591 592 593 569 594 594 595 596 597 572 598 599 600 600 601 574 602 603 603 604 605
576 577 578 579 606 607 608 609 609 582 583 610 611 611 612 612 584 613 586 614 614 615 615 616 617 618 618 619 620 621 622 593 623 623 624 595 596 597 625 598 626 626 627 628 628 602 629 629 604 630
631 632 632 633 606 607 608 634 634 635 636 637 638 639 639 640 641 613 642 643 644 644 645 646 617 647 647 619 620 621 622 648 648 649 624 650 650 651 652 652 653 653 627 654 655 655 656 657 658 630
631 659 659 633 660 660 661 662 662 635 636 637 663 663 664 640 641 665 642 643 666 667 645 646 668 669 670 671 672 673 674 674 675 675 676 676 677 651 678 679 679 680 680 681 682 682 656 657 658 683
684 685 686 687 687 688 688 689 689 690 690 691 691 692 664 693 693 694 695 696 666 697 697 698 699 669 670 671 672 673 700 701 702 703 704 704 677 705 678 706 707 707 708 681 709 709 710 710 711 683
684 685 686 712 713 713 714 715 716 717 718 718 719 692 720 721 721 694 695 696 722 722 723 698 699 724 725 725 726 726 700 701 702 703 727 728 728 705 729 729 730 730 708 731 731 732 732 733 734 734
735 735 736 736 737 738 738 715 716 739 740 740 741 741 720 742 742 743 743 744 745 745 723 746 747 748 749 749 750 751 751 752 753 754 727 755 756 756 757 757 758 759 760 761 762 762 763 764 764 765
766 767 768 769 737 770 771 771 772 739 773 774 775 776 777 778 778 779 779 780 780 781 782 782 747 748 783 784 750 785 786 752 753 787 788 789 790 790 791 792 758 759 760 793 794 794 763 795 795 796
766 767 768 797 798 798 799 800 801 801 773 774 775 776 777 802 803 804 805 806 807 807 808 808 809 809 783 784 810 810 786 811 811 787 812 789 813 813 791 814 814 815 815 793 816 816 817 818 818 796
819 819 820 797 821 821 799 822 822 823 824 825 825 826 826 802 803 804 805 827 827 828 828 829 829 830 831 832 832 833 834 835 836 837 812 838 838 839 839 840 841 842 843 844 844 845 817 846 846 847
848 849 849 850 850 851 852 853 854 823 855 855 856 856 857 857 858 859 860 861 862 863 864 864 865 830 831 866 867 833 868 835 836 837 869 869 870 870 871 840 841 842 872 872 873 874 874 875 876 847
848 877 878 879 880 851 852 853 854 881 881 882 883 884 885 885 858 859 860 861 862 886 887 887 888 888 889 866 867 890 868 891 892 892 893 893 894 895 871 896 897 897 898 899 873 900 900 875 876 901
902 877 878 903 880 904 905 905 906 907 908 882 883 884 909 910 911 911 912 913 913 886 914 915 916 916 889 917 918 890 919 891 920 921 922 923 924 895 925 925 926 926 898 899 927 927 928 929 930 901
931 931 932 903 933 933 934 934 906 907 908 935 935 936 936 910 937 937 912 938 938 939 914 940 940 941 942 917 918 943 943 944 920 921 945 923 924 946 947 948 948 949 950 951 952 952 928 929 930 953
954 955 956 956 957 957 958 958 959 959 960 961 962 963 964 964 965 965 966 966 967 967 968 969 970 970 942 971 972 973 973 944 974 975 945 976 977 977 947 978 979 979 950 980 981 982 983 983 984 984
954 955 985 985 986 987 987 988 988 989 960 961 962 963 990 991 992 993 994 994 995 996 996 969 997 997 998 971 972 999 999 1000 974 975 1001 1001 1002 1002 1003 1003 1004 1004 1005 980 981 1006 1006 1007 1007 1008
1009 1010 1011 1011 1012 1013 1014 1014 1015 1016 1017 1018 1019 1019 1020 991 992 993 1021 1022 1022 1023 1023 1024 1024 1025 1026 1027 1027 1028 1028 1000 1029 1030 1030 1031 1031 1032 1032 1033 1034 1035 1036 1036 1037 1037 1038 1039 1039 1008
1009 1010 1040 1040 1012 1041 1042 1043 1044 1016 1017 1018 1045 1045 1020 1046 1047 1047 1048 1048 1049 1050 1050 1051 1051 1025 1026 1052 1053 1054 1054 1055 1029 1056 1056 1057 1057 1058 1059 1033 1060 1035 1061 1062 1063 1063 1038 1064 1065 1065
1066 1066 1067 1067 1068 1041 1042 1043 1044 1069 1070 1071 1071 1072 1072 1046 1073 1074 1074 1075 1049 1076 1077 1078 1079 1080 1080 1052 1053 1081 1081 1055 1082 1082 1083 1084 1085 1058 1086 1087 1060 1088 1089 1062 1090 1091 1091 1064 1092 1093
1094 1095 1096 1096 1068 1097 1097 1098 1098 1069 1099 1099 1100 1101 1101 1102 1073 1103 1104 1075 1105 1076 1077 1078 1079 1106 1106 1107 1107 1108 1109 1110 1110 1111 1111 1084 1112 1113 1086 1114 1115 1116 1089 1117 1117 1118 1118 1119 1092 1120
1094 1121 1121 1122 1123 1124 1124 1125 1126 1126 1127 1127 1128 1129 1130 1130 1131 1103 1104 1132 1105 1133 1134 1134 1135 1135 1136 1137 1138 1108 1139 1140 1141 1142 1143 1143 1112 1113 1144 1114 1115 1116 1145 1146 1147 1147 1148 1149 1150 1120
1151 1152 1152 1122 1123 1153 1153 1125 1154 1154 1155 1155 1128 1129 1156 1156 1157 1157 1158 1159 1160 1160 1161 1161 1162 1162 1136 1137 1138 1163 1139 1140 1141 1142 1164 1165 1166 1167 1144 1168 1169 1169 1145 1146 1170 1171 1148 1149 1150 1172
1151 1173 1173 1174 1175 1175 1176 1177 1177 1178 1179 1180 1180 1181 1181 1182 1182 1183 1158 1159 1184 1185 1186 1186 1187 1188 1188 1189 1190 1163 1191 1192 1192 1193 1164 1165 1166 1167 1194 1168 1195 1196 1197 1198 1170 1171 1199 1199 1200 1201
1202 1202 1203 1204 1205 1206 1176 1207 1207 1208 1179 1209 1209 1210 1211 1212 1212 1183 1213 1214 1214 1185 1215 1215 1187 1216 1216 1189 1190 1217 1217 1218 1219 1220 1221 1222 1223 1224 1225 1225 1195 1196 1197 1198 1226 1226 1227 1227 1200 1201
1228 1229 1229 1204 1205 1230 1231 1231 1232 1208 1233 1234 1235 1235 1211 1236 1236 1237 1213 1238 1239 1239 1240 1240 1241 1241 1242 1242 1243 1244 1245 1246 1219 1220 1221 1222 1247 1224 1248 1248 1249 1249 1250 1251 1251 1252 1252 1253 1253 1254
1255 1256 1257 1257 1258 1230 1259 1259 1232 1260 1233 1234 1261 1261 1262 1263 1263 1237 1264 1264 1265 1265 1266 1266 1267 1268 1268 1269 1243 1244 1245 1246 1270 1271 1272 1272 1247 1273 1274 1274 1275 1275 1250 1276 1276 1277 1278 1279 1279 1280
1255 1256 1281 1282 1283 1283 1284 1285 1285 1260 1286 1286 1287 1287 1262 1288 1289 1289 1290 1291 1291 1292 1293 1293 1267 1294 1294 1295 1295 1296 1297 1297 1270 1298 1298 1299 1299 1273 1300 1301 1302 1302 1303 1303 1304 1304 1278 1305 1305 1280
1306 1306 1281 1282 1307 1308 1309 1309 1310 1310 1311 1312 1312 1313 1314 1288 1315 1316 1290 1317 1317 1292 1318 1319 1320 1321 1321 1322 1323 1296 1324 1324 1325 1325 1326 1327 1328 1328 1300 1301 1329 1330 1330 1331 1332 1332 1333 1334 1334 1335
1336 1336 1337 1337 1307 1338 1338 1339 1339 1340 1341 1341 1342 1313 1314 1343 1343 1316 1344 1345 1345 1346 1318 1319 1320 1347 1347 1322 1323 1348 1348 1349 1350 1350 1326 1327 1351 1351 1352 1352 1353 1353 1354 1331 1355 1355 1333 1356 1356 1335
79 76 92 41 57 17 96 91 1 51 55 50 56 69 24 41 96 91 96 39 43 85 68 44 64 85 22 10 1 4 87 66 79 55 34 34 83 40 66 38 33 37 79 89 59 89 13 5 75 93
80 35 69 26 74 75 69 7 66 27 50 7 94 41 76 79 15 2 88 95 13 66 59 4 75 46 15 46 1 35 74 87 12 39 27 59 81 82 92 31 42 26 73 0 98 52 40 28 26 90
10 62 24 84 94 27 20 86 2 48 17 72 4 60 11 16 20 85 69 50 60 54 32 93 46 90 53 53 57 94 73 64 50 81 88 29 68 56 79 44 73 92 91 40 96 65 73 14 78 32
86 94 39 24 4 44 28 6 95 25 15 69 62 97 16 96 4 0 6 92 78 98 68 95 44 26 58 10 26 27 37 88 53 94 53 45 7 8 93 74 71 27 86 71 88 14 21 20 43 23
51 12 98 83 97 41 52 61 91 81 63 87 11 42 76 21 99 56 72 38 59 21 30 41 14 97 4 28 22 90 69 62 72 97 44 82 78 65 89 80 74 98 38 36 10 38 25 28 79 45
92 37 71 34 64 2 93 97 95 61 33 64 97 0 76 86 62 64 17 41 69 23 70 27 24 82 77 58 14 93 93 71 42 60 85 7 76 2 54 23 42 37 37 98 32 7 43 95 93 48
86 78 57 52 9 93 33 1 57 16 74 12 23 28 12 50 79 38 42 61 72 32 86 48 62 29 74 72 49 86 17 61 5 63 21 55 92 67 87 56 6 56 61 82 16 10 68 9 18 92
31 94 31 3 12 72 96 36 98 7 39 86 8 69 97 17 28 90 75 57 20 17 72 94 4 18 14 98 32 71 81 41 16 57 57 60 69 48 8 7 22 1 91 69 87 48 74 4 1 20
11 61 97 94 61 57 97 64 59 70 36 97 94 2 10 64 29 82 19 65 76 24 57 9 38 30 1 92 58 99 88 61 93 54 72 9 65 30 1 20 16 15 71 66 55 16 84 19 73 43
69 17 50 35 85 15 98 2 43 45 93 5 73 67 55 64 4 44 14 23 82 67 5 78 22 69 69 39 0 72 89 88 76 62 99 46 13 77 26 45 45 2 44 31 67 32 18 46 38 87
84 49 27 84 56 57 92 74 69 24 74 9 41 54 38 19 66 83 36 89 12 11 56 71 78 8 1 81 77 35 58 58 72 6 51 16 16 85 24 2 72 56 84 99 20 69 41 85 21 9
10 17 17 82 44 99 18 40 14 19 24 5 3 81 39 9 17 46 31 59 13 86 9 46 46 51 14 42 28 82 40 66 17 83 56 32 87 33 97 9 78 39 84 75 90 34 81 19 43 70
71 67 70 39 0 45 72 65 47 58 33 61 66 54 56 0 13 38 39 83 27 4 84 35 99 56 50 40 6 49 56 35 88 11 50 41 7 91 1 83 6 99 43 99 95 58 20 67 61 9
41 47 8 28 34 94 12 69 75 22 9 52 15 84 56 15 3 1 47 33 38 58 68 65 9 80 11 21 51 38 67 67 58 32 50 56 33 71 16 77 57 65 66 2 5 63 91 61 48 64
87 90 84 27 21 33 43 96 47 64 79 18 29 55 79 58 94 10 94 48 1 20 3 6 95 72 84 20 64 47 34 39 4 48 69 75 98 90 11 22 95 98 67 68 94 21 34 84 26 25
18 13 82 71 99 26 49 89 51 71 30 72 39 0 20 1 32 56 76 95 8 29 78 16 44 19 48 78 13 3 6 90 32 77 77 5 62 98 59 24 58 41 49 1 12 78 0 93 6 97
14 43 93 16 21 0 44 19 6 66 29 15 76 84 64 61 24 38 28 10 97 76 84 90 52 61 24 80 60 22 43 61 18 45 52 4 39 84 76 43 33 5 38 71 14 74 87 40 93 30
71 37 93 11 91 40 55 19 57 24 56 40 18 37 0 71 18 38 81 53 98 42 87 23 6 50 43 70 63 66 22 60 20 79 75 93 71 35 42 22 51 25 14 14 70 32 81 86 42 34
43 59 83 65 4 30 33 61 28 97 78 38 74 97 9 88 50 4 54 85 75 83 55 72 16 42 70 69 76 82 41 92 4 80 82 94 88 60 10 57 31 49 9 45 38 60 94 39 68 97
39 63 81 71 6 44 89 31 68 35 22 27 28 77 91 17 13 59 21 43 87 24 74 44 6 64 33 39 18 49 74 34 22 55 16 25 18 58 31 60 14 22 27 93 60 54 6 45 52 76
74 76 4 46 2 13 68 8 30 63 97 63 8 98 40 6 80 1 60 27 23 67 20 72 89 65 51 37 16 72 47 98 4 58 6 55 96 57 29 12 30 11 12 16 27 13 72 79 16 41
82 2 43 34 81 60 54 77 19 84 96 99 12 68 95 26 40 75 76 75 21 26 83 40 75 27 30 2 28 64 96 47 59 85 18 38 20 76 86 96 66 17 45 10 78 55 85 11 5 76
51 56 49 12 23 92 15 28 82 97 50 55 10 72 79 82 3 50 83 2 56 27 79 23 94 71 68 27 13 93 81 79 39 74 81 54 5 7 79 60 32 35 64 18 65 42 62 13 44 35
25 93 7 17 76 19 14 33 1 10 68 2 22 9 60 43 51 81 88 47 73 57 62 38 33 71 16 11 95 81 90 8 8 35 22 77 43 35 37 89 82 44 41 16 96 94 96 33 28 37
4 70 76 58 44 73 78 21 61 8 48 31 48 25 84 80 87 75 49 13 14 23 75 52 77 12 99 31 62 58 23 76 63 33 93 77 32 67 81 18 39 21 70 81 9 59 0 4 58 27
46 80 69 82 52 47 79 23 66 33 44 18 86 58 72 1 81 75 78 46 94 77 90 0 53 76 57 23 43 19 27 33 32 26 19 58 44 76 56 52 44 49 36 51 38 77 1 37 43 92
97 57 69 23 44 60 7 27 16 67 4 78 23 56 91 52 80 6 54 1 78 89 58 30 36 53 90 99 58 81 6 9 13 5 10 88 15 36 26 96 20 5 77 66 30 3 76 98 54 48
16 34 78 10 59 20 45 15 76 25 52 99 9 27 31 15 54 60 33 46 79 14 96 46 37 44 11 98 37 79 95 77 71 3 43 3 70 45 13 46 33 1 89 71 18 99 65 26 71 80
97 13 4 61 99 47 90 84 12 37 61 54 81 77 25 35 15 8 7 68 21 50 8 72 9 28 86 97 57 51 46 59 90 11 44 28 59 3 11 63 37 83 68 82 34 94 5 75 98 55
58 40 67 38 47 21 63 64 87 40 30 45 50 55 85 75 56 53 16 63 9 84 9 13 52 58 91 5 9 75 80 0 63 69 32 98 4 0 16 76 83 25 4 12 35 37 5 28 28 25
62 4 50 71 99 2 35 42 34 26 61 14 54 78 39 77 16 72 91 6 81 36 66 30 93 29 75 24 48 89 53 1 2 25 77 21 56 87 95 2 96 23 57 15 41 46 26 35 60 14
75 26 47 82 77 13 15 28 99 33 17 86 92 80 97 11 14 46 25 70 17 86 13 82 41 13 27 69 95 70 36 82 94 57 51 45 43 16 26 81 49 74 57 81 57 16 32 29 69 40
79 55 61 86 65 4 47 75 36 66 91 30 41 42 64 54 43 94 4 52 3 83 81 26 88 65 27 77 5 45 47 33 65 65 85 23 81 5 78 71 53 25 40 71 64 14 18 30 15 32
42 5 11 41 60 21 84 34 81 0 62 20 96 26 9 98 15 31 53 17 18 91 89 77 1 85 14 58 82 65 67 10 48 55 27 61 44 48 38 8 18 28 11 85 10 79 88 5 47 91
74 28 7 36 83 67 68 29 47 92 21 70 13 74 23 82 96 41 20 7 21 22 41 92 6 28 78 87 5 87 91 93 6 42 43 82 29 80 11 77 62 3 13 26 43 35 90 81 11 95
7 29 24 70 4 72 68 84 48 5 92 84 36 64 96 91 64 56 96 91 68 91 56 46 46 58 63 32 32 29 96 91 64 99 32 43 17 24 23 23 50 78 53 71 11 22 77 62 77 6
60 38 34 29 79 30 88 75 81 17 32 22 23 12 91 58 23 81 33 6 22 73 45 51 47 90 49 94 85 32 85 28 63 70 71 42 62 24 93 7 74 93 9 30 16 46 68 46 57 0
60 64 48 65 60 78 35 33 11 33 19 75 36 3 91 3 32 39 80 81 31 2 84 18 9 42 41 27 80 69 70 91 74 81 16 29 25 90 10 72 9 85 93 88 38 46 52 69 84 75
66 32 90 95 91 63 81 41 62 56 30 6 45 63 11 78 35 32 6 47 53 42 22 60 23 13 28 27 32 37 78 54 84 75 13 95 70 44 47 3 52 18 70 23 39 18 89 5 40 5
99 59 77 68 64 72 7 90 88 57 7 84 85 69 26 98 70 62 61 62 10 91 69 15 88 81 22 86 42 64 68 90 10 62 20 35 30 20 0 6 43 13 43 30 23 64 8 67 62 33
89 7 80 70 78 68 48 0 75 93 35 5 3 89 21 17 66 80 29 27 80 34 85 23 78 22 15 30 52 36 69 37 84 15 24 31 94 6 3 55 84 25 81 88 41 57 96 32 92 71
61 39 31 94 75 53 60 28 82 40 4 56 31 63 4 29 47 70 54 46 98 13 38 55 79 44 49 99 85 43 94 99 49 17 41 33 89 73 61 43 29 76 86 48 86 52 56 62 69 65
40 43 81 72 70 21 52 59 73 14 16 17 99 33 81 90 46 42 55 33 69 11 11 48 77 10 84 65 95 42 90 99 32 38 88 49 28 92 49 34 83 88 40 83 53 4 16 44 87 62
26 71 8 1 62 80 31 73 29 26 0 79 27 25 80 84 20 82 87 84 22 34 12 68 16 4 17 14 22 98 89 33 60 4 63 18 43 73 30 55 13 40 76 12 67 18 63 79 17 16
71 50 13 48 48 32 75 93 84 63 39 45 22 68 5 61 5 8 29 55 23 54 32 77 39 23 10 0 44 30 52 92 45 81 85 92 77 5 52 24 60 16 42 53 95 85 76 22 31 15
83 66 69 9 50 64 58 33 42 47 25 82 98 76 82 63 1 19 78 34 18 4 55 40 28 47 89 21 76 36 4 38 99 34 7 62 61 50 33 81 73 5 7 2 81 60 77 4 15 87
66 78 70 16 22 47 23 0 24 90 92 5 78 6 8 81 99 60 67 14 93 12 33 81 36 13 78 84 16 7 78 85 86 8 30 33 9 82 75 66 61 43 75 72 67 17 45 33 26 44
22 66 20 73 19 42 9 19 77 98 17 17 70 29 70 20 44 56 63 45 64 95 46 84 30 70 60 56 93 84 87 27 99 19 35 82 49 4 75 97 50 26 57 65 47 24 86 16 22 51
45 56 27 52 24 96 32 25 42 64 36 46 35 42 76 84 58 46 6 67 1 52 94 84 69 28 10 31 67 32 89 55 34 24 66 49 82 15 14 54 24 94 85 42 68 26 92 53 76 59
70 16 1 33 21 56 29 64 57 35 80 65 35 0 62 44 83 20 78 77 90 48 34 98 42 65 9 21 70 68 53 34 76 60 62 33 22 85 80 34 31 47 33 2 38 37 65 62 44 75
