43 18
0 0 1 1 2 3 4 4 5 6 6 7 8 9 9 10 10 11 12 12 13 13 14 15 15 16 17 17 18 18 19 20 21 21 22 23 24 24 25 26 27 27 28 29 30 31 32 33 34 34
35 36 36 37 37 3 38 38 5 39 40 40 8 41 42 42 43 11 44 45 46 46 14 47 47 16 48 48 49 49 19 20 50 51 51 23 52 53 25 26 54 54 28 29 30 31 32 55 56 57
35 58 59 59 60 60 61 62 62 63 63 64 64 41 65 66 67 67 44 68 69 70 70 71 71 72 73 73 74 75 75 76 77 77 78 78 52 79 79 80 81 82 82 83 84 85 86 55 56 87
88 88 89 90 91 91 61 92 93 94 95 96 97 97 65 66 98 99 99 68 100 100 101 101 102 72 103 104 74 105 105 76 106 106 107 108 109 110 110 80 111 111 112 112 84 85 113 113 114 87
115 115 116 90 117 118 119 92 93 94 95 96 120 121 121 122 123 123 124 125 125 126 127 127 102 128 128 104 129 129 130 131 132 132 107 108 133 134 134 135 136 137 138 139 140 140 141 141 142 143
144 144 116 145 117 118 146 146 147 147 148 148 120 149 150 122 151 151 124 152 152 126 153 153 154 155 155 156 157 157 130 158 159 160 160 161 133 162 162 135 136 137 138 163 163 164 164 165 142 166
167 168 168 145 169 169 170 170 171 171 172 172 173 149 174 174 175 176 177 177 178 179 180 180 154 181 182 182 183 184 184 158 185 186 187 161 188 188 189 189 190 190 191 191 192 193 193 165 194 166
167 195 195 196 196 197 198 199 199 200 200 201 202 203 204 204 175 176 205 205 178 179 206 206 207 181 208 208 183 209 210 210 185 186 187 211 212 213 213 214 214 215 215 216 192 217 217 218 194 219
220 221 221 222 223 223 198 224 225 226 226 201 202 203 227 228 229 229 230 231 232 233 234 235 207 236 236 237 237 209 238 239 240 240 241 241 212 242 242 243 243 244 244 216 245 245 246 246 247 248
249 249 250 222 251 251 252 252 225 253 254 255 256 257 227 228 258 258 230 231 232 259 234 235 260 261 262 263 263 264 238 239 265 265 266 267 268 269 269 270 270 271 272 272 273 273 274 275 247 248
276 277 277 278 278 279 279 280 280 253 254 255 256 257 281 281 282 283 284 285 285 259 286 286 260 261 287 287 288 288 289 290 291 291 266 267 268 292 293 293 294 295 296 297 298 298 299 275 300 301
302 302 303 303 304 305 306 306 307 307 308 308 309 310 310 311 312 283 284 313 313 314 314 315 315 316 316 317 317 318 318 290 319 320 321 321 322 323 323 324 294 295 296 297 325 325 299 326 300 301
327 327 328 328 304 305 329 329 330 330 331 331 309 332 332 311 312 333 333 334 334 335 335 336 336 337 337 338 338 339 339 340 319 320 341 342 322 343 344 324 345 346 346 347 348 348 349 326 350 350
351 352 353 353 354 355 356 357 357 358 358 359 359 360 361 361 362 362 363 364 365 365 366 366 367 367 368 368 369 370 370 340 371 372 341 373 374 343 375 375 345 376 377 378 378 379 380 380 381 382
351 352 383 384 354 355 356 385 385 386 387 387 388 388 389 389 390 391 363 392 392 393 393 394 394 395 396 397 369 398 399 399 371 372 400 373 374 401 402 403 403 376 377 404 405 406 407 407 381 408
409 410 383 384 411 412 412 413 414 415 416 417 418 418 419 420 390 421 421 422 422 423 424 424 425 395 396 397 426 426 427 428 429 430 400 431 431 401 432 432 433 434 434 404 435 406 436 437 438 408
409 439 439 440 411 441 441 413 442 415 416 417 443 444 419 420 445 446 446 447 448 448 449 449 425 450 450 451 452 453 427 428 454 430 455 456 457 458 459 460 461 461 462 463 435 464 465 437 438 466
467 468 469 469 470 471 471 472 442 473 474 474 443 475 475 476 477 478 478 447 479 480 480 481 482 483 484 451 452 485 486 486 454 487 455 488 457 458 459 489 489 490 491 463 492 464 465 493 493 466
467 468 494 494 470 495 496 496 497 473 498 498 499 499 500 501 477 502 503 503 504 505 505 481 506 483 507 507 508 485 509 509 510 487 511 488 512 512 513 514 514 490 491 515 492 516 516 517 518 518
519 520 521 522 522 523 524 525 497 526 526 527 528 528 500 501 529 529 530 530 504 531 532 532 506 533 534 534 508 535 536 536 537 537 538 539 539 540 540 541 541 542 542 515 543 544 544 545 546 546
519 520 521 547 547 523 524 548 548 549 549 527 550 551 552 553 553 554 554 555 555 556 556 557 557 558 558 559 559 535 560 561 562 563 538 564 564 565 565 566 566 567 568 568 543 569 570 545 571 571
572 572 573 573 574 575 575 576 576 577 578 579 579 551 552 580 581 581 582 582 583 583 584 585 585 586 587 588 589 590 560 561 562 591 592 592 593 594 594 595 595 596 596 597 597 569 570 598 599 599
600 601 602 603 603 604 605 605 606 577 578 607 608 609 610 610 611 612 612 613 614 615 584 616 617 586 587 588 589 618 618 619 619 591 620 621 593 622 622 623 623 624 625 625 626 626 627 628 628 629
600 601 602 630 630 631 632 632 606 633 633 634 608 609 635 635 611 636 637 613 614 615 638 616 639 639 640 640 641 642 643 643 644 644 620 621 645 645 646 646 647 648 649 650 650 651 652 652 653 629
654 655 655 656 656 631 657 657 658 659 659 634 660 661 661 662 663 636 637 664 664 665 665 666 667 667 668 668 669 642 670 670 671 672 673 673 674 674 675 676 676 648 649 677 678 679 680 680 653 681
654 682 682 683 684 685 685 686 658 687 687 688 660 689 690 662 691 692 692 693 694 694 695 695 696 696 697 697 669 698 699 699 671 672 700 701 701 702 703 703 704 704 705 705 678 679 706 707 708 709
710 711 711 683 712 713 713 714 714 715 716 688 717 689 690 718 691 719 719 693 720 720 721 721 722 723 724 725 725 698 726 726 727 727 700 728 728 702 729 730 730 731 732 732 733 734 706 707 708 709
735 736 736 737 712 738 738 739 740 740 716 741 717 742 743 718 744 745 746 746 747 747 748 748 722 723 749 749 750 751 751 752 753 753 754 755 756 757 757 758 758 731 759 759 733 734 760 761 761 762
735 763 763 764 764 765 766 739 767 768 768 741 769 742 743 770 744 745 771 772 773 774 775 776 776 777 777 778 750 779 780 780 781 782 782 755 783 783 784 784 785 785 786 787 788 789 789 790 791 762
792 793 793 794 795 765 766 796 767 797 797 798 769 799 799 770 800 801 771 772 773 774 775 802 803 804 805 778 806 779 807 807 781 808 809 809 810 810 811 812 812 813 814 787 788 815 815 790 816 816
792 817 818 818 795 819 819 796 820 820 821 798 822 822 823 824 824 801 825 826 826 827 827 802 803 804 828 828 829 830 830 831 831 832 832 833 833 834 834 835 836 813 814 837 838 838 839 839 840 840
841 841 842 842 843 844 844 845 846 846 821 847 848 848 849 849 850 850 825 851 852 853 853 854 855 856 856 857 829 858 858 859 859 860 861 862 863 864 864 835 865 866 866 837 867 868 868 869 870 870
871 871 872 872 843 873 874 845 875 876 876 847 877 877 878 879 879 880 880 881 852 882 882 854 883 884 884 885 885 886 887 887 888 860 889 862 863 890 891 892 865 893 894 895 867 896 896 869 897 898
899 900 900 901 901 873 874 902 902 903 904 904 905 906 906 907 908 909 909 881 910 910 911 912 883 913 913 914 914 886 915 915 888 916 889 917 918 918 891 919 919 893 894 920 920 921 921 922 897 898
899 923 924 925 926 926 927 927 928 903 929 930 931 931 932 907 933 934 935 936 936 937 911 938 938 939 940 940 941 941 942 942 943 916 944 944 945 946 947 947 948 949 949 950 951 952 952 953 953 954
955 923 924 956 957 957 958 959 928 960 960 930 961 961 932 962 933 934 963 964 964 937 965 965 966 967 967 968 969 970 971 971 972 973 974 974 945 946 975 975 976 977 977 950 951 978 979 979 980 954
955 981 982 956 983 984 985 959 986 987 988 988 989 990 990 962 991 991 963 992 992 993 993 994 995 995 996 968 969 970 997 997 972 973 998 999 999 1000 1001 1001 976 1002 1003 1003 1004 978 1005 1005 980 1006
1007 981 982 1008 983 1009 985 1010 1010 987 1011 1011 1012 1012 1013 1014 1015 1015 1016 1016 1017 1018 1019 1019 1020 1021 996 1022 1022 1023 1024 1025 1026 1027 998 1028 1028 1029 1029 1030 1030 1031 1032 1033 1004 1034 1035 1036 1036 1006
1037 1037 1038 1008 1039 1009 1040 1040 1041 1042 1043 1044 1044 1045 1045 1014 1046 1046 1047 1048 1049 1018 1050 1050 1020 1021 1051 1052 1053 1023 1024 1025 1026 1027 1054 1055 1056 1056 1057 1058 1058 1031 1059 1033 1060 1060 1035 1061 1062 1062
1063 1063 1038 1064 1065 1065 1066 1066 1041 1042 1067 1068 1069 1069 1070 1070 1071 1071 1047 1048 1049 1072 1073 1073 1074 1074 1051 1052 1075 1076 1077 1078 1079 1080 1080 1055 1081 1081 1082 1082 1083 1084 1059 1085 1086 1087 1087 1061 1088 1089
1090 1091 1091 1064 1092 1092 1093 1093 1094 1094 1067 1095 1096 1096 1097 1098 1098 1099 1100 1101 1102 1103 1104 1104 1105 1106 1106 1107 1075 1108 1077 1078 1079 1109 1109 1110 1110 1111 1112 1113 1083 1084 1114 1085 1115 1116 1116 1117 1088 1118
1119 1120 1121 1122 1122 1123 1123 1124 1125 1125 1126 1095 1127 1127 1128 1129 1130 1130 1100 1101 1102 1103 1131 1131 1105 1132 1133 1107 1134 1108 1135 1136 1137 1137 1138 1139 1139 1111 1112 1140 1141 1142 1143 1143 1115 1144 1144 1145 1145 1118
1119 1120 1121 1146 1147 1148 1148 1124 1149 1150 1126 1151 1151 1152 1128 1129 1153 1154 1154 1155 1156 1157 1157 1158 1158 1132 1159 1159 1134 1160 1135 1136 1161 1162 1163 1164 1164 1165 1165 1140 1141 1166 1167 1167 1168 1169 1170 1171 1171 1172
1173 1174 1175 1146 1176 1177 1177 1178 1149 1150 1179 1180 1180 1152 1181 1182 1183 1183 1184 1155 1156 1185 1185 1186 1187 1187 1188 1189 1189 1160 1190 1190 1191 1162 1163 1192 1193 1194 1195 1195 1196 1166 1197 1197 1198 1169 1170 1199 1200 1172
1173 1174 1201 1201 1176 1202 1202 1203 1203 1204 1179 1205 1206 1206 1181 1182 1207 1207 1184 1208 1209 1209 1210 1186 1211 1211 1212 1212 1213 1214 1215 1216 1191 1217 1218 1218 1193 1219 1219 1220 1221 1221 1222 1223 1198 1224 1225 1199 1200 1226
1227 1227 1228 1228 1229 1229 1230 1230 1231 1232 1232 1233 1234 1235 1236 1237 1237 1238 1239 1208 1240 1240 1241 1241 1242 1243 1244 1245 1213 1214 1215 1216 1246 1217 1247 1247 1248 1248 1249 1220 1250 1250 1222 1251 1251 1224 1225 1252 1252 1226
1253 1253 1254 1254 1255 1256 1257 1257 1258 1258 1259 1233 1234 1235 1236 1260 1261 1238 1239 1262 1262 1263 1264 1265 1265 1243 1244 1245 1266 1267 1268 1269 1269 1270 1271 1271 1272 1272 1249 1273 1273 1274 1274 1275 1275 1276 1277 1278 1279 1280
1281 1282 1282 1283 1255 1284 1285 1286 1286 1287 1259 1288 1289 1290 1291 1260 1292 1293 1294 1295 1295 1263 1264 1296 1296 1297 1297 1298 1266 1267 1268 1299 1299 1300 1301 1302 1302 1303 1304 1305 1305 1306 1306 1307 1308 1309 1277 1278 1279 1280
1310 1310 1311 1311 1312 1284 1285 1313 1314 1315 1316 1288 1289 1290 1317 1318 1292 1293 1294 1319 1320 1320 1321 1322 1323 1324 1324 1298 1325 1326 1327 1327 1328 1300 1301 1329 1330 1303 1304 1331 1332 1333 1333 1307 1308 1309 1334 1335 1336 1336
1337 1337 1338 1338 1312 1339 1340 1340 1314 1315 1341 1341 1342 1342 1317 1343 1343 1344 1344 1319 1345 1345 1321 1322 1323 1346 1347 1347 1325 1326 1348 1348 1328 1349 1349 1329 1330 1350 1350 1331 1351 1351 1352 1352 1353 1353 1334 1335 1354 1354
13 49 93 50 23 26 88 59 26 4 75 16 26 63 36 38 10 55 76 53 81 39 25 87 37 74 3 67 27 55 25 5 34 86 13 22 94 27 27 58 41 13 68 73 63 22 27 42 99 38
25 22 96 77 70 69 67 40 80 97 72 96 40 22 24 87 76 74 38 2 32 81 72 99 41 97 44 7 30 73 15 7 68 83 26 75 94 82 70 36 89 39 30 41 26 55 29 64 40 59
85 24 33 26 18 82 21 52 59 24 56 66 94 88 62 33 12 35 46 97 83 47 33 55 90 41 40 53 32 80 39 5 10 8 67 1 41 77 14 44 49 58 70 82 23 34 67 95 68 47
24 78 27 93 76 52 58 52 56 62 35 57 95 19 96 10 33 57 40 45 55 14 36 6 52 63 73 15 18 73 93 14 73 99 60 51 5 88 80 5 60 4 0 5 4 12 14 1 99 81
70 30 28 49 83 44 71 60 62 59 88 32 26 41 17 68 14 0 43 14 34 54 66 96 18 98 33 86 39 7 6 20 31 81 50 43 92 33 7 76 69 96 84 63 28 57 46 17 53 10
12 31 91 52 72 1 42 55 95 65 46 99 9 35 68 82 89 44 54 44 82 90 99 32 31 31 17 22 87 37 98 94 0 27 3 95 98 52 16 65 21 26 22 32 44 39 9 14 25 49
9 24 33 29 16 51 94 53 3 82 3 23 90 83 86 58 59 76 4 91 68 91 8 83 89 98 34 10 78 96 59 82 24 55 99 65 92 39 23 99 55 25 13 27 32 10 88 91 50 22
41 42 21 17 39 74 44 26 48 90 18 83 71 57 35 84 28 27 40 46 7 92 47 91 69 85 1 86 25 91 76 2 84 59 69 45 22 57 90 1 85 22 99 99 74 54 27 13 9 99
54 36 43 90 86 76 74 75 30 65 82 39 26 70 33 91 21 71 99 63 83 24 5 38 4 41 3 22 18 44 29 15 69 16 67 95 93 63 8 46 89 73 54 50 73 7 23 11 50 99
7 45 14 11 16 88 40 57 42 28 5 57 29 62 45 50 54 71 95 11 11 0 66 97 86 20 61 62 19 63 9 17 88 35 20 60 30 82 29 94 48 42 51 63 99 12 9 93 16 11
46 21 17 41 48 89 83 76 17 71 44 84 2 7 66 50 31 69 95 64 81 99 41 20 71 3 20 3 10 12 49 83 10 65 56 65 59 79 27 93 88 14 85 18 50 45 19 78 86 18
96 70 29 45 98 46 20 33 26 93 60 74 62 3 32 55 90 72 17 24 25 19 35 26 98 54 87 20 24 44 33 17 7 28 51 64 2 13 14 67 25 58 89 95 70 44 60 1 47 92
59 17 18 35 86 31 18 23 81 16 47 67 67 73 19 87 93 45 63 96 22 94 86 3 44 52 89 77 84 7 47 74 0 97 36 81 91 42 17 36 65 23 29 80 9 78 33 57 13 4
23 88 18 86 80 75 7 98 46 96 72 35 29 29 35 53 86 69 79 83 50 37 31 77 7 0 34 79 27 71 9 80 34 59 61 10 1 12 7 67 20 49 99 5 27 84 78 37 21 0
51 74 29 42 36 28 4 42 22 45 88 15 64 21 17 7 74 97 52 13 48 58 35 23 45 5 78 56 95 75 97 52 59 11 40 8 20 87 64 45 5 23 73 23 33 24 89 6 82 91
51 70 43 0 16 99 60 62 27 24 13 3 39 93 62 38 61 38 38 86 23 40 31 49 91 60 42 90 53 8 82 75 90 53 42 55 96 24 95 89 18 54 30 23 5 34 63 88 42 61
22 35 99 43 55 39 25 10 15 85 18 81 61 38 52 69 25 72 4 6 7 31 95 64 24 67 83 24 45 49 57 62 13 2 44 7 25 63 99 55 32 58 5 12 85 13 32 31 23 6
58 13 41 27 94 17 28 50 25 78 6 51 49 63 81 17 88 29 8 89 47 88 67 34 38 76 32 31 19 91 29 78 97 24 72 1 57 63 34 44 31 94 0 29 26 72 62 43 52 9
63 84 48 19 84 15 32 20 84 22 67 74 85 48 64 32 43 29 76 67 58 17 41 95 58 10 76 54 62 62 59 15 89 42 72 29 66 68 83 69 0 70 8 77 32 56 86 35 21 22
74 4 70 65 18 41 71 69 22 13 87 51 51 63 30 79 24 59 8 5 27 4 95 49 78 61 78 23 0 24 96 73 92 6 4 35 70 62 72 50 69 68 36 3 92 83 92 30 99 30
21 9 42 20 19 24 91 36 34 30 13 43 52 56 23 17 56 98 82 10 68 13 33 95 85 26 4 71 4 13 98 59 68 13 5 12 3 12 74 19 89 74 90 86 82 32 93 32 67 69
51 81 74 76 99 18 37 34 75 13 46 89 75 3 71 99 63 37 39 85 1 38 90 75 15 33 38 84 20 27 88 73 19 95 13 4 78 99 81 4 17 21 50 38 50 3 60 18 8 12
66 36 2 71 9 91 60 42 18 79 30 8 12 3 54 6 3 55 27 17 32 11 28 37 90 84 10 56 52 15 83 67 16 62 39 97 7 50 2 14 47 48 84 0 49 27 42 8 29 82
11 39 78 36 62 16 42 20 44 24 66 41 68 31 20 63 16 88 84 65 26 7 44 97 74 34 82 70 23 93 40 6 95 51 24 46 36 34 89 84 27 21 40 99 99 27 35 39 28 53
62 44 76 39 83 34 14 60 48 46 35 88 73 73 55 8 86 85 92 8 82 55 50 15 55 75 70 78 90 86 45 52 30 28 88 64 17 62 40 90 5 84 94 50 63 61 91 58 85 84
9 39 51 84 6 55 11 20 80 50 70 72 34 30 55 62 36 26 87 26 89 4 64 31 9 42 85 48 98 55 23 49 36 69 0 83 90 20 79 58 2 85 7 1 85 68 0 61 57 43
26 67 98 68 21 23 5 66 59 28 41 10 86 72 16 47 55 47 82 94 71 91 51 22 81 73 75 21 40 71 2 0 24 34 2 26 21 77 97 30 19 59 8 31 70 16 42 46 4 33
86 28 16 16 29 31 83 59 48 30 78 73 99 41 61 11 67 9 69 81 68 79 87 48 99 75 45 65 12 13 23 27 25 62 10 65 51 95 20 62 16 9 69 38 71 85 52 10 29 72
52 69 14 32 46 17 82 69 7 2 88 76 11 12 69 40 93 51 67 15 75 85 69 47 36 72 43 24 73 5 21 93 31 92 14 71 68 8 13 22 30 25 30 7 4 50 31 6 83 38
72 57 70 34 60 77 99 68 26 67 96 97 8 23 25 4 15 13 19 70 47 95 52 25 65 69 41 26 80 73 41 45 89 43 82 13 2 79 79 7 43 12 75 27 5 39 67 20 71 82
95 79 74 61 35 37 48 73 57 5 42 65 27 35 10 81 99 64 39 4 18 68 26 25 36 86 83 68 87 63 17 39 40 91 51 90 44 74 98 48 4 97 61 84 41 3 74 42 97 70
89 50 76 95 64 50 65 94 42 80 72 87 87 0 73 6 27 34 35 30 23 76 29 90 67 27 81 86 92 43 27 0 60 42 57 52 54 20 53 17 4 55 92 62 33 16 3 90 71 64
72 34 31 72 92 21 12 35 20 95 30 31 60 18 17 42 58 27 22 98 0 12 82 95 88 89 72 75 22 0 12 14 0 17 70 54 99 10 84 65 97 29 53 15 88 0 46 51 79 17
64 77 46 14 88 33 69 92 42 7 0 68 97 90 28 28 51 8 89 62 51 14 46 34 38 62 5 2 5 64 86 9 77 82 22 73 60 29 2 22 23 70 38 47 3 41 88 26 97 80
98 59 12 23 27 38 26 89 70 96 25 1 91 30 48 72 31 68 31 23 43 1 70 80 2 71 27 96 27 86 78 56 20 38 59 81 58 23 2 27 29 64 34 48 77 43 22 69 26 25
74 93 46 95 54 0 94 76 46 13 68 3 14 41 43 7 30 86 95 97 88 32 19 93 86 79 78 31 77 56 35 43 15 78 22 69 32 70 37 60 67 19 58 73 99 73 48 21 56 77
78 24 60 2 19 48 91 71 13 76 93 96 70 43 80 54 55 62 45 55 63 75 52 31 15 38 68 84 54 51 9 68 36 21 97 83 64 55 86 48 50 27 39 56 49 56 12 11 11 62
38 39 70 80 11 79 23 7 74 63 99 11 3 74 43 88 5 77 4 61 92 31 16 98 2 37 54 63 13 78 77 4 70 45 79 21 97 17 10 57 5 75 42 46 31 21 57 98 98 36
37 13 20 15 76 86 82 2 1 58 48 62 50 10 37 68 59 36 96 34 24 60 91 36 9 23 89 23 94 73 17 44 90 58 33 51 37 6 93 45 63 45 72 29 47 81 17 56 59 95
7 39 92 56 22 1 28 33 73 75 49 66 10 38 63 95 43 18 14 60 30 35 2 26 39 51 32 43 70 88 60 64 11 17 49 94 89 19 43 96 20 51 95 81 70 28 29 77 41 20
22 0 55 2 90 12 38 74 85 68 28 10 97 82 6 90 99 51 11 11 95 10 42 75 91 37 3 95 25 15 10 93 91 3 20 65 23 86 19 48 18 43 47 6 64 66 34 8 65 61
25 41 19 5 56 52 16 68 33 79 18 98 40 39 44 61 65 46 70 91 98 11 44 90 41 16 16 29 77 95 7 34 20 99 81 55 56 40 4 83 97 78 21 54 78 10 53 58 0 42
2 64 86 8 21 60 91 40 93 93 62 76 61 63 52 27 98 24 40 37 0 90 4 56 31 98 32 61 16 79 13 19 26 6 73 12 51 33 62 0 53 72 83 82 61 86 30 40 72 82
67 49 41 91 60 50 87 44 52 73 6 31 4 58 92 11 73 68 92 8 33 84 1 84 18 68 78 50 32 79 4 54 20 86 88 30 62 97 14 1 27 20 57 73 24 25 58 48 84 1
29 28 22 26 86 19 8 76 85 12 78 13 54 16 55 5 25 61 57 61 93 70 65 91 37 56 25 14 78 31 77 75 74 87 80 8 2 14 27 85 46 74 68 78 98 93 30 59 36 22
42 54 56 21 81 13 3 47 59 40 66 37 76 22 30 57 85 76 17 8 21 58 57 0 83 94 13 80 11 19 25 31 59 67 25 79 11 64 28 24 83 60 36 4 66 42 23 95 90 55
32 75 16 53 6 54 55 51 65 23 17 55 41 8 51 28 24 8 48 35 3 52 19 63 92 72 19 13 27 4 97 13 80 10 14 73 93 56 66 84 72 80 89 84 2 48 48 80 68 5
86 70 48 18 67 93 54 43 51 50 61 37 33 24 61 92 43 39 90 73 70 55 64 80 20 64 22 69 55 18 43 15 29 55 66 26 15 70 83 11 59 18 72 72 14 98 15 12 17 60
74 77 84 34 77 26 61 62 46 30 56 11 38 55 57 45 81 8 65 84 28 18 44 55 92 35 96 47 79 9 54 78 19 44 16 53 12 21 97 61 31 60 63 12 34 4 50 41 57 24
10 0 85 41 11 96 52 33 73 91 51 77 65 71 79 85 2 29 77 80 30 26 67 84 47 95 83 99 39 68 76 20 0 40 28 27 32 40 72 37 87 90 63 0 10 71 32 75 79 84
