1 7
0 1 2 3 4 5 6 6 7 7 8 9 9 10 10 11 11 12 13 13 14 15 16 17 18 19 19 20 20 21 22 23 24 24 25 26 27 27 28 29 29 30 31 31 32 32 33 33 34 34
0 35 2 3 4 5 36 36 37 37 8 38 39 39 40 40 41 12 42 42 14 15 43 17 44 44 45 46 46 21 22 47 47 48 25 26 49 50 50 51 52 52 53 53 54 55 56 56 57 58
59 35 60 61 61 62 62 63 64 64 65 65 66 66 67 67 41 68 69 69 70 70 43 71 71 72 45 73 73 74 74 75 76 77 77 78 79 79 80 80 81 82 83 84 54 85 86 86 57 58
87 87 88 89 89 90 91 91 92 93 93 94 94 95 96 97 98 68 99 99 100 100 101 101 102 103 103 104 104 105 106 75 76 107 107 108 108 109 109 110 81 82 83 111 111 85 112 113 114 114
115 116 88 117 118 119 120 121 122 123 123 124 124 95 96 97 98 125 126 126 127 128 128 129 129 130 130 131 131 105 132 133 134 135 136 137 137 138 139 110 140 141 142 143 144 144 112 145 146 146
115 147 147 117 118 119 120 121 122 148 149 150 151 151 152 153 154 125 155 156 127 157 158 159 159 160 161 162 163 163 132 133 134 135 164 165 165 138 166 166 140 141 142 167 168 169 169 145 170 171
172 172 173 174 175 176 176 177 177 148 149 150 178 179 179 153 180 180 155 156 181 182 158 183 184 160 161 162 185 185 186 187 188 189 164 190 190 191 192 193 193 194 194 167 168 195 195 196 170 171
197 198 198 174 199 199 200 200 201 202 202 203 203 204 205 206 207 208 208 209 181 182 210 183 184 211 211 212 213 213 214 187 188 189 215 216 216 191 192 217 217 218 219 219 220 220 221 196 222 222
197 223 224 225 226 226 227 227 201 228 229 230 231 204 232 206 207 233 234 209 235 236 237 238 238 239 240 240 241 241 214 242 242 243 244 245 246 247 248 248 249 250 251 252 252 253 254 254 255 255
256 223 224 257 257 258 258 259 260 260 229 230 231 261 232 262 262 233 234 263 235 236 237 264 265 265 266 266 267 267 268 269 270 271 244 245 246 272 273 273 249 250 274 275 275 253 276 276 277 277
278 279 279 280 281 282 283 259 284 284 285 285 286 286 287 287 288 289 289 263 290 291 291 292 292 293 293 294 295 295 268 269 270 271 296 297 297 272 298 299 300 300 274 301 302 303 304 304 305 306
278 307 308 308 281 282 283 309 309 310 311 311 312 313 313 314 288 315 315 316 317 318 319 320 321 321 322 323 323 324 325 325 326 327 296 328 329 329 298 299 330 330 331 301 302 303 332 333 305 306
334 307 335 336 337 338 338 339 340 340 341 342 312 343 344 345 345 346 346 347 317 318 319 320 348 349 350 351 352 324 353 353 326 327 354 355 355 356 356 357 357 358 358 359 359 360 332 333 361 361
362 362 335 363 337 364 364 365 365 366 367 342 368 368 344 369 370 371 371 347 372 373 373 374 348 349 350 351 375 376 376 377 377 378 378 379 379 380 380 381 382 382 383 384 384 360 385 385 386 386
387 388 389 363 390 391 392 392 393 393 367 394 395 396 397 369 370 398 398 399 372 400 400 401 401 402 403 404 375 405 405 406 406 407 407 408 408 409 409 410 410 411 411 412 412 413 414 415 416 417
418 388 389 419 390 391 420 421 422 423 423 394 395 396 397 424 425 425 426 427 427 428 428 429 430 430 403 404 431 431 432 433 433 434 434 435 435 436 436 437 438 438 439 440 440 413 414 415 416 417
418 441 441 442 443 443 420 421 422 444 445 445 446 446 447 424 448 449 426 450 451 452 452 429 453 453 454 454 455 455 432 456 457 457 458 459 460 461 462 437 463 464 439 465 465 466 466 467 468 469
470 471 471 442 472 472 473 474 475 444 476 477 477 478 479 480 480 449 481 450 482 482 483 483 484 485 485 486 487 488 489 490 490 491 458 459 460 461 462 492 463 493 493 494 495 496 497 467 468 498
470 499 499 500 500 501 473 474 502 502 476 503 504 478 479 505 506 506 507 507 508 509 510 510 484 511 512 512 487 513 489 514 514 491 515 515 516 516 517 517 518 519 519 520 495 496 497 521 521 498
522 522 523 524 525 501 526 526 527 528 529 529 504 530 530 505 531 531 532 532 508 509 533 534 534 511 535 535 536 513 537 537 538 539 539 540 540 541 542 543 518 544 545 520 546 547 547 548 549 549
550 550 523 524 551 551 552 553 527 528 554 554 555 556 557 558 558 559 560 561 562 563 533 564 564 565 566 567 568 569 569 570 538 571 572 573 573 541 542 574 574 544 545 575 575 576 577 548 578 579
580 581 581 582 583 583 552 553 584 585 586 586 555 556 557 587 587 559 560 561 562 563 588 589 589 565 566 567 568 590 591 570 592 592 572 593 594 594 595 595 596 596 597 597 598 576 577 599 578 579
580 600 601 602 602 603 604 605 605 585 606 606 607 607 608 609 609 610 610 611 612 612 588 613 614 614 615 615 616 617 591 618 619 619 620 621 622 623 623 624 624 625 625 626 626 627 628 628 629 629
630 600 601 631 631 632 604 633 634 634 635 635 636 636 608 637 637 638 639 639 640 640 641 642 642 643 643 644 644 617 645 645 646 646 620 621 622 647 648 649 650 650 651 651 652 627 653 654 655 655
630 656 657 657 658 632 659 633 660 661 661 662 662 663 664 664 665 666 666 667 668 668 669 669 670 671 672 672 673 673 674 674 675 675 676 677 678 678 648 679 680 680 681 681 652 682 653 654 683 683
684 656 685 685 658 686 659 687 688 688 689 690 690 691 691 692 692 693 693 667 694 695 696 697 670 698 699 700 700 701 701 702 703 703 676 704 704 705 706 679 707 708 709 710 710 711 712 712 713 713
684 714 714 715 716 716 717 717 718 719 689 720 721 722 722 723 724 724 725 726 726 695 696 727 727 698 728 729 729 730 730 702 731 732 733 733 734 705 706 735 707 708 709 736 736 711 737 738 739 739
740 740 741 715 742 742 743 743 718 719 744 744 721 745 746 747 748 749 725 750 750 751 751 752 753 754 728 755 756 757 758 758 731 732 759 759 734 760 760 735 761 762 763 763 764 764 737 738 765 766
767 767 741 768 768 769 770 771 771 772 772 773 773 745 774 747 748 749 775 776 777 777 778 752 753 754 779 755 756 757 780 780 781 782 783 783 784 785 786 787 761 762 788 788 789 789 790 790 765 766
791 792 793 794 795 795 770 796 796 797 798 798 799 799 774 800 801 801 775 776 802 802 778 803 803 804 779 805 806 807 808 809 809 782 810 811 811 785 786 812 812 813 813 814 814 815 815 816 817 818
791 792 793 819 820 821 822 823 824 797 825 826 826 827 827 800 828 828 829 829 830 830 831 831 832 833 833 805 806 807 808 834 835 836 837 837 838 839 840 841 842 843 844 845 846 846 847 816 817 818
848 848 849 819 820 821 822 823 850 850 851 852 853 854 854 855 855 856 857 858 859 859 860 861 862 863 864 865 865 866 867 867 835 868 868 869 838 839 840 841 842 843 844 845 870 870 847 871 872 872
873 873 849 874 875 876 876 877 877 878 851 852 853 879 879 880 881 882 857 858 883 883 860 861 862 863 864 884 885 866 886 887 888 889 890 869 891 892 893 893 894 895 895 896 897 898 899 899 900 900
901 901 902 874 875 903 904 905 905 878 906 906 907 908 908 880 881 882 909 910 911 912 913 914 915 915 916 884 917 918 886 887 888 919 890 920 891 892 921 921 922 923 924 896 897 898 925 925 926 927
928 929 902 930 930 903 904 931 931 932 932 933 907 934 935 936 936 937 909 910 938 912 913 914 939 939 940 940 917 941 941 942 942 919 943 920 944 944 945 945 922 923 924 946 947 947 948 949 926 927
928 929 950 951 952 953 954 954 955 956 956 957 957 934 935 958 959 937 960 960 938 961 961 962 963 964 965 966 967 967 968 968 969 970 970 971 971 972 972 973 973 974 975 975 976 976 948 949 977 978
979 980 980 951 952 953 981 981 955 982 983 983 984 984 985 958 959 986 987 988 988 989 989 962 963 964 965 966 990 991 992 992 969 993 994 994 995 995 996 997 997 974 998 998 999 999 1000 1000 1001 978
1002 1002 1003 1004 1004 1005 1005 1006 1006 1007 1008 1009 1010 1011 985 1012 1012 986 987 1013 1014 1015 1016 1016 1017 1018 1019 1019 990 991 1020 1021 1022 993 1023 1023 1024 1024 1025 1025 1026 1027 1027 1028 1028 1029 1029 1030 1001 1031
1032 1032 1003 1033 1034 1035 1036 1036 1037 1007 1008 1009 1010 1011 1038 1038 1039 1040 1041 1013 1014 1015 1042 1042 1017 1018 1043 1044 1045 1045 1020 1021 1022 1046 1047 1047 1048 1048 1049 1050 1026 1051 1051 1052 1053 1054 1054 1030 1055 1031
1056 1057 1057 1058 1034 1035 1059 1060 1037 1061 1061 1062 1063 1064 1065 1065 1039 1040 1066 1067 1068 1068 1069 1070 1071 1071 1043 1044 1072 1073 1074 1074 1075 1075 1076 1077 1078 1079 1080 1050 1081 1081 1082 1083 1053 1084 1085 1086 1087 1088
1056 1089 1089 1058 1090 1090 1059 1060 1091 1091 1092 1062 1063 1093 1094 1095 1095 1096 1066 1067 1097 1097 1098 1070 1099 1099 1100 1101 1101 1073 1102 1103 1104 1105 1076 1077 1078 1079 1080 1106 1107 1107 1082 1083 1108 1109 1085 1110 1087 1088
1111 1111 1112 1112 1113 1113 1114 1114 1115 1115 1116 1116 1117 1093 1094 1118 1118 1096 1119 1120 1121 1121 1098 1122 1123 1123 1100 1124 1125 1126 1102 1103 1104 1105 1127 1127 1128 1129 1130 1106 1131 1132 1133 1134 1134 1109 1135 1110 1136 1137
1138 1138 1139 1140 1140 1141 1141 1142 1142 1143 1144 1144 1145 1146 1146 1147 1147 1148 1148 1120 1149 1150 1150 1122 1151 1151 1152 1124 1125 1153 1154 1154 1155 1155 1156 1156 1128 1129 1130 1157 1157 1132 1158 1158 1159 1160 1160 1161 1136 1137
1162 1163 1139 1164 1164 1165 1166 1167 1168 1168 1169 1169 1145 1170 1171 1171 1172 1172 1173 1173 1149 1174 1175 1176 1176 1177 1178 1179 1179 1153 1180 1180 1181 1182 1183 1184 1185 1185 1186 1187 1188 1189 1190 1190 1159 1191 1192 1161 1193 1193
1194 1163 1195 1195 1196 1196 1166 1167 1197 1197 1198 1199 1200 1201 1201 1202 1203 1204 1205 1205 1206 1174 1175 1207 1208 1208 1178 1209 1209 1210 1211 1212 1181 1182 1183 1184 1213 1214 1186 1187 1188 1215 1215 1216 1216 1191 1192 1217 1217 1218
1194 1219 1219 1220 1221 1221 1222 1223 1223 1224 1224 1199 1225 1226 1227 1202 1228 1204 1229 1229 1230 1230 1231 1232 1232 1233 1233 1234 1235 1210 1211 1212 1236 1236 1237 1238 1213 1214 1239 1240 1240 1241 1241 1242 1242 1243 1244 1245 1245 1218
1246 1247 1248 1220 1249 1249 1250 1251 1251 1252 1252 1253 1225 1226 1227 1254 1228 1255 1256 1257 1258 1258 1231 1259 1259 1260 1261 1234 1262 1262 1263 1263 1264 1265 1237 1266 1267 1267 1268 1268 1269 1269 1270 1271 1272 1273 1244 1274 1275 1275
1246 1276 1248 1277 1277 1278 1250 1279 1279 1280 1281 1253 1282 1282 1283 1254 1284 1255 1256 1257 1285 1286 1287 1288 1288 1260 1289 1289 1290 1291 1292 1292 1264 1293 1293 1266 1294 1295 1295 1296 1297 1297 1270 1298 1272 1273 1299 1300 1300 1301
1302 1276 1303 1304 1305 1306 1307 1308 1308 1280 1281 1309 1309 1310 1283 1311 1284 1312 1313 1313 1285 1286 1314 1314 1315 1315 1316 1317 1290 1291 1318 1319 1320 1321 1321 1322 1294 1323 1323 1296 1324 1324 1325 1298 1326 1326 1299 1327 1327 1328
1302 1329 1303 1304 1305 1306 1307 1330 1331 1331 1332 1333 1333 1310 1334 1335 1335 1312 1336 1337 1337 1338 1339 1339 1340 1340 1316 1317 1341 1342 1342 1319 1320 1343 1343 1322 1344 1345 1345 1346 1346 1347 1325 1348 1349 1349 1350 1351 1351 1328
94 16 80 76 70 51 86 75 63 72 70 85 45 57 43 62 87 58 80 16 48 54 71 69 65 25 41 39 33 18 90 99 59 74 69 31 15 50 83 63 64 88 85 91 52 80 69 53 21 44
77 89 64 76 97 93 69 83 69 46 64 99 22 98 70 46 30 96 25 70 74 36 4 74 62 25 44 85 76 32 18 59 78 14 79 13 74 76 71 12 49 95 41 86 17 5 14 56 10 14
28 1 68 49 59 30 67 52 6 29 65 97 89 95 68 38 56 23 70 41 33 84 45 86 89 60 43 39 96 47 81 14 95 77 44 48 58 98 27 32 96 13 47 96 55 6 83 75 49 33
20 63 68 45 94 31 3 91 86 64 99 64 49 49 47 76 40 36 89 77 81 93 73 31 82 84 86 62 72 8 1 10 20 13 66 90 94 24 56 38 62 19 59 93 4 46 38 85 52 47
94 45 24 92 46 68 28 63 75 56 85 70 50 79 4 42 86 30 7 24 84 52 10 47 45 31 9 93 23 47 77 42 73 48 83 58 39 54 25 73 38 49 0 88 84 3 4 92 47 31
99 6 24 56 17 27 41 11 61 73 12 13 88 4 64 61 48 60 58 33 89 9 22 17 90 1 34 59 97 32 77 59 37 62 24 11 61 45 55 6 19 19 84 1 36 69 49 94 49 45
49 92 49 16 83 74 88 43 47 83 93 27 75 96 37 82 33 41 24 68 22 7 25 65 10 55 5 13 3 39 71 47 89 69 9 34 82 56 6 93 0 21 58 87 47 83 34 54 47 91
78 45 9 69 31 89 74 70 80 4 91 51 39 86 84 13 98 98 45 71 43 80 52 89 23 59 16 82 50 15 92 26 2 55 34 72 95 83 66 69 30 70 25 8 23 85 51 10 56 0
93 92 73 70 61 6 59 21 67 73 94 18 6 56 60 95 69 90 27 61 0 57 48 53 14 2 29 39 1 7 24 57 46 51 51 66 51 90 73 2 1 39 2 76 38 33 37 4 69 88
16 72 93 8 29 46 64 5 63 83 97 16 8 91 58 16 49 96 92 37 59 18 24 72 38 98 61 20 81 77 3 43 62 11 47 10 81 88 47 23 32 1 21 96 35 64 37 35 37 18
56 53 26 40 7 53 48 32 81 49 84 65 40 24 38 49 55 99 89 41 53 96 51 49 55 92 40 42 87 49 86 88 28 0 44 13 22 82 45 53 21 16 48 90 50 86 94 18 30 20
50 8 26 20 67 26 45 70 75 31 93 25 86 4 1 55 61 23 22 11 26 56 6 39 33 32 4 85 73 60 35 90 29 93 11 32 59 47 97 62 7 8 21 2 91 56 7 69 63 24
18 41 88 12 67 35 43 35 11 29 8 43 12 3 44 52 93 27 29 18 39 81 32 78 69 56 13 74 36 63 35 84 29 38 19 34 49 49 79 29 2 73 66 12 56 18 65 34 27 66
37 72 0 2 41 66 56 71 48 52 68 52 60 7 16 38 39 52 46 30 3 42 92 49 64 55 32 32 77 95 63 61 86 36 53 31 56 69 17 74 27 65 13 85 45 26 26 37 51 49
78 55 37 60 39 41 96 88 7 79 89 92 30 26 43 68 51 41 77 61 1 43 90 82 84 56 19 98 18 97 77 36 26 27 76 67 5 28 39 49 12 12 2 37 63 50 42 19 8 14
54 80 93 65 60 36 40 97 51 94 60 93 88 47 31 83 13 13 64 83 0 35 66 28 39 80 58 60 15 37 36 22 95 60 77 33 79 17 37 48 46 59 49 79 94 44 33 59 6 95
89 33 39 35 48 25 20 89 3 75 48 35 7 67 32 75 10 95 74 98 87 7 86 37 79 26 7 76 26 57 98 34 14 10 11 81 45 81 92 13 58 38 93 98 27 29 68 80 52 40
25 27 92 98 97 27 91 75 27 53 37 31 21 67 71 96 0 53 30 99 1 90 48 43 98 4 60 70 85 34 14 11 39 9 47 50 37 66 79 50 14 84 58 80 59 81 53 28 49 24
65 50 66 98 29 34 82 97 10 43 98 56 77 28 56 14 23 70 45 24 95 50 74 72 71 31 68 7 66 31 89 95 17 49 69 97 1 81 20 61 23 94 33 51 45 25 84 32 71 13
24 32 19 1 83 55 33 9 16 70 94 56 72 47 69 98 48 35 20 31 33 48 21 28 29 87 98 6 19 19 40 70 3 79 88 86 13 81 77 24 73 57 81 98 59 41 26 27 57 92
85 44 63 96 81 22 69 44 90 22 4 3 19 34 87 41 87 29 10 39 74 35 62 67 29 16 64 87 42 12 39 11 38 66 56 97 71 50 7 39 24 10 91 60 51 40 85 37 56 82
72 43 11 43 89 36 37 6 3 23 26 42 93 24 36 37 49 14 73 90 40 0 62 95 96 67 67 21 23 58 27 40 46 18 74 34 52 64 59 84 27 51 85 62 71 28 24 31 26 78
12 56 14 98 13 24 45 71 33 46 64 52 30 70 26 84 72 24 9 22 16 98 27 34 32 26 44 12 43 29 70 20 74 59 10 26 55 3 60 13 65 42 76 39 83 86 35 48 78 2
55 41 6 52 19 45 78 18 11 54 99 62 61 41 78 80 12 91 65 48 4 6 99 69 15 43 73 59 83 87 6 84 4 30 78 80 55 83 29 45 29 84 58 38 47 87 6 80 19 4
61 42 61 28 91 85 68 31 97 92 6 91 59 26 0 28 51 15 41 51 57 4 47 12 69 97 9 27 14 48 42 88 64 99 55 44 11 28 24 89 32 17 46 49 79 18 57 94 11 56
57 11 14 98 75 50 14 57 85 85 73 35 27 49 4 67 17 90 56 9 70 30 22 42 15 16 87 19 5 75 94 94 71 62 77 50 4 21 24 27 3 3 22 28 69 10 69 76 73 85
10 23 81 91 32 20 31 94 83 29 17 37 56 62 42 73 64 45 39 4 3 10 93 56 62 39 58 50 3 47 59 78 32 76 31 78 70 86 66 58 49 34 68 85 20 38 32 39 17 44
43 99 99 48 49 80 9 83 50 8 85 1 11 53 87 98 5 33 5 45 65 57 12 42 88 68 51 78 98 33 35 79 37 98 36 8 37 9 55 36 22 30 43 77 21 18 38 14 28 31
29 99 3 43 12 30 11 44 93 49 63 69 80 0 62 78 28 38 57 55 2 40 56 43 1 95 30 85 27 83 45 47 78 22 32 67 18 23 64 2 45 29 17 15 64 61 95 51 38 98
74 31 33 33 28 1 89 92 8 41 17 80 40 3 88 24 3 38 89 64 26 31 77 49 77 93 14 40 92 75 58 27 58 38 12 13 95 51 56 32 28 61 87 6 20 76 20 50 51 90
35 84 7 6 87 56 85 17 0 57 51 88 3 9 81 29 33 72 32 63 27 42 83 36 32 22 32 47 54 74 32 36 33 86 98 96 72 53 83 14 77 72 7 87 58 19 43 8 90 57
2 76 98 89 32 51 43 57 40 26 27 18 63 59 9 20 21 54 26 7 69 0 43 13 39 74 48 7 29 93 54 16 19 71 49 52 85 25 70 99 83 78 19 62 81 77 6 72 63 0
75 41 62 41 40 59 43 58 23 60 47 2 2 51 22 36 88 43 59 13 59 70 48 27 48 35 35 30 20 87 65 3 27 72 69 29 98 23 62 83 87 26 17 63 79 60 50 3 36 84
58 94 84 53 65 76 45 99 84 44 26 10 56 2 80 99 0 71 99 55 36 2 20 32 80 90 80 27 42 62 68 53 85 91 27 41 95 87 87 75 45 6 35 18 69 26 85 20 39 13
64 21 25 32 99 13 74 39 44 54 18 18 25 64 35 10 59 88 84 67 58 16 67 55 57 5 45 76 75 31 43 28 75 72 55 58 2 73 80 13 67 69 30 41 5 21 89 37 42 72
40 97 20 37 92 1 57 20 57 29 42 1 24 0 93 88 1 20 8 8 53 12 17 63 27 66 81 71 57 88 92 41 22 30 18 76 94 0 47 63 6 6 71 51 77 98 8 13 46 58
35 89 96 73 68 9 97 93 92 75 7 24 18 57 59 47 15 21 99 81 1 83 92 71 92 71 44 33 33 8 65 53 47 48 58 4 7 45 63 67 82 77 89 79 97 6 4 74 69 86
52 18 31 26 67 79 82 9 78 15 90 75 69 46 45 30 96 70 7 32 0 2 29 44 45 65 30 72 68 32 93 72 81 23 92 44 84 20 33 98 25 2 10 4 23 75 85 43 18 8
0 99 24 59 13 95 54 92 72 89 93 30 0 25 83 73 37 28 26 78 92 31 60 42 34 95 15 3 27 29 29 13 18 52 92 32 95 92 54 1 93 82 35 27 59 39 18 28 37 10
25 99 71 52 63 81 75 33 52 73 43 28 59 18 67 77 69 89 51 22 90 97 74 7 45 3 79 31 41 61 36 86 38 55 50 50 0 71 3 65 10 49 6 17 38 99 49 37 11 55
62 24 91 38 54 89 46 42 52 69 2 71 80 96 19 55 80 30 38 76 99 28 96 71 70 24 42 85 56 71 77 99 36 7 10 57 17 95 93 43 74 62 71 92 11 83 83 17 43 22
28 71 85 96 3 91 35 73 64 72 88 35 1 2 87 67 64 91 39 96 11 79 27 14 60 78 48 60 34 3 39 18 3 0 17 81 80 68 0 25 16 63 25 10 36 65 78 53 83 38
93 88 31 71 75 20 17 6 41 13 28 2 22 22 55 63 24 60 31 75 15 30 83 70 81 47 26 82 20 35 91 23 22 15 66 99 57 40 22 58 87 68 68 79 39 35 88 2 87 74
0 6 38 83 59 62 2 25 34 14 52 42 60 90 68 56 70 21 41 58 48 61 38 90 95 58 86 99 33 8 98 40 28 8 3 46 99 26 87 16 67 70 42 38 61 42 90 36 63 74
63 5 7 97 63 41 95 36 58 22 97 70 20 88 28 39 90 8 13 31 57 19 8 36 76 79 83 93 79 66 76 64 54 43 86 74 25 86 61 66 92 47 85 76 9 88 62 13 69 49
32 11 82 15 1 1 66 41 81 0 29 59 85 88 88 16 90 29 1 39 35 49 22 90 18 33 85 1 23 99 95 66 38 37 99 34 30 49 15 41 9 21 43 37 10 35 13 2 59 7
40 93 40 15 37 71 7 9 52 14 18 52 88 98 54 4 5 19 88 33 62 61 7 62 6 20 51 7 96 56 89 77 38 63 90 19 68 65 65 92 13 94 19 9 24 36 68 53 74 3
29 75 60 56 46 46 68 45 64 2 56 61 85 70 67 6 73 65 33 7 85 65 62 76 0 85 88 70 91 37 13 24 64 77 1 61 30 22 88 17 9 78 64 40 51 77 15 49 6 65
10 55 19 35 4 38 59 92 48 70 38 18 44 34 30 70 13 64 2 19 28 86 48 68 24 26 13 5 41 37 11 78 32 60 5 97 98 62 37 63 33 77 37 59 36 87 9 5 72 4
51 0 97 27 56 85 4 27 73 24 58 47 91 44 9 15 94 65 57 33 0 88 8 76 96 68 33 92 9 62 74 70 87 79 45 21 17 76 98 36 49 93 14 77 58 79 42 65 75 67
