7 27
0 0 1 2 3 4 5 6 6 7 8 9 10 11 12 13 14 15 16 17 17 18 19 19 20 21 21 22 22 23 24 24 25 26 26 27 28 28 29 29 30 31 31 32 32 33 34 34 35 36
37 37 1 2 3 4 38 38 39 7 8 9 10 11 12 13 14 15 40 40 41 18 42 42 20 43 44 45 45 23 46 46 25 47 48 48 49 49 50 50 30 51 51 52 53 53 54 54 35 36
55 55 56 56 57 57 58 58 59 60 60 61 62 62 63 63 64 65 65 66 67 68 69 70 70 43 44 71 71 72 73 74 74 75 75 76 77 77 78 79 79 80 81 52 82 83 84 84 85 86
87 88 89 90 91 91 92 92 59 93 93 61 94 94 95 96 97 98 98 66 67 68 99 99 100 101 102 103 104 72 105 105 106 106 107 76 108 109 110 110 111 80 112 112 82 83 113 113 85 114
115 88 89 90 116 117 117 118 118 119 119 120 120 121 95 96 97 122 122 123 123 124 125 125 100 101 102 103 104 126 127 128 128 129 107 130 130 109 131 131 111 132 133 134 135 135 136 136 137 114
115 138 138 139 116 140 141 142 142 143 144 145 146 147 147 148 149 150 150 151 151 152 153 154 154 155 156 156 157 157 127 158 159 160 161 162 162 163 163 164 165 132 133 134 166 166 167 167 137 168
169 169 170 171 172 173 141 174 175 143 144 145 146 176 176 148 149 177 178 179 180 152 181 181 182 155 183 184 185 185 186 158 159 160 161 187 187 188 189 164 190 191 192 193 193 194 195 196 196 168
197 197 170 171 172 173 198 174 175 199 199 200 200 201 201 202 202 177 178 179 203 203 204 205 182 206 183 184 207 207 186 208 209 209 210 211 211 188 189 212 190 191 192 213 214 194 195 215 216 217
218 218 219 220 221 221 222 223 224 224 225 225 226 226 227 227 228 229 229 230 231 232 204 205 233 234 234 235 235 236 236 208 237 237 210 238 239 240 240 212 241 241 242 213 214 243 243 215 216 217
244 244 219 245 246 247 222 223 248 249 250 251 252 252 253 253 254 254 255 255 231 232 256 256 257 257 258 258 259 260 261 261 262 262 263 238 239 264 264 265 266 266 242 267 268 268 269 270 271 272
273 274 275 245 246 247 276 277 248 249 250 251 278 278 279 279 280 281 281 282 283 283 284 285 285 286 287 288 259 260 289 289 290 291 291 292 293 294 295 296 296 297 297 267 298 299 269 270 271 272
273 274 275 300 300 301 276 277 302 303 304 305 306 307 308 308 309 309 310 282 311 312 313 313 314 286 287 315 315 316 316 317 290 318 318 292 293 294 319 319 320 320 321 321 298 299 322 322 323 323
324 325 325 326 326 301 327 327 302 303 304 305 306 307 328 329 329 330 310 331 311 312 332 332 314 333 333 334 334 335 336 317 337 338 339 340 341 341 342 342 343 343 344 344 345 345 346 347 348 349
324 350 350 351 352 352 353 354 354 355 356 357 357 358 358 359 360 330 361 331 362 363 364 364 365 365 366 367 368 335 369 369 337 338 339 340 370 370 371 371 372 372 373 374 374 375 375 347 348 349
376 377 378 378 379 379 380 381 381 355 382 383 383 384 385 385 360 386 386 387 362 388 388 389 390 390 366 367 391 391 392 393 394 394 395 395 396 396 397 397 398 399 373 400 401 401 402 402 403 404
405 377 406 407 408 408 380 409 410 411 382 412 412 384 413 413 414 415 415 387 416 416 417 417 418 419 420 420 421 421 392 393 422 423 423 424 425 425 426 426 398 399 427 400 428 429 429 430 403 404
405 431 406 407 432 432 433 433 410 411 434 435 436 437 438 439 414 440 440 441 441 442 442 443 418 444 444 445 446 446 447 447 422 448 448 424 449 449 450 451 451 452 452 453 453 454 454 455 455 456
457 431 458 458 459 459 460 460 461 461 434 435 436 437 438 439 462 463 464 464 465 466 467 468 468 469 470 445 471 472 472 473 474 474 475 475 476 477 477 478 479 480 481 481 482 482 483 484 484 456
457 485 486 486 487 488 489 490 490 491 492 492 493 494 495 496 496 463 497 497 465 466 467 498 498 499 470 500 500 501 502 473 503 503 504 505 505 506 507 507 479 508 508 509 510 511 483 512 512 513
514 514 515 515 487 488 489 516 516 517 517 518 493 494 519 519 520 521 521 522 522 523 524 525 525 499 526 526 527 527 502 528 529 529 530 530 531 532 533 534 534 535 535 509 510 511 536 537 538 513
539 539 540 541 541 542 542 543 543 544 544 545 546 547 548 549 550 551 551 552 552 523 524 553 553 554 554 555 556 557 557 558 558 559 559 560 560 532 533 561 562 562 563 563 564 564 536 537 538 565
566 567 567 568 569 570 571 571 572 572 573 545 546 547 548 549 550 574 575 576 576 577 577 578 578 579 580 580 556 581 581 582 582 583 584 584 585 586 586 561 587 588 588 589 589 590 590 591 591 592
566 593 593 568 569 570 594 595 595 596 597 597 598 598 599 600 601 601 575 602 603 603 604 604 605 605 606 607 607 608 609 609 610 610 611 612 613 613 614 615 615 616 616 617 618 619 619 620 620 592
621 622 623 624 625 626 594 627 628 629 630 631 632 632 633 600 634 635 636 637 638 639 640 640 641 642 643 644 645 608 646 646 647 647 611 612 648 648 614 649 649 650 650 617 618 651 652 653 653 654
621 622 623 624 625 626 655 655 628 629 630 656 656 657 633 658 634 635 636 637 638 639 659 660 641 642 643 644 661 662 663 664 665 666 667 668 669 670 670 671 671 672 673 674 675 651 652 676 676 654
677 677 678 679 679 680 680 681 682 683 684 684 685 685 686 658 687 688 688 689 690 691 659 660 692 692 693 693 661 662 663 664 665 666 667 668 669 694 694 695 695 672 673 674 696 696 697 697 698 698
699 700 701 701 702 703 704 704 682 705 705 706 707 707 708 708 687 709 709 689 690 691 710 711 711 712 713 713 714 715 715 716 717 717 718 719 720 721 722 722 723 723 724 725 726 726 727 728 729 729
699 730 730 731 702 732 733 734 735 736 736 737 738 739 740 740 741 741 742 742 743 744 710 745 745 712 746 746 747 748 748 716 749 749 718 750 720 751 752 753 753 754 754 725 755 756 727 728 757 757
758 758 759 731 760 732 733 734 735 761 761 737 738 739 762 762 763 764 764 765 743 766 766 767 767 768 768 769 747 770 770 771 772 773 773 750 774 751 752 775 776 776 777 778 755 756 779 779 780 780
781 781 759 782 782 783 784 785 785 786 787 788 789 790 791 792 792 793 793 794 794 795 796 796 797 798 798 769 799 799 800 801 772 802 803 803 804 805 805 806 806 807 777 778 808 809 810 811 812 813
814 815 815 816 817 783 818 819 819 820 787 788 789 790 791 821 821 822 822 823 823 795 824 824 797 825 825 826 826 827 827 801 828 802 829 829 804 830 831 832 833 807 834 835 835 809 810 811 812 813
814 836 836 837 817 838 818 839 840 820 841 842 842 843 843 844 845 846 847 847 848 848 849 849 850 851 852 852 853 854 855 856 828 857 858 859 860 860 831 832 833 861 834 862 862 863 864 864 865 865
866 867 867 837 868 868 869 839 840 870 841 871 871 872 872 844 845 846 873 874 875 875 876 877 850 851 878 878 853 854 855 856 879 857 858 880 880 881 882 882 883 883 884 884 885 863 886 887 887 888
866 889 889 890 891 892 893 894 894 870 895 896 896 897 897 898 898 899 873 874 900 901 901 877 902 903 903 904 904 905 905 906 879 907 908 909 910 911 911 912 912 913 914 915 916 916 886 917 918 919
920 921 922 922 891 923 893 924 924 925 895 926 927 928 929 930 930 899 931 931 900 932 932 933 902 934 934 935 936 937 938 906 939 907 908 940 910 941 941 942 942 913 914 943 944 945 946 946 918 919
920 921 947 947 948 923 949 950 951 952 952 926 927 928 953 953 954 954 955 955 956 956 957 933 958 959 960 935 936 937 938 961 939 962 963 940 964 964 965 966 966 967 968 943 944 945 969 969 970 971
972 972 973 974 975 975 976 950 977 977 978 979 979 980 980 981 981 982 983 984 985 985 957 986 958 987 960 988 988 989 989 961 990 962 963 991 992 993 994 994 995 995 968 996 996 997 997 998 970 971
999 1000 973 1001 1001 1002 976 1003 1003 1004 1004 1005 1006 1007 1008 1008 1009 1009 983 1010 1011 1011 1012 986 1013 987 1014 1014 1015 1015 1016 1016 990 1017 1018 1018 992 993 1019 1020 1020 1021 1022 1022 1023 1024 1024 998 1025 1025
999 1000 1026 1027 1028 1002 1029 1030 1031 1031 1032 1032 1006 1007 1033 1034 1034 1035 1035 1010 1036 1036 1012 1037 1037 1038 1038 1039 1040 1041 1041 1042 1043 1017 1044 1044 1045 1046 1046 1047 1048 1049 1050 1050 1023 1051 1052 1052 1053 1053
1054 1055 1055 1027 1028 1056 1029 1030 1057 1057 1058 1058 1059 1059 1060 1060 1061 1061 1062 1062 1063 1063 1064 1065 1066 1067 1067 1068 1040 1069 1069 1042 1043 1070 1071 1072 1072 1073 1073 1074 1048 1049 1075 1075 1076 1051 1077 1078 1078 1079
1054 1080 1080 1081 1082 1056 1083 1083 1084 1085 1085 1086 1086 1087 1087 1088 1089 1090 1091 1091 1092 1093 1064 1065 1066 1094 1095 1068 1096 1096 1097 1098 1098 1070 1071 1099 1100 1101 1102 1074 1103 1103 1104 1104 1076 1105 1077 1106 1107 1079
1108 1109 1110 1110 1082 1111 1112 1112 1084 1113 1114 1115 1116 1117 1117 1088 1089 1090 1118 1119 1092 1120 1120 1121 1121 1094 1122 1123 1124 1124 1097 1125 1126 1127 1127 1099 1100 1128 1102 1129 1129 1130 1130 1131 1132 1105 1133 1106 1107 1134
1135 1109 1136 1137 1138 1111 1139 1140 1140 1113 1114 1141 1116 1142 1142 1143 1144 1145 1118 1119 1146 1146 1147 1148 1149 1149 1122 1150 1150 1151 1152 1125 1153 1154 1154 1155 1156 1128 1157 1158 1158 1159 1159 1131 1132 1160 1133 1161 1162 1162
1135 1163 1136 1137 1138 1164 1165 1165 1166 1166 1167 1141 1168 1168 1169 1143 1144 1170 1170 1171 1172 1173 1147 1148 1174 1174 1175 1176 1176 1151 1177 1178 1153 1179 1179 1155 1180 1181 1157 1182 1182 1183 1184 1184 1185 1186 1186 1161 1187 1188
1189 1190 1191 1192 1193 1194 1195 1196 1197 1197 1167 1198 1199 1200 1169 1201 1201 1202 1203 1204 1172 1173 1205 1206 1207 1207 1175 1208 1209 1209 1177 1178 1210 1211 1211 1212 1180 1181 1213 1214 1214 1183 1215 1215 1185 1216 1216 1217 1217 1188
1189 1190 1191 1192 1193 1194 1195 1196 1218 1218 1219 1198 1199 1200 1220 1221 1221 1202 1203 1204 1222 1222 1205 1223 1223 1224 1224 1208 1225 1225 1226 1227 1210 1228 1229 1212 1230 1231 1231 1232 1232 1233 1234 1235 1236 1237 1238 1238 1239 1240
1241 1242 1242 1243 1243 1244 1244 1245 1245 1246 1246 1247 1248 1248 1249 1250 1250 1251 1251 1252 1252 1253 1254 1255 1255 1256 1256 1257 1258 1259 1226 1227 1260 1260 1229 1261 1230 1262 1262 1263 1263 1233 1234 1235 1236 1237 1264 1264 1239 1240
1241 1265 1265 1266 1266 1267 1267 1268 1269 1269 1270 1247 1271 1271 1249 1272 1273 1274 1274 1275 1276 1276 1254 1277 1278 1278 1279 1279 1258 1280 1281 1282 1282 1283 1284 1284 1285 1286 1287 1288 1289 1290 1290 1291 1292 1292 1293 1293 1294 1294
1295 1296 1297 1297 1298 1299 1299 1300 1301 1301 1302 1303 1303 1304 1305 1272 1273 1306 1306 1307 1307 1308 1308 1309 1310 1311 1312 1313 1313 1280 1281 1314 1314 1315 1315 1316 1285 1286 1287 1288 1289 1317 1318 1291 1319 1319 1320 1320 1321 1322
1295 1296 1323 1323 1298 1324 1324 1300 1325 1325 1302 1326 1326 1304 1305 1327 1327 1328 1328 1329 1329 1330 1330 1309 1310 1311 1312 1331 1331 1332 1332 1333 1333 1334 1335 1335 1336 1336 1337 1337 1338 1338 1318 1339 1339 1340 1340 1341 1321 1322
97 95 0 80 59 63 13 88 5 11 74 46 64 73 69 38 38 53 92 58 26 33 75 9 17 54 6 28 1 54 74 61 32 55 82 92 23 59 27 76 90 47 0 29 77 18 65 36 88 21
40 70 59 30 84 78 58 97 54 83 10 81 59 90 91 21 71 80 94 88 34 69 92 78 91 44 66 3 86 9 69 58 2 3 5 74 72 96 2 16 24 1 44 64 57 54 43 30 17 83
17 57 9 59 82 14 64 24 80 4 63 35 91 86 83 93 28 3 33 55 64 92 50 2 81 4 86 55 61 60 37 69 92 32 29 23 76 8 73 35 62 67 0 1 47 54 80 36 65 47
2 49 21 83 59 35 34 21 25 19 5 99 15 26 82 68 78 41 63 75 37 25 30 36 64 9 3 24 4 51 75 17 54 40 74 31 97 17 74 80 67 93 87 97 64 6 23 23 88 87
52 45 56 11 93 99 27 97 56 38 50 36 64 0 96 1 34 94 2 89 35 86 15 81 65 84 89 54 28 49 22 66 53 86 99 46 55 52 31 52 24 32 37 13 19 41 33 35 24 27
74 17 52 36 35 78 71 47 24 45 10 88 49 98 45 70 64 2 20 28 40 94 9 49 35 24 9 42 16 48 73 58 39 49 87 62 67 20 95 83 2 30 33 26 21 56 97 65 80 86
39 89 0 33 56 4 35 89 34 18 96 21 56 63 86 87 70 93 73 8 68 52 18 71 61 34 31 81 75 30 41 10 96 76 10 82 91 39 52 18 24 69 80 2 58 33 84 24 13 75
5 47 87 70 37 46 36 34 81 39 35 70 79 36 11 1 0 20 24 97 22 3 71 22 55 17 49 80 54 31 60 34 55 97 89 53 37 98 43 59 19 11 46 12 1 88 14 27 21 65
76 60 87 79 7 18 12 52 81 79 11 21 34 80 22 31 47 0 77 90 93 30 41 7 60 38 33 60 20 0 1 2 0 9 64 22 58 36 88 20 51 1 56 66 29 92 94 67 83 19
32 58 31 5 21 67 71 80 69 69 87 49 21 67 7 47 3 2 49 63 2 32 66 91 69 24 49 68 33 91 9 69 27 95 52 94 47 41 41 86 6 88 75 32 88 70 62 23 35 39
23 48 97 13 34 41 59 70 63 91 65 33 22 19 9 92 13 7 57 65 54 3 10 84 80 71 87 20 34 49 12 94 52 18 11 67 53 19 24 55 27 85 28 59 65 90 97 74 10 49
47 20 5 15 35 31 32 38 63 73 38 4 59 10 70 8 22 27 62 73 75 19 19 41 30 41 2 55 72 78 81 2 64 33 59 13 27 66 3 66 68 86 79 14 8 4 6 34 52 4
53 10 80 49 0 34 76 35 31 46 30 75 17 74 57 61 90 88 67 68 4 48 5 69 78 79 45 74 10 94 9 62 46 26 54 13 42 37 2 79 27 34 13 34 53 44 22 98 22 49
17 85 41 81 20 68 6 14 46 2 41 67 38 35 24 78 10 18 50 53 46 45 43 40 85 20 36 98 83 64 37 64 9 82 93 87 91 89 11 80 63 85 70 61 78 65 16 39 69 86
42 93 52 63 44 86 51 79 52 83 92 74 39 0 12 29 91 14 77 79 58 87 39 6 20 52 57 26 6 10 79 97 75 63 45 42 81 43 49 76 74 6 21 80 13 97 38 67 42 17
3 86 71 10 14 43 16 75 93 15 17 2 5 44 84 75 8 0 41 6 98 9 17 5 47 21 62 81 99 1 42 58 83 84 97 76 91 98 78 78 18 59 60 73 21 72 65 58 67 62
36 29 90 63 28 79 15 18 56 58 87 16 6 59 45 4 20 74 94 16 66 41 7 58 0 9 64 16 92 98 95 76 41 11 81 59 83 4 34 97 61 73 3 54 82 49 0 62 82 23
59 72 59 1 0 73 32 85 6 77 81 71 75 32 58 82 30 81 92 33 74 4 48 86 0 49 96 32 30 63 51 82 99 72 19 58 57 82 51 8 17 74 7 1 27 73 53 43 23 95
51 27 69 13 19 35 83 16 48 97 4 38 31 73 88 35 62 60 39 34 36 98 70 63 25 42 97 84 97 13 45 68 7 8 31 10 93 93 3 53 6 46 47 22 31 79 55 7 26 5
52 11 36 66 26 39 18 8 17 67 76 7 58 3 62 11 50 76 94 58 53 42 68 43 13 53 1 71 36 36 82 17 90 4 23 68 5 11 75 31 76 48 42 79 51 55 71 11 52 64
47 26 92 1 42 42 48 81 50 59 16 65 34 17 20 15 67 53 86 98 82 45 46 21 11 45 97 89 60 41 67 17 73 15 53 50 13 27 52 29 84 62 18 80 57 32 42 12 35 83
30 3 53 3 65 28 24 53 94 94 74 52 4 87 28 31 20 49 78 76 83 85 52 60 69 16 0 44 84 36 33 90 70 41 1 1 47 62 32 86 35 2 2 75 76 30 0 25 56 87
43 35 22 29 29 84 36 53 66 22 12 57 73 7 62 69 58 81 27 38 69 24 60 16 91 96 76 73 4 48 4 3 9 44 27 38 19 95 21 60 4 71 99 67 9 57 88 61 81 60
15 7 5 94 4 0 15 6 67 99 27 45 2 94 58 77 87 84 2 75 48 10 51 8 59 82 3 16 85 3 11 24 77 87 21 20 25 15 19 30 63 56 4 63 98 42 51 63 77 19
94 88 69 58 37 5 62 71 56 92 3 9 31 51 33 53 98 22 67 93 96 19 68 75 46 41 11 87 70 40 29 29 86 15 14 96 32 55 84 20 90 44 28 17 8 28 7 41 53 26
31 89 91 94 59 26 3 74 9 45 28 92 31 82 43 95 36 14 52 16 13 82 94 18 23 17 10 66 41 43 90 63 21 4 13 49 98 5 54 49 25 7 42 19 51 41 65 94 51 63
72 79 5 34 50 82 81 17 67 26 29 30 18 32 47 35 37 52 86 46 50 90 61 38 89 78 95 58 44 77 9 18 39 74 79 22 60 33 21 86 43 83 96 92 61 85 68 96 22 87
5 18 86 17 42 99 95 76 51 72 35 86 10 53 14 49 64 50 74 8 42 17 41 33 99 84 20 82 38 7 80 89 79 48 78 18 29 13 90 12 16 59 67 10 67 64 59 80 66 19
39 32 33 3 76 95 33 49 54 12 32 16 65 23 98 3 34 40 43 40 95 40 94 18 24 50 27 2 65 53 80 36 13 34 25 85 13 92 71 18 51 37 12 62 89 78 49 58 98 33
67 22 52 66 37 10 69 98 47 1 98 72 87 87 55 64 99 76 28 31 51 29 4 75 32 84 19 95 31 69 75 6 34 45 50 28 40 47 11 43 83 3 29 95 41 41 92 61 74 7
77 25 76 18 3 32 15 96 13 16 83 79 50 13 19 86 15 13 28 39 99 69 40 63 52 36 14 56 34 37 39 6 40 46 70 28 14 82 13 17 17 71 87 4 66 78 84 38 70 86
95 37 25 48 47 32 59 54 33 74 93 79 97 72 56 54 74 83 0 35 57 29 20 12 66 53 18 84 77 43 69 70 33 99 33 66 38 72 52 25 4 22 51 84 65 2 71 30 0 26
73 18 43 87 38 31 86 26 52 77 23 29 12 59 94 79 77 6 22 15 79 18 32 66 47 7 10 8 30 10 9 82 53 3 70 8 66 93 17 17 14 28 83 22 49 5 32 57 65 20
17 64 96 65 93 56 63 75 72 18 76 87 93 6 89 50 21 77 88 88 78 12 31 17 8 47 92 5 26 8 88 77 77 21 97 38 38 86 92 32 13 11 74 48 93 49 41 49 66 78
74 30 5 11 1 33 14 82 44 3 68 87 66 74 18 7 93 26 15 31 99 90 24 99 39 17 40 47 1 79 79 76 22 27 80 18 78 22 14 70 23 41 96 8 12 17 19 67 90 12
72 41 43 94 6 20 56 3 41 68 26 84 32 3 74 65 84 70 85 56 82 46 46 8 55 15 72 52 63 62 57 56 29 43 14 91 49 99 80 86 92 95 19 19 40 63 57 46 48 80
73 3 61 42 2 39 29 90 80 5 73 76 60 69 56 47 46 55 57 42 67 56 47 20 88 73 52 51 21 72 60 31 42 42 69 97 40 80 16 16 61 46 39 51 80 47 4 21 89 95
93 43 57 87 2 46 35 4 75 89 28 73 64 97 61 62 7 77 75 3 44 2 12 47 79 46 40 66 74 29 58 89 34 60 10 22 4 13 78 14 96 64 89 8 60 69 13 80 77 75
35 10 16 89 94 23 87 44 31 62 40 63 60 69 63 40 29 51 41 3 38 20 72 26 69 22 89 44 86 0 4 38 54 3 60 82 24 88 70 4 20 69 72 74 79 91 54 96 97 26
33 14 19 28 91 11 67 55 95 30 13 62 64 79 95 81 65 74 29 81 4 74 40 26 1 97 16 25 45 15 38 60 48 43 90 43 25 3 26 23 66 68 21 95 48 5 22 31 17 65
31 35 7 70 55 8 15 82 2 94 47 46 93 70 51 61 96 24 33 24 90 44 61 72 38 43 80 22 19 16 56 29 5 40 79 8 40 3 52 36 47 25 48 68 85 90 51 42 85 47
7 3 31 69 56 56 82 29 65 98 4 30 50 20 27 4 21 81 50 11 76 12 47 31 1 98 32 82 46 46 65 92 48 83 15 14 0 94 70 31 64 9 66 74 96 98 15 55 70 53
31 93 71 40 69 57 2 94 26 82 72 55 10 36 85 93 17 98 13 80 7 28 67 38 9 53 31 34 23 71 80 49 0 56 36 34 45 42 37 87 88 18 60 49 3 86 8 10 31 67
10 20 10 67 58 62 12 9 30 9 73 39 90 61 6 32 18 79 99 43 44 25 60 39 57 37 26 77 30 15 15 81 71 95 77 53 24 64 16 11 72 85 14 63 55 24 37 94 50 83
12 84 53 55 49 47 48 78 99 2 54 65 75 48 84 99 44 80 27 5 18 52 60 98 49 75 93 66 85 65 30 97 25 12 51 13 81 64 9 77 22 94 57 12 25 82 75 67 28 84
77 23 82 60 54 92 91 59 43 82 74 32 8 51 77 12 44 66 37 74 87 43 78 70 70 89 46 67 84 34 83 82 78 77 61 23 48 83 21 52 96 93 71 12 92 59 43 11 21 66
30 18 70 84 53 21 99 26 20 5 61 26 98 58 42 67 48 94 11 14 6 88 85 4 40 40 49 57 22 30 18 40 8 61 33 82 48 0 96 91 85 78 52 35 80 39 73 63 82 99
42 45 51 13 60 40 62 62 32 24 14 23 69 38 19 88 36 6 45 31 35 57 28 59 45 91 9 43 3 47 73 31 47 39 6 10 32 47 56 78 38 99 92 19 47 90 35 16 44 67
91 31 69 6 98 17 91 27 91 19 1 91 22 78 7 7 79 93 56 79 87 1 67 39 33 27 83 38 86 88 96 0 68 29 12 6 0 31 99 98 98 78 88 48 47 84 36 86 23 92
50 98 72 82 17 91 44 47 7 33 8 12 54 44 88 21 77 63 53 48 44 99 57 9 71 70 96 23 95 65 11 31 18 84 69 78 81 0 15 2 16 78 75 21 77 80 54 21 37 27
