29 18
0 1 2 3 3 4 4 5 6 7 7 8 8 9 9 10 10 11 12 13 14 15 15 16 17 17 18 19 20 21 22 22 23 24 24 25 25 26 27 28 28 29 29 30 30 31 32 32 33 33
0 34 2 35 36 36 37 5 6 38 38 39 40 40 41 42 43 44 12 13 14 45 46 47 47 48 48 19 20 49 49 50 23 51 51 52 52 26 27 53 54 55 56 57 57 31 58 59 60 60
61 34 62 63 64 65 37 66 67 67 68 39 69 70 41 42 43 44 71 72 73 45 46 74 74 75 75 76 77 77 78 50 79 80 80 81 82 83 84 53 54 55 85 86 87 87 58 59 88 89
61 90 62 63 64 65 91 91 92 92 68 93 93 70 94 95 95 96 97 72 73 98 98 99 100 101 102 76 103 103 78 104 79 105 105 81 82 83 106 106 107 108 85 109 110 110 111 111 88 89
112 113 114 114 115 115 116 117 118 119 120 120 121 121 94 122 122 96 97 123 124 124 125 125 100 126 102 127 127 128 129 130 131 131 132 132 133 133 134 135 107 108 136 109 137 137 138 138 139 139
112 113 140 140 141 142 143 117 118 144 144 145 146 146 147 148 149 149 150 123 151 151 152 153 153 126 154 155 156 156 129 130 157 158 158 159 160 161 162 135 163 164 136 165 165 166 167 167 168 169
170 170 171 171 141 142 143 172 173 173 174 145 175 175 147 176 177 177 150 178 178 179 152 180 181 181 154 182 182 183 184 184 157 185 186 159 160 161 162 187 163 164 188 189 190 191 191 192 168 169
193 193 194 194 195 195 196 196 197 197 174 198 198 199 199 176 200 200 201 202 203 203 204 204 205 205 206 206 207 207 208 209 210 185 186 211 211 212 213 213 214 215 188 189 190 216 216 217 217 218
219 219 220 220 221 222 222 223 224 224 225 226 227 228 229 230 231 232 201 233 234 235 236 237 237 238 239 240 241 242 208 209 210 243 244 244 245 245 246 246 214 247 248 249 249 250 250 251 251 218
252 253 253 254 255 255 256 257 257 258 225 226 259 228 229 230 231 260 260 233 234 235 236 261 261 238 239 240 241 262 262 263 264 264 265 265 266 266 267 267 268 247 248 269 270 271 271 272 273 273
252 274 274 275 275 276 256 277 277 278 279 279 259 280 281 281 282 283 283 284 284 285 285 286 286 287 288 288 289 290 291 291 292 293 294 294 295 296 297 297 268 298 298 299 270 300 300 272 301 301
302 302 303 304 304 276 305 306 306 278 307 308 308 280 309 310 311 311 312 312 313 313 314 315 316 287 317 318 318 290 319 319 292 293 320 320 295 296 321 322 322 323 323 299 324 324 325 325 326 326
327 328 303 329 330 330 305 331 332 332 307 333 334 334 309 310 335 336 336 337 338 338 314 339 316 340 317 341 341 342 342 343 343 344 345 345 346 346 321 347 347 348 349 350 351 351 352 353 354 354
327 328 355 356 357 357 358 331 359 360 361 361 362 362 363 363 364 364 365 365 366 367 367 339 368 340 369 370 371 372 372 373 373 374 375 375 376 377 377 378 378 348 349 350 379 379 352 353 380 380
381 381 355 356 382 383 384 385 359 360 386 387 388 388 389 390 390 391 392 392 366 393 394 395 396 396 397 370 371 398 398 399 400 374 401 402 376 403 403 404 405 406 407 407 408 409 409 410 411 411
412 412 413 413 382 383 384 414 415 416 416 387 417 417 418 419 419 391 420 421 422 422 394 395 423 423 397 424 425 426 427 399 428 428 401 402 429 430 430 404 405 406 431 432 408 433 433 410 434 435
436 437 437 438 438 439 440 414 415 441 441 442 443 444 418 445 446 446 420 421 447 447 448 448 449 449 450 451 425 426 427 452 453 453 454 455 455 456 456 457 458 459 459 432 460 461 461 462 434 435
436 463 464 465 466 466 440 467 467 468 469 470 443 444 471 472 473 474 474 475 475 476 476 477 477 478 450 451 479 480 480 481 482 482 483 484 484 485 485 457 458 486 486 487 460 488 488 462 489 489
490 490 464 465 491 492 493 494 494 468 495 470 496 497 497 472 473 498 499 500 500 501 501 502 503 478 504 505 506 507 508 481 509 509 483 510 510 511 512 512 513 513 514 515 516 516 517 517 518 518
519 520 520 521 521 492 493 522 523 523 495 524 496 525 526 526 527 528 499 529 530 531 531 502 532 532 504 505 506 507 533 533 534 534 535 535 536 536 537 538 539 539 514 515 540 541 541 542 543 544
545 546 546 547 548 549 549 550 551 552 552 524 553 525 554 555 527 528 556 557 530 558 558 559 560 560 561 561 562 562 563 564 565 566 566 567 568 569 537 538 570 571 572 572 540 573 574 575 543 544
545 576 576 547 548 577 577 550 551 578 578 579 553 580 581 555 582 582 556 557 583 584 584 585 585 586 587 588 588 589 590 564 591 592 593 593 568 569 594 594 570 571 595 595 596 573 574 575 597 598
599 600 601 602 603 604 604 605 606 606 607 579 608 608 581 609 610 610 611 612 583 613 614 615 616 617 587 618 618 589 590 619 591 592 620 621 622 622 623 624 625 625 626 627 627 628 629 629 597 630
599 600 601 602 603 631 632 632 633 633 607 634 634 635 635 609 636 636 611 612 637 613 614 615 638 617 639 639 640 641 642 619 643 644 620 645 646 646 623 647 648 648 626 649 649 628 650 651 652 630
653 653 654 655 656 631 657 658 658 659 660 661 662 662 663 664 665 665 666 666 637 667 667 668 638 669 670 670 640 641 642 671 643 644 672 645 673 673 674 647 675 676 676 677 677 678 679 651 652 680
681 682 654 655 656 683 657 684 684 659 660 661 685 685 663 686 687 688 688 689 689 690 690 691 692 669 693 693 694 694 695 696 697 698 672 699 700 701 702 702 703 704 705 706 707 678 679 708 708 680
681 682 709 710 711 683 712 712 713 714 714 715 715 716 716 686 687 717 717 718 719 720 720 691 692 721 721 722 723 724 724 696 697 725 725 699 726 701 727 728 703 704 705 729 707 730 730 731 731 732
733 733 709 710 711 734 735 736 713 737 738 738 739 740 741 741 742 742 743 718 719 744 745 745 746 747 747 722 748 749 749 750 751 752 753 754 726 755 727 728 756 757 757 729 758 759 759 760 761 732
762 763 764 765 765 734 735 766 767 768 768 769 739 740 770 771 771 772 743 773 773 744 774 774 746 775 776 777 748 778 778 750 751 752 753 754 779 779 780 781 756 782 783 783 784 785 786 786 761 787
762 763 764 788 788 789 790 766 767 791 792 793 793 794 794 795 795 796 797 798 799 799 800 801 801 775 776 777 802 802 803 803 804 805 805 806 806 807 780 781 808 782 809 810 784 811 812 812 813 813
814 814 815 815 816 789 817 817 818 791 819 819 820 820 821 822 822 796 797 798 823 823 800 824 825 826 827 827 828 829 830 830 804 831 832 832 833 807 834 834 835 835 836 810 837 811 838 839 839 840
841 841 842 843 816 844 845 845 818 846 846 847 848 848 849 849 850 850 851 852 852 853 854 824 855 826 856 856 828 829 857 858 858 859 860 860 833 861 861 862 863 863 836 864 865 865 838 866 867 867
868 868 842 843 869 844 870 870 871 872 872 847 873 874 874 875 876 876 851 877 877 853 854 878 855 879 880 880 881 882 857 883 883 859 884 885 886 886 887 887 888 889 889 864 890 891 891 866 892 893
894 895 896 896 869 897 898 899 900 901 902 902 903 904 905 906 906 907 907 908 908 909 910 878 911 879 912 913 881 882 914 914 915 915 884 885 916 917 917 918 919 920 921 921 922 922 923 924 924 893
925 895 926 927 928 897 898 899 900 929 929 930 903 904 905 931 931 932 933 934 934 909 910 935 911 936 912 913 937 937 938 938 939 939 940 941 916 942 943 943 919 920 944 945 946 946 923 947 948 948
925 949 949 927 950 950 951 951 952 952 953 953 954 955 955 956 957 932 933 958 959 960 961 962 962 936 963 964 964 965 966 966 967 967 940 968 968 942 969 969 970 970 944 971 971 972 972 973 974 974
975 976 977 977 978 978 979 980 980 981 981 982 982 983 983 956 957 984 984 958 959 960 961 985 986 987 987 988 988 965 989 990 990 991 991 992 992 993 993 994 994 995 995 996 996 997 997 973 998 998
975 976 999 1000 1000 1001 1001 1002 1003 1003 1004 1005 1006 1007 1008 1009 1010 1011 1011 1012 1012 1013 1014 985 986 1015 1016 1016 1017 1017 989 1018 1019 1020 1020 1021 1022 1022 1023 1023 1024 1025 1025 1026 1026 1027 1028 1028 1029 1029
1030 1030 999 1031 1032 1033 1034 1035 1036 1037 1004 1005 1006 1007 1008 1009 1038 1039 1039 1040 1040 1013 1041 1042 1042 1015 1043 1044 1044 1045 1045 1018 1019 1046 1047 1048 1048 1049 1049 1050 1024 1051 1051 1052 1052 1027 1053 1054 1055 1056
1057 1058 1059 1031 1032 1033 1060 1035 1036 1037 1061 1062 1063 1064 1064 1065 1038 1066 1067 1067 1068 1068 1041 1069 1070 1070 1071 1071 1072 1072 1073 1073 1074 1046 1047 1075 1075 1076 1076 1050 1077 1078 1079 1079 1080 1080 1081 1054 1055 1082
1057 1058 1083 1083 1084 1084 1060 1085 1086 1086 1087 1062 1063 1088 1089 1090 1091 1092 1092 1093 1094 1095 1096 1069 1097 1098 1098 1099 1100 1100 1101 1102 1074 1103 1104 1104 1105 1105 1106 1107 1077 1078 1108 1109 1110 1110 1081 1111 1112 1082
1113 1113 1114 1115 1116 1116 1117 1085 1118 1118 1087 1119 1119 1088 1089 1090 1091 1120 1120 1093 1094 1095 1121 1122 1097 1123 1123 1099 1124 1125 1101 1102 1126 1103 1127 1128 1128 1129 1106 1107 1130 1130 1108 1109 1131 1131 1132 1111 1133 1133
1134 1134 1114 1135 1136 1137 1117 1138 1138 1139 1140 1140 1141 1141 1142 1142 1143 1144 1144 1145 1145 1146 1121 1122 1147 1148 1149 1150 1151 1125 1152 1152 1126 1153 1127 1154 1154 1129 1155 1156 1157 1158 1159 1160 1160 1161 1132 1162 1163 1163
1164 1165 1166 1135 1136 1137 1167 1168 1169 1170 1170 1171 1171 1172 1172 1173 1143 1174 1175 1176 1177 1177 1178 1179 1147 1148 1149 1180 1151 1181 1181 1182 1182 1153 1183 1184 1185 1185 1155 1156 1157 1158 1159 1186 1187 1161 1188 1162 1189 1190
1191 1165 1166 1192 1192 1193 1167 1168 1169 1194 1195 1195 1196 1196 1197 1173 1198 1174 1175 1176 1199 1199 1178 1179 1200 1201 1201 1180 1202 1202 1203 1204 1205 1205 1183 1184 1206 1207 1207 1208 1209 1209 1210 1186 1211 1211 1212 1212 1189 1190
1191 1213 1213 1214 1215 1193 1216 1216 1217 1194 1218 1219 1219 1220 1197 1221 1198 1222 1223 1223 1224 1224 1225 1226 1200 1227 1227 1228 1229 1229 1203 1204 1230 1231 1232 1232 1206 1233 1233 1208 1234 1234 1210 1235 1235 1236 1236 1237 1237 1238
1239 1240 1240 1214 1241 1241 1242 1242 1217 1243 1244 1245 1246 1246 1247 1221 1248 1249 1250 1250 1251 1252 1225 1226 1253 1254 1254 1255 1255 1256 1257 1257 1230 1258 1258 1259 1259 1260 1260 1261 1261 1262 1263 1263 1264 1264 1265 1266 1266 1267
1268 1268 1269 1270 1271 1272 1272 1273 1273 1274 1244 1275 1275 1276 1276 1277 1248 1249 1278 1278 1251 1252 1279 1280 1253 1281 1282 1282 1283 1283 1284 1284 1285 1285 1286 1286 1287 1287 1288 1289 1289 1262 1290 1291 1291 1292 1292 1293 1293 1267
1294 1295 1269 1270 1271 1296 1296 1297 1297 1274 1298 1298 1299 1299 1300 1277 1301 1302 1303 1303 1304 1305 1279 1280 1306 1281 1307 1308 1308 1309 1309 1310 1310 1311 1311 1312 1313 1313 1314 1314 1315 1315 1316 1316 1317 1317 1318 1318 1319 1320
1294 1321 1321 1322 1322 1323 1324 1324 1325 1325 1326 1326 1327 1327 1300 1328 1301 1302 1329 1330 1330 1305 1331 1331 1306 1332 1307 1333 1333 1334 1334 1335 1335 1336 1336 1312 1337 1337 1338 1338 1339 1339 1340 1340 1341 1341 1342 1342 1319 1320
25 74 44 14 86 86 30 87 65 52 50 9 39 2 43 50 53 30 23 44 42 31 7 11 5 39 74 33 77 9 51 57 63 71 71 87 2 87 60 31 17 71 22 75 87 53 56 90 54 8
16 28 71 65 52 69 1 83 98 81 43 90 37 33 53 96 95 9 38 41 35 80 42 71 20 47 25 88 3 47 84 55 52 9 93 63 10 52 20 77 84 20 19 65 64 8 15 57 47 43
74 24 94 94 10 86 11 49 34 35 29 7 96 65 26 58 9 0 14 24 96 62 86 20 64 28 87 26 75 29 96 83 46 46 85 52 1 96 41 23 1 94 83 10 26 17 40 92 84 93
40 41 57 84 80 68 20 12 15 42 97 72 50 82 81 73 7 57 84 6 43 50 25 0 42 26 26 10 43 16 17 6 52 21 9 24 35 3 17 88 14 85 51 60 59 97 12 48 71 67
95 97 53 51 60 79 27 18 89 6 23 37 22 79 8 1 67 0 19 20 78 27 9 24 56 52 74 88 11 36 48 86 1 29 78 2 88 12 64 17 69 43 90 99 97 71 39 26 9 70
65 50 72 45 6 52 80 44 22 83 51 68 53 30 66 59 50 40 44 22 34 44 88 49 64 47 67 59 22 92 94 83 84 45 39 39 61 42 22 37 83 80 48 13 24 53 63 29 45 97
84 56 53 38 13 90 9 5 83 33 2 36 44 59 42 93 52 48 60 75 89 13 74 42 12 85 73 38 37 73 91 28 25 66 52 25 77 1 30 90 29 38 51 89 58 60 70 62 87 84
77 17 52 88 52 69 17 92 25 97 70 47 9 15 87 91 79 26 72 79 85 54 68 82 87 69 72 33 28 4 33 61 51 32 86 0 75 50 32 31 42 8 75 48 37 77 89 48 55 57
86 16 22 82 18 14 46 10 54 77 89 34 65 36 52 9 56 46 63 16 43 88 9 53 85 27 70 56 40 73 50 65 1 82 8 62 83 96 60 52 43 76 20 87 90 70 19 66 21 7
51 25 63 18 28 56 51 68 94 61 13 86 2 69 85 18 89 57 16 35 8 7 30 29 26 29 48 89 9 76 8 44 46 49 28 26 30 1 38 93 47 15 57 84 40 95 63 29 74 72
96 61 56 35 74 32 54 73 79 99 8 32 49 84 57 59 58 9 79 86 39 92 85 89 51 65 14 56 19 89 64 95 73 63 90 55 37 39 0 28 21 88 95 78 43 91 82 81 90 74
1 14 24 8 41 43 69 7 67 23 13 46 39 62 61 25 72 60 62 25 58 65 8 32 18 34 90 91 79 44 42 87 0 12 24 35 61 66 96 59 98 51 48 25 74 76 95 46 75 35
85 60 35 24 69 38 8 26 69 90 99 32 49 0 56 83 27 54 80 59 33 97 21 27 45 13 43 54 81 94 71 44 76 36 68 95 42 59 25 70 46 41 75 70 20 10 34 88 55 25
53 96 73 81 70 72 49 16 11 25 71 49 29 45 77 80 51 16 32 75 5 17 84 39 26 64 9 23 21 73 24 31 55 16 78 40 0 86 53 94 55 94 17 0 73 71 77 93 58 80
35 50 70 53 4 4 86 48 92 51 52 52 17 46 96 96 64 69 43 31 29 14 58 16 48 60 48 67 47 75 28 2 81 91 5 35 9 86 4 65 25 43 94 32 39 79 67 86 41 24
9 47 18 39 57 7 49 49 26 39 24 94 16 39 81 89 81 76 9 21 72 47 75 39 71 43 48 53 36 79 26 74 8 19 74 27 67 77 2 61 59 58 23 25 93 25 94 50 10 4
32 88 91 93 45 19 61 39 74 9 86 21 68 20 27 1 6 62 90 20 62 82 3 40 26 95 77 54 40 91 72 77 29 87 66 92 52 24 55 79 66 54 71 30 56 6 88 63 45 22
31 35 36 21 70 72 96 43 35 38 54 64 25 41 27 98 93 89 80 22 52 21 94 53 83 20 87 58 37 77 49 8 3 89 97 74 92 2 45 22 59 20 96 28 25 85 3 37 67 76
27 86 8 2 64 35 52 35 80 90 43 11 78 6 49 83 25 36 85 81 97 39 32 28 79 46 21 50 71 80 45 14 3 30 16 78 18 44 80 32 18 40 80 98 67 20 53 98 32 83
65 59 0 79 85 12 84 99 25 79 62 73 32 33 6 21 80 2 75 60 16 61 66 32 3 62 28 11 25 19 48 27 73 93 41 75 24 4 67 35 41 24 95 51 58 94 39 6 53 56
15 30 48 46 37 5 40 97 91 61 0 42 56 38 31 84 51 93 44 3 38 4 79 45 8 15 95 11 33 48 60 69 4 3 11 21 51 89 83 15 2 98 44 48 94 99 43 61 21 10
35 26 49 26 52 91 20 69 14 12 92 57 70 8 0 62 96 34 41 41 67 22 22 80 46 71 87 77 92 21 71 26 2 99 80 25 11 12 86 67 93 65 79 83 3 29 80 36 78 62
77 79 34 43 82 21 29 75 35 88 66 77 0 2 74 66 8 28 37 42 21 82 95 93 34 26 27 86 57 8 56 83 93 67 78 29 30 40 80 81 96 95 71 50 46 70 72 76 18 89
7 99 73 19 81 14 32 12 33 62 1 34 10 73 93 34 30 7 15 35 53 84 17 40 68 56 98 13 8 33 27 95 88 36 21 65 23 35 88 39 86 11 76 13 92 88 46 77 50 43
14 7 78 70 44 74 16 54 10 39 48 52 54 26 27 41 45 66 93 2 37 30 26 94 62 95 13 88 32 1 53 24 34 33 60 3 5 86 95 36 92 5 8 3 69 1 16 78 55 25
26 8 3 11 30 40 97 1 36 17 74 64 31 98 33 87 50 50 43 44 20 94 26 31 57 10 3 55 62 68 21 7 65 84 40 84 75 24 16 65 14 57 33 18 62 41 38 21 27 56
13 10 67 80 69 42 94 3 10 28 55 98 93 85 75 83 6 13 32 76 64 25 40 51 2 70 18 62 31 15 2 53 90 98 96 4 72 99 77 71 40 58 87 65 50 0 90 72 19 36
12 30 18 97 67 47 94 27 17 26 87 86 10 33 16 40 90 10 81 89 44 57 56 36 87 66 53 50 54 77 15 70 74 96 91 18 74 71 59 1 3 54 4 54 8 19 62 70 79 62
88 65 44 90 69 32 85 92 78 71 13 82 93 41 6 11 7 18 4 2 49 53 73 29 82 9 7 36 86 87 96 9 51 78 47 75 46 68 35 29 76 90 33 27 53 12 84 24 11 47
85 85 65 28 14 32 38 46 96 74 83 60 21 48 2 14 7 6 93 50 12 35 45 92 11 14 12 56 94 36 8 15 85 28 14 55 45 84 92 75 12 13 40 62 7 58 79 60 16 87
83 79 91 17 49 14 84 85 8 5 24 4 13 23 46 44 46 42 93 15 83 7 23 52 41 29 9 75 55 50 48 80 47 62 93 73 47 77 34 87 88 42 46 45 18 5 31 18 40 7
61 57 96 12 46 50 79 38 68 5 73 73 31 39 73 38 36 41 78 82 96 80 7 37 55 90 26 21 92 6 40 99 53 19 30 64 73 49 29 33 72 76 70 41 37 59 96 49 20 57
87 3 68 77 22 19 18 8 27 9 42 91 3 18 13 53 18 7 44 37 91 26 71 25 47 0 71 93 77 4 74 13 59 87 86 9 19 10 42 7 44 53 8 48 65 15 6 79 19 88
1 92 87 35 67 64 39 67 15 4 7 91 25 84 98 11 59 45 6 2 79 9 19 48 1 84 28 12 32 32 62 14 25 58 28 58 51 64 91 88 67 0 61 1 7 98 14 35 95 66
67 90 53 26 68 9 2 1 92 94 24 39 80 35 25 52 31 66 55 73 37 81 58 19 82 37 55 46 54 34 68 35 18 29 81 26 2 44 46 73 45 35 84 91 10 42 23 89 99 36
63 52 72 93 82 40 80 41 26 61 39 20 86 63 1 22 29 22 53 37 60 89 95 70 63 4 47 7 60 83 48 80 68 5 78 71 64 76 16 14 64 86 98 89 0 56 8 83 19 82
8 23 22 48 60 21 51 21 69 70 25 92 18 85 78 19 60 40 43 81 67 80 13 48 59 37 79 65 17 72 92 6 7 7 83 46 50 43 4 96 87 77 51 30 58 70 25 13 69 68
0 34 3 71 1 24 88 49 86 33 81 84 94 75 58 55 67 0 25 27 0 83 19 2 9 80 72 89 60 69 30 89 38 50 12 85 32 3 28 67 56 83 25 12 76 34 25 96 22 94
49 69 87 90 50 70 66 35 84 49 49 55 55 8 3 45 6 53 2 65 44 5 38 66 46 89 39 36 97 30 81 82 19 70 26 53 66 88 6 57 83 6 52 22 19 82 76 78 56 79
44 26 0 36 19 40 3 75 58 33 41 69 28 90 66 98 80 25 8 46 59 35 27 58 56 12 21 59 46 56 73 64 67 89 87 6 51 83 72 27 3 51 68 94 50 38 9 14 62 23
72 16 47 33 41 7 99 89 81 15 16 35 40 66 35 49 20 33 82 65 13 29 8 92 54 42 86 59 25 35 58 72 79 12 30 65 19 59 7 22 24 50 68 2 20 71 86 67 79 40
97 31 40 24 71 14 92 31 80 83 1 42 97 46 74 47 97 21 95 46 49 51 83 30 58 17 89 31 26 56 36 88 79 21 73 26 41 44 17 84 66 80 46 15 51 44 98 83 83 35
65 15 89 82 14 40 75 17 68 13 5 13 92 21 41 37 46 95 0 15 4 81 78 31 37 8 91 59 71 58 66 7 62 47 3 53 17 16 8 27 56 86 38 61 44 30 34 58 97 78
64 98 89 70 12 45 12 32 84 42 50 85 83 77 89 37 93 77 47 31 2 4 85 76 33 49 49 70 3 57 29 12 20 39 2 89 0 88 24 25 9 19 64 48 11 23 2 20 62 95
5 57 51 82 75 97 4 18 84 28 20 13 7 64 60 27 58 79 37 39 50 59 86 12 61 12 51 18 63 87 39 0 55 32 38 92 88 59 47 42 97 50 53 31 42 52 69 60 11 72
13 98 53 3 4 24 75 40 9 91 23 48 51 67 40 98 87 70 50 83 59 21 58 93 2 58 84 9 53 29 14 78 58 54 78 46 30 48 49 7 82 14 8 91 68 61 79 98 30 80
19 54 30 52 45 72 53 19 55 42 82 37 85 7 2 6 97 91 57 10 50 5 81 19 78 10 55 83 90 49 34 9 25 19 78 38 94 17 13 94 85 20 42 50 62 85 57 7 41 76
40 26 57 53 75 9 63 23 66 69 94 8 24 85 75 48 38 17 71 66 97 47 88 41 42 19 17 52 69 57 36 33 53 51 61 1 15 22 21 45 66 91 91 66 41 51 73 97 86 14
85 73 55 65 81 82 75 71 17 20 66 35 41 26 87 10 47 61 4 22 9 92 66 72 32 62 29 82 22 55 63 68 59 94 67 37 13 94 68 50 4 84 38 13 83 94 65 0 89 64
58 72 60 68 91 15 58 82 97 27 15 72 12 21 18 71 41 64 26 17 89 40 26 93 74 25 47 83 37 2 83 7 47 54 74 44 96 77 54 37 28 33 80 54 95 31 42 52 51 0
