46 2
0 0 1 2 3 3 4 4 5 6 7 8 8 9 10 10 11 12 12 13 14 15 15 16 17 17 18 19 19 20 20 21 21 22 22 23 24 25 26 27 27 28 29 29 30 31 32 32 33 33
34 34 1 35 35 36 37 38 5 39 7 40 40 9 41 42 42 43 43 13 14 44 45 46 47 48 18 49 49 50 51 52 53 54 55 55 24 25 26 56 56 28 57 57 58 31 59 60 60 61
62 63 64 65 66 36 37 67 67 39 68 68 69 70 70 71 72 73 74 75 76 76 45 46 47 48 77 78 79 50 51 52 53 54 80 80 81 82 82 83 84 84 85 85 58 86 59 87 87 88
62 63 64 65 89 90 91 92 93 94 95 95 96 97 98 71 99 73 74 100 101 101 102 102 103 104 104 78 79 105 106 106 107 108 109 109 110 111 111 112 112 113 114 115 115 116 116 117 117 88
118 118 119 119 89 90 91 92 93 94 120 120 96 97 98 121 99 122 123 100 124 125 125 126 127 128 128 129 129 105 130 131 107 132 133 133 110 134 135 136 137 113 138 139 140 140 141 141 142 143
144 145 145 146 146 147 148 149 149 150 150 151 152 153 154 155 156 122 123 157 158 158 159 126 127 160 160 161 162 163 163 131 164 132 165 166 166 134 167 136 137 168 138 169 169 170 170 171 142 143
172 173 174 174 175 147 148 176 176 177 177 151 152 153 154 155 156 178 178 179 180 180 181 181 182 183 183 161 162 184 185 186 187 187 165 188 189 189 167 190 190 168 191 192 193 193 194 171 195 195
172 173 196 197 175 198 199 200 201 201 202 203 204 204 205 206 207 207 208 179 209 209 210 210 182 211 212 212 213 184 185 186 214 215 215 216 217 217 218 218 219 219 191 192 220 220 194 221 221 222
223 223 196 197 224 198 199 200 225 225 202 203 226 227 205 228 228 229 230 230 231 232 233 233 234 211 235 236 237 238 239 239 240 241 241 216 242 242 243 244 244 245 246 246 247 247 248 249 250 250
251 251 252 253 253 254 254 255 256 256 257 257 226 227 258 259 259 260 260 261 231 232 262 263 234 264 265 236 237 238 266 266 240 267 268 269 270 270 243 271 272 245 273 274 275 276 248 249 277 277
278 279 252 280 281 282 282 255 283 283 284 285 286 287 258 288 288 289 290 261 291 292 262 293 294 264 265 295 296 296 297 298 299 299 268 269 300 301 301 271 272 302 273 274 275 276 303 303 304 304
278 305 305 280 306 306 307 308 309 310 284 285 286 311 312 312 313 289 290 314 291 315 315 293 294 316 316 295 317 317 297 298 318 318 319 320 321 322 323 324 325 302 326 327 327 328 329 330 331 331
332 332 333 334 335 336 337 308 309 310 338 338 339 311 340 341 341 342 342 314 343 344 344 345 346 347 348 349 350 351 352 352 353 353 319 354 321 322 323 324 355 355 356 356 357 328 329 358 359 359
360 360 333 334 335 336 337 361 362 363 364 364 339 365 365 366 366 367 368 369 369 370 371 371 346 372 348 349 350 351 373 374 374 375 376 354 377 378 378 379 380 380 381 381 357 382 382 358 383 383
384 384 385 386 386 387 387 361 362 363 388 389 390 391 391 392 392 367 368 393 393 370 394 395 395 372 396 396 397 398 373 399 399 400 376 401 377 402 402 403 403 404 405 405 406 407 407 408 409 409
410 410 385 411 412 413 414 415 415 416 388 389 417 418 418 419 420 421 422 422 423 423 424 425 425 426 427 428 397 398 429 430 430 400 431 431 432 432 433 434 434 404 435 435 406 436 437 437 438 438
439 440 440 411 412 413 414 441 442 442 443 443 417 444 444 419 420 421 445 446 446 447 424 448 449 426 427 428 450 450 451 452 453 453 454 455 456 456 433 457 457 458 458 459 459 436 460 461 461 462
439 463 463 464 464 465 466 467 468 469 469 470 471 472 473 473 474 474 445 475 476 477 477 448 449 478 478 479 479 480 451 452 481 481 482 455 483 484 485 486 487 487 488 488 489 489 460 490 491 462
492 492 493 494 494 465 466 467 468 495 495 470 471 472 496 497 497 498 498 475 476 499 499 500 501 501 502 502 503 504 505 506 506 507 482 508 483 484 485 486 509 510 511 512 512 513 513 490 491 514
515 515 493 516 517 517 518 519 520 521 521 522 523 523 496 524 525 525 526 527 527 528 528 500 529 530 531 532 503 504 533 533 534 535 536 508 537 538 539 539 509 510 511 540 541 542 542 543 544 514
545 546 546 516 547 548 518 519 549 550 551 522 552 553 554 524 555 556 556 557 557 558 559 560 529 530 531 532 561 562 562 563 534 535 536 564 537 538 565 566 566 567 567 568 541 569 569 543 544 570
545 571 572 572 547 548 573 574 549 550 575 575 576 553 554 577 555 578 579 579 580 558 559 581 581 582 583 583 561 584 584 585 586 587 587 564 588 588 589 590 591 591 592 568 593 593 594 594 595 570
596 571 597 597 598 599 573 600 600 601 602 602 576 603 603 577 604 604 605 605 580 606 606 607 608 609 610 610 611 612 613 585 614 614 615 616 616 617 589 590 618 619 619 620 620 621 622 622 595 623
596 624 624 625 625 599 626 626 627 601 628 629 630 630 631 632 632 633 633 634 635 636 637 607 638 609 639 639 611 640 613 641 642 643 615 644 644 645 646 647 618 648 649 650 651 621 652 652 653 623
654 654 655 656 657 658 659 659 627 660 660 629 661 661 631 662 663 664 665 666 635 636 637 667 638 668 669 669 670 640 671 641 642 643 672 673 673 645 646 647 674 648 649 650 675 675 676 676 653 677
678 679 680 656 657 658 681 681 682 682 683 683 684 684 685 685 663 664 665 666 686 687 687 667 688 668 689 690 670 691 692 692 693 693 672 694 695 696 696 697 697 698 699 699 700 700 701 702 702 677
678 679 680 703 703 704 704 705 705 706 706 707 707 708 709 709 710 710 711 711 686 712 712 713 688 714 689 715 715 716 717 718 718 719 719 694 695 720 721 721 722 722 723 724 725 726 701 727 728 728
729 730 730 731 732 732 733 734 735 736 737 738 739 740 740 741 742 743 744 744 745 746 747 747 748 714 749 750 750 716 717 751 752 752 753 754 754 755 756 757 757 758 723 724 759 726 760 761 762 762
763 764 764 731 765 765 733 734 735 766 737 738 767 767 768 768 742 769 769 770 745 746 771 771 748 772 749 773 773 774 775 776 777 778 778 779 779 755 780 780 781 758 782 783 759 784 784 761 785 785
763 786 786 787 787 788 788 789 789 766 790 791 792 793 794 794 795 796 796 770 797 798 798 799 799 772 800 801 802 774 775 776 777 803 803 804 804 805 805 806 807 807 782 808 809 810 810 811 812 813
814 815 815 816 817 817 818 818 819 820 820 791 792 793 821 821 822 823 823 824 797 825 826 827 828 828 800 801 802 829 829 830 830 831 831 832 833 834 835 806 836 837 838 808 809 839 839 811 812 813
814 840 840 816 841 841 842 842 843 843 844 845 846 846 847 848 822 849 850 824 851 825 826 827 852 853 853 854 854 855 856 856 857 858 858 859 833 834 860 860 836 837 838 861 862 862 863 864 864 865
866 866 867 868 868 869 870 871 872 873 844 845 874 875 847 848 876 849 850 877 851 878 878 879 852 880 881 881 882 882 883 884 885 885 886 859 887 887 888 889 889 890 891 891 892 892 893 893 894 894
895 896 867 897 898 898 870 871 872 873 899 900 900 875 901 901 902 903 904 877 905 905 906 906 907 907 908 909 910 911 883 912 913 914 886 915 915 916 888 917 917 890 918 918 919 920 921 922 922 923
895 924 924 897 925 926 926 927 928 928 899 929 930 930 931 931 902 903 932 932 933 933 934 935 935 936 936 909 910 911 937 912 938 914 939 939 940 941 942 943 944 944 945 945 919 920 921 946 946 923
947 947 948 949 949 950 950 951 951 952 952 929 953 953 954 955 955 956 956 957 958 958 934 959 959 960 961 961 962 962 937 963 938 964 965 965 940 941 966 943 967 968 969 969 970 971 971 972 972 973
974 975 948 976 976 977 977 978 978 979 980 980 981 982 982 983 984 985 986 957 987 987 988 989 989 960 990 990 991 991 992 963 993 993 994 994 995 995 966 996 967 997 997 998 970 999 999 1000 1000 973
974 1001 1001 1002 1003 1003 1004 1005 1005 979 1006 1006 981 1007 1007 983 984 1008 986 1009 1010 1011 1012 1013 1014 1014 1015 1016 1017 1017 1018 1018 1019 1019 1020 1020 1021 1021 1022 996 1023 1023 1024 998 1025 1026 1026 1027 1028 1028
1029 1030 1031 1002 1032 1032 1004 1033 1033 1034 1034 1035 1036 1037 1038 1038 1039 1008 1040 1040 1010 1011 1012 1041 1042 1043 1043 1016 1044 1044 1045 1045 1046 1047 1048 1049 1049 1050 1022 1051 1052 1053 1053 1054 1054 1055 1055 1056 1057 1057
1029 1030 1058 1058 1059 1059 1060 1061 1062 1062 1063 1035 1036 1037 1064 1065 1039 1066 1067 1068 1068 1069 1069 1041 1042 1070 1071 1072 1072 1073 1073 1074 1074 1047 1048 1075 1075 1076 1077 1051 1052 1078 1078 1079 1080 1081 1081 1056 1082 1082
1083 1084 1084 1085 1086 1087 1060 1061 1088 1089 1063 1090 1091 1092 1064 1065 1093 1093 1067 1094 1094 1095 1096 1096 1097 1070 1071 1098 1098 1099 1100 1100 1101 1102 1103 1103 1104 1076 1105 1106 1106 1107 1107 1108 1080 1109 1109 1110 1110 1111
1083 1112 1113 1085 1086 1087 1114 1115 1088 1089 1116 1090 1091 1117 1117 1118 1119 1120 1121 1121 1122 1095 1123 1124 1097 1125 1125 1126 1126 1099 1127 1127 1101 1128 1129 1130 1131 1132 1105 1133 1133 1134 1134 1108 1135 1136 1136 1137 1137 1111
1138 1112 1139 1139 1140 1141 1114 1115 1142 1142 1116 1143 1144 1145 1145 1118 1119 1120 1146 1147 1147 1148 1123 1124 1149 1150 1150 1151 1151 1152 1153 1153 1154 1128 1129 1130 1131 1132 1155 1156 1157 1158 1158 1159 1160 1161 1162 1163 1163 1164
1165 1165 1166 1167 1140 1141 1168 1169 1169 1170 1170 1143 1171 1172 1173 1173 1174 1175 1146 1176 1177 1148 1178 1179 1180 1181 1181 1182 1182 1183 1184 1185 1186 1187 1188 1188 1189 1189 1190 1156 1157 1191 1191 1159 1160 1161 1162 1192 1192 1164
1193 1194 1166 1167 1195 1195 1168 1196 1196 1197 1198 1199 1171 1200 1201 1201 1174 1202 1202 1176 1203 1203 1178 1179 1180 1204 1205 1205 1206 1183 1184 1207 1186 1187 1208 1208 1209 1209 1190 1210 1211 1212 1213 1214 1214 1215 1215 1216 1216 1217
1193 1218 1218 1219 1220 1221 1221 1222 1222 1197 1198 1199 1223 1200 1224 1225 1225 1226 1227 1227 1228 1229 1229 1230 1230 1204 1231 1231 1232 1232 1233 1207 1234 1234 1235 1235 1236 1237 1238 1238 1211 1212 1213 1239 1239 1240 1241 1241 1242 1217
1243 1244 1244 1219 1220 1245 1246 1246 1247 1247 1248 1249 1223 1250 1250 1251 1252 1252 1253 1254 1228 1255 1256 1257 1257 1258 1259 1259 1260 1260 1233 1261 1261 1262 1262 1263 1236 1237 1264 1264 1265 1266 1266 1267 1268 1240 1269 1269 1270 1270
1271 1272 1273 1273 1274 1245 1275 1275 1276 1277 1248 1249 1278 1278 1279 1251 1280 1281 1281 1254 1282 1255 1283 1283 1284 1285 1285 1286 1287 1288 1289 1289 1290 1290 1291 1291 1292 1292 1293 1294 1265 1295 1295 1267 1296 1296 1297 1297 1298 1299
1271 1272 1300 1300 1274 1301 1301 1302 1276 1277 1303 1304 1305 1306 1307 1307 1280 1308 1309 1309 1282 1310 1311 1311 1284 1312 1313 1286 1287 1288 1314 1315 1316 1317 1317 1318 1318 1319 1293 1294 1320 1320 1321 1321 1322 1323 1324 1325 1298 1299
1326 1326 1327 1328 1328 1329 1329 1302 1330 1331 1331 1304 1305 1332 1332 1333 1333 1334 1334 1335 1335 1310 1336 1336 1337 1337 1313 1338 1338 1339 1314 1315 1316 1340 1340 1341 1341 1319 1342 1343 1343 1344 1344 1345 1322 1323 1324 1325 1346 1346
77 99 88 74 59 11 23 54 71 60 81 71 23 5 33 39 99 46 95 53 61 13 99 9 99 22 44 98 56 74 33 26 9 65 11 53 89 8 31 44 92 88 92 76 16 30 31 2 88 18
99 29 75 62 83 64 18 16 18 97 49 3 72 28 97 59 35 23 69 96 12 13 43 33 4 77 7 68 55 52 41 56 31 2 73 39 13 75 80 94 97 88 52 79 84 98 37 45 71 52
71 91 10 95 39 89 17 34 14 24 53 58 58 7 15 26 58 8 72 71 69 53 77 86 90 34 38 59 7 74 41 80 99 81 2 13 81 34 2 72 37 50 28 54 51 58 20 93 22 1
76 17 11 98 86 77 84 98 83 13 76 42 49 13 18 58 56 22 81 84 84 86 52 70 48 50 7 53 59 76 57 90 86 79 19 59 53 21 95 81 53 2 40 96 60 83 38 56 7 98
69 72 46 42 85 0 55 90 92 86 33 88 71 11 4 92 10 47 93 87 42 64 83 25 7 2 1 28 33 91 61 71 45 62 63 23 42 24 19 33 21 70 7 34 95 48 97 14 5 22
44 0 5 65 88 90 33 6 83 78 61 11 69 21 39 44 80 94 37 64 63 33 68 84 42 9 63 60 36 34 82 20 54 53 76 76 52 37 3 80 87 20 53 57 72 98 33 7 83 13
23 5 89 37 32 9 83 50 29 64 92 5 76 1 30 21 66 90 63 70 28 90 44 42 35 43 76 95 31 11 13 80 4 95 20 95 69 92 85 76 15 39 6 89 1 4 48 78 94 24
85 91 55 58 9 59 72 77 25 62 37 39 44 20 70 60 17 88 92 56 99 64 58 47 91 64 15 16 90 63 10 40 94 95 0 50 94 48 95 12 74 17 39 50 52 92 89 55 86 26
4 55 68 51 5 78 48 50 71 94 45 42 19 19 92 11 76 94 5 84 7 85 50 80 89 69 60 40 66 71 4 39 13 30 14 59 5 99 36 24 88 36 77 65 52 79 2 81 99 43
9 4 88 93 13 43 15 99 39 57 70 54 64 88 63 17 17 15 54 44 22 49 13 31 63 37 85 20 28 83 64 32 77 46 62 36 94 93 58 41 24 68 23 4 30 15 1 20 80 4
10 89 90 38 16 40 88 50 50 12 94 51 65 63 24 9 64 11 18 58 31 59 80 2 41 58 47 35 50 18 37 67 95 71 83 69 54 16 29 12 79 41 83 64 60 33 42 80 87 14
57 67 30 24 87 56 50 78 46 0 69 24 43 45 84 57 44 29 47 31 83 42 92 55 26 54 50 23 2 39 78 76 48 86 9 10 31 36 21 65 28 71 71 57 64 75 11 77 87 0
60 89 9 51 37 71 50 78 93 42 84 12 6 69 36 9 55 85 9 57 52 79 48 83 18 18 7 74 21 16 88 53 81 43 18 89 49 54 80 86 95 74 54 17 44 39 93 39 47 98
6 6 52 64 88 83 3 85 45 51 12 15 57 68 64 45 29 70 40 54 24 17 77 22 42 83 15 29 35 51 88 43 52 99 35 16 83 64 47 59 7 58 32 56 85 68 53 51 97 46
28 29 38 74 64 37 75 66 79 25 30 75 35 53 80 23 63 38 31 54 60 26 62 62 60 70 53 5 2 87 62 88 6 15 62 82 75 17 29 5 1 32 97 49 5 86 22 58 0 85
50 78 73 5 29 15 64 89 52 86 40 90 35 40 86 73 8 90 2 98 11 52 6 38 98 79 2 62 58 47 95 68 63 9 68 33 84 93 16 76 63 23 4 63 90 25 29 21 84 25
22 50 99 45 30 3 48 88 77 78 81 36 19 23 79 17 29 2 19 64 2 27 60 91 33 89 17 35 36 22 83 73 48 94 22 68 45 72 59 34 99 88 58 49 0 52 64 60 7 21
16 71 60 37 34 86 43 61 12 77 59 50 10 51 50 23 37 13 46 26 71 8 38 94 66 34 7 6 54 68 39 23 84 97 36 11 49 83 7 98 63 75 4 55 97 1 74 82 52 85
93 3 0 7 5 73 10 40 59 92 52 18 82 99 20 96 18 61 66 53 98 78 88 15 19 32 50 36 57 88 50 57 67 96 82 56 76 58 44 91 93 12 91 30 48 40 16 56 45 41
19 33 83 90 40 86 82 73 27 88 99 46 7 14 84 36 2 41 12 8 45 8 33 6 44 20 16 18 22 39 56 30 80 68 62 86 80 3 3 71 71 26 19 87 0 65 15 12 87 80
39 38 4 22 91 40 83 86 29 75 22 1 98 40 14 65 89 94 83 83 6 9 24 25 56 50 13 28 47 2 36 69 52 73 48 43 66 6 27 96 14 66 4 51 14 74 80 36 67 51
54 53 36 38 48 36 61 79 56 60 85 7 57 26 38 88 88 5 62 28 38 49 27 22 51 88 70 80 11 91 99 59 80 14 70 34 80 36 6 86 70 59 45 59 81 80 21 68 25 25
29 49 40 44 82 39 45 23 36 74 45 6 52 99 61 8 46 34 88 14 8 94 7 94 64 50 3 12 35 40 48 96 15 49 79 96 80 66 42 90 71 34 47 25 90 41 30 32 11 44
6 12 41 94 87 9 56 28 93 50 18 67 37 51 93 49 75 89 42 17 67 65 52 75 29 16 49 81 64 55 82 24 77 88 25 75 60 75 24 58 53 48 84 12 80 94 33 25 31 63
89 65 15 93 74 46 33 12 25 34 8 73 29 40 19 50 67 58 8 93 16 50 73 91 24 24 17 54 95 96 21 87 77 11 60 3 94 27 53 63 60 73 19 39 28 35 63 54 1 8
6 24 49 68 81 35 18 1 84 81 44 32 9 79 33 87 15 29 27 66 62 61 86 9 98 64 23 78 66 85 80 62 35 58 68 2 57 21 57 69 60 81 44 50 85 61 51 12 15 4
0 73 75 83 5 73 44 36 8 42 23 55 99 41 58 25 68 18 18 49 33 58 81 89 88 21 50 64 30 0 22 5 26 63 15 36 53 47 98 5 47 70 16 93 71 16 31 47 24 88
38 62 29 40 15 11 29 36 2 53 65 34 75 3 18 95 16 79 83 72 6 69 67 80 25 51 95 90 84 3 95 64 99 4 41 38 15 56 27 81 29 72 30 73 55 77 96 7 47 78
67 21 79 98 38 82 56 5 73 77 46 29 57 12 58 32 20 89 3 46 41 70 70 56 58 94 41 9 81 64 15 1 15 54 35 68 27 84 53 73 93 24 44 16 93 2 87 66 99 61
62 0 85 75 21 26 58 51 98 11 66 49 83 93 30 15 2 55 4 45 7 67 92 53 75 40 37 82 73 74 58 9 61 79 6 22 18 19 73 50 26 39 49 69 87 60 52 92 73 72
78 20 26 78 46 2 77 9 67 72 23 0 15 38 31 32 39 17 48 77 69 86 83 74 51 44 84 55 38 38 36 47 77 95 67 51 0 12 9 60 32 97 28 4 46 52 76 45 73 49
64 37 62 13 85 77 92 19 34 77 5 42 67 23 89 91 70 94 55 70 58 23 51 80 20 79 81 38 83 22 57 31 45 71 0 67 19 86 2 73 54 83 30 98 1 68 59 94 6 82
7 72 7 84 31 51 76 28 71 35 7 75 70 20 49 22 85 58 53 13 76 53 2 70 81 26 99 63 19 13 53 9 95 61 27 55 56 12 2 26 20 66 64 70 75 85 89 91 29 84
49 85 35 85 62 85 77 24 30 80 74 58 26 26 52 40 67 97 42 77 24 65 49 40 17 59 29 73 28 99 87 52 4 96 27 92 86 43 30 31 73 46 72 56 96 6 97 69 31 41
58 1 57 85 17 57 60 95 3 40 51 62 8 35 35 31 30 53 48 74 12 34 62 31 16 82 60 89 27 88 63 21 85 34 55 35 11 66 78 34 38 95 53 43 97 7 63 1 84 74
69 64 85 1 27 93 75 72 87 11 39 63 91 38 69 18 90 94 87 48 1 92 32 60 65 73 35 54 71 8 35 97 21 94 53 21 83 20 2 22 59 56 76 25 26 94 70 14 34 7
8 45 23 81 15 43 42 29 96 38 66 92 35 92 52 72 78 32 46 36 0 88 22 34 84 14 32 30 64 94 64 27 65 0 40 65 13 83 1 90 97 79 47 25 15 53 58 80 4 7
64 20 91 89 93 36 94 52 81 24 95 3 71 44 30 2 9 19 97 71 61 74 38 76 99 89 5 56 77 91 92 98 73 18 90 41 81 85 92 70 89 0 92 35 64 16 28 94 77 47
96 25 50 71 41 94 26 58 62 67 2 87 20 98 53 7 51 52 57 40 51 94 60 70 1 47 53 59 97 14 79 63 79 16 76 59 62 19 87 21 46 61 67 1 90 79 71 86 3 93
99 74 15 67 59 26 42 74 72 36 84 3 85 29 17 37 95 74 55 59 85 32 87 67 90 73 27 43 6 64 34 55 30 9 0 1 11 96 98 54 59 20 73 36 7 70 22 64 82 44
18 87 21 38 64 78 29 49 11 31 99 43 97 71 59 72 50 23 73 20 44 91 61 22 32 83 67 61 80 56 70 34 73 67 2 21 37 65 45 68 8 72 73 7 21 56 81 4 23 53
19 96 60 59 13 74 38 30 89 57 49 3 48 11 10 84 24 62 68 88 66 8 39 94 47 13 71 78 51 64 14 75 45 35 7 22 70 66 92 48 81 13 95 7 33 71 97 87 52 94
83 24 4 40 56 39 33 69 70 8 86 15 17 65 49 62 1 14 41 40 77 59 31 7 30 73 64 39 33 4 95 89 81 37 31 40 64 61 73 32 31 21 3 18 80 97 16 68 98 79
78 26 84 45 72 37 95 62 97 83 39 75 5 56 58 79 39 94 30 37 65 66 34 42 5 2 75 97 13 69 36 21 61 74 35 73 13 60 91 50 76 12 7 86 76 81 53 99 31 73
70 17 92 13 45 43 64 76 24 58 25 31 35 92 75 88 14 46 86 46 54 51 70 35 67 41 96 75 1 12 81 37 92 36 64 42 62 95 4 99 54 10 60 5 66 86 12 88 54 37
5 85 30 25 76 34 26 46 64 37 2 49 59 98 60 5 85 68 96 28 28 60 23 92 40 22 14 28 43 69 42 24 52 96 31 34 87 42 70 25 98 11 29 65 99 23 66 91 10 67
27 0 50 44 56 45 57 8 82 72 10 1 89 0 70 81 99 23 12 31 67 50 67 50 91 17 71 38 71 62 58 81 59 22 79 44 55 24 28 85 63 96 39 75 8 59 82 45 99 17
71 59 14 78 56 42 19 71 83 73 98 15 32 54 82 85 79 2 58 39 47 65 94 22 0 44 50 36 36 66 78 58 84 22 94 13 18 66 57 68 80 37 31 18 26 11 39 90 13 37
55 47 85 1 28 75 85 41 39 14 81 41 20 68 64 34 81 55 43 28 22 27 20 6 3 9 87 90 13 45 52 26 17 21 1 35 92 57 6 7 50 62 81 43 54 44 79 82 16 19
54 1 92 3 31 12 8 54 28 29 87 78 18 30 29 50 73 31 91 74 17 42 10 2 85 37 26 78 33 89 19 5 71 89 9 94 30 48 74 83 70 93 40 20 38 46 31 18 85 48
