29 34
0 1 2 3 4 4 5 5 6 7 7 8 8 9 10 11 12 13 14 15 16 16 17 18 19 20 20 21 22 23 23 24 24 25 26 27 27 28 28 29 29 30 30 31 31 32 33 34 34 35
36 1 2 3 37 38 38 39 6 40 40 41 41 9 10 11 12 42 14 15 43 44 44 18 19 45 45 21 22 46 46 47 47 25 26 48 48 49 49 50 50 51 52 53 54 32 33 55 56 35
36 57 57 58 37 59 59 60 60 61 62 63 63 64 64 65 66 42 67 68 43 69 70 70 71 71 72 72 73 73 74 75 76 77 77 78 79 79 80 80 81 51 52 53 54 82 82 55 56 83
84 84 85 86 87 88 88 89 90 61 91 91 92 93 94 65 66 95 67 68 96 97 98 98 99 99 100 101 101 102 74 75 76 103 104 78 105 106 107 107 108 109 110 111 112 113 114 115 116 117
118 118 85 86 87 119 119 89 90 120 120 121 92 93 94 122 123 124 125 125 126 97 127 128 128 129 129 130 131 102 132 133 133 103 104 134 105 106 135 136 108 109 110 111 112 113 137 115 116 117
138 139 139 140 140 141 142 143 144 144 145 146 146 147 147 122 123 124 148 148 126 149 150 151 152 153 154 155 131 156 132 157 157 158 159 134 160 161 135 136 162 162 163 163 164 164 137 165 166 166
138 167 167 168 169 141 142 170 171 172 172 173 173 174 174 175 175 176 176 177 177 178 150 151 152 153 154 155 179 156 180 181 182 158 159 183 160 184 184 185 185 186 186 187 188 189 189 165 190 190
191 191 192 168 169 193 194 170 171 195 196 197 197 198 198 199 199 200 201 201 202 178 203 203 204 204 205 206 206 207 180 208 182 209 209 183 210 211 211 212 213 214 215 187 216 217 218 219 220 221
222 223 192 224 224 193 225 225 226 195 196 227 228 229 230 230 231 231 232 233 202 234 235 236 237 237 205 238 238 207 239 208 240 240 241 241 210 242 243 212 244 214 245 245 216 217 218 219 220 221
222 246 247 247 248 248 249 250 250 251 251 227 228 229 252 252 253 254 232 255 255 234 235 256 257 258 258 259 260 260 239 261 262 262 263 264 264 242 265 266 244 267 268 268 269 270 270 271 271 272
273 246 274 275 275 276 249 277 278 279 279 280 280 281 282 283 253 284 285 286 286 287 287 256 257 288 289 290 291 292 292 293 293 294 294 295 296 296 265 297 298 267 299 299 269 300 301 302 303 304
305 305 274 306 307 307 308 277 278 309 309 310 311 311 282 312 312 284 285 313 314 314 315 316 316 288 289 290 291 317 318 318 319 320 320 295 321 322 322 297 298 323 324 325 325 300 301 302 303 304
326 326 327 327 328 328 329 330 331 332 333 334 335 335 336 337 338 338 339 313 340 340 315 341 342 342 343 343 344 317 345 346 347 347 348 348 321 349 349 350 350 323 324 351 352 353 354 354 355 356
357 358 358 359 359 360 329 330 331 361 333 334 362 362 336 337 363 363 339 364 365 365 366 367 367 368 369 370 370 371 345 346 372 373 374 374 375 376 377 378 378 379 379 351 352 353 380 381 355 356
382 382 383 383 384 360 385 386 386 361 387 388 388 389 389 390 391 392 393 393 394 395 366 396 396 368 369 397 398 399 399 400 400 373 401 402 403 376 404 404 405 405 406 407 408 409 380 410 411 412
413 414 414 415 415 416 385 417 417 418 418 419 420 421 421 422 391 392 423 423 394 395 424 424 425 425 426 397 427 427 428 429 430 430 401 402 403 431 431 432 432 433 406 407 408 409 434 410 411 412
435 435 436 436 437 438 439 440 440 441 442 419 420 443 444 422 445 445 446 447 448 448 449 450 451 451 426 452 453 453 428 429 454 455 456 456 457 458 458 459 459 460 461 461 462 463 464 465 466 466
467 468 468 469 437 438 470 471 471 441 442 472 473 443 444 474 475 476 446 447 477 477 449 450 478 479 480 480 481 482 483 483 454 455 484 485 457 486 486 487 487 460 488 489 489 463 464 490 491 492
493 493 494 495 496 496 470 497 498 499 500 472 473 501 501 474 475 476 502 503 503 504 505 505 478 479 506 506 481 482 507 508 509 510 510 485 511 512 513 514 514 515 515 516 516 517 518 490 491 519
520 520 494 495 521 522 523 497 498 524 500 525 526 527 527 528 529 529 530 530 531 531 532 532 533 534 534 535 536 537 537 508 509 538 539 539 540 512 513 541 541 542 542 543 543 517 544 545 545 519
546 547 547 548 549 522 523 550 551 524 552 525 526 553 553 528 554 554 555 556 557 557 558 558 559 559 560 535 536 561 562 563 563 564 565 566 540 567 568 568 569 570 570 571 571 572 544 573 573 574
546 575 575 548 549 576 577 550 551 578 579 580 581 581 582 582 583 583 584 556 585 585 586 587 587 588 588 589 589 561 590 590 591 564 565 592 592 567 593 594 569 595 595 596 597 598 598 599 600 574
601 601 602 603 604 576 605 605 606 578 579 580 607 608 608 609 609 610 584 611 611 612 612 613 613 614 614 615 616 616 617 617 591 618 618 619 620 620 593 621 622 623 623 596 597 624 625 599 600 626
627 627 628 603 604 629 630 631 631 632 632 633 607 634 634 635 635 610 636 637 637 638 639 640 641 641 642 643 643 644 645 645 646 647 648 619 649 649 650 621 622 651 652 652 653 654 625 655 655 626
656 656 628 657 658 629 630 659 660 660 661 662 662 663 664 665 666 666 636 667 667 638 639 668 669 669 642 670 671 671 672 672 646 673 648 674 675 676 677 678 678 651 679 679 653 654 680 681 682 682
683 683 684 657 685 686 686 687 687 688 688 689 689 663 664 665 690 691 691 692 692 693 693 668 694 694 695 670 696 696 697 697 698 673 699 674 675 700 677 701 701 702 703 703 704 705 680 706 706 707
708 709 710 710 685 711 711 712 712 713 714 715 716 716 717 717 690 718 719 720 720 721 722 723 724 724 695 725 726 727 728 729 698 730 699 731 731 700 732 732 733 702 734 734 704 735 736 736 737 707
708 709 738 739 740 741 742 743 744 745 714 746 747 748 749 750 751 718 719 752 753 753 722 723 754 755 756 725 726 727 728 729 757 757 758 758 759 759 760 761 761 762 763 764 764 735 765 765 766 766
767 767 738 739 740 741 768 743 744 745 769 746 747 770 749 771 751 772 773 752 774 774 775 775 754 776 756 777 777 778 779 780 780 781 781 782 783 783 784 784 785 762 763 786 786 787 787 788 789 789
790 791 792 792 793 794 768 795 795 796 797 798 798 770 799 771 800 772 773 801 801 802 803 803 804 776 805 806 806 778 779 807 807 808 808 809 810 810 811 812 813 813 814 814 815 816 817 788 818 818
790 819 819 820 820 794 821 822 823 796 797 824 825 825 799 826 800 827 827 828 829 802 830 830 804 831 805 832 833 833 834 834 835 835 836 809 837 837 811 812 838 839 840 841 842 816 817 843 843 844
845 846 846 847 848 848 821 822 823 849 849 824 850 851 851 826 852 853 853 828 854 854 855 855 856 831 857 857 858 858 859 859 860 860 836 861 862 863 863 864 864 839 840 841 842 865 866 867 868 844
845 869 869 847 870 871 872 872 873 873 874 875 875 876 876 877 852 878 879 879 880 880 881 881 856 882 883 884 885 886 887 888 889 890 890 861 862 891 891 892 893 893 894 894 895 865 866 867 868 896
897 897 898 899 899 871 900 900 901 901 902 902 903 904 905 877 906 878 907 907 908 909 910 911 912 882 883 913 885 886 914 888 889 915 915 916 916 917 917 892 918 919 919 920 895 921 921 922 923 896
924 925 925 926 927 927 928 929 930 931 932 932 903 904 905 933 933 934 934 935 908 909 910 911 912 936 936 913 937 938 914 939 939 940 940 941 942 942 943 944 944 945 945 920 946 947 948 922 923 949
950 950 951 926 952 952 928 929 953 931 954 954 955 956 956 957 957 958 958 935 959 960 961 961 962 962 963 964 937 938 965 966 967 968 969 969 970 970 971 972 973 974 974 975 946 947 948 976 976 949
977 978 951 979 980 981 981 982 953 983 983 984 955 985 985 986 987 988 988 989 989 960 990 990 991 992 963 964 993 993 965 966 967 968 994 995 996 997 971 972 973 998 999 999 1000 1000 1001 1002 1002 1003
977 1004 1004 1005 980 1006 1006 982 1007 1008 1009 984 1010 1011 1011 1012 987 1013 1014 1014 1015 1016 1017 1018 1018 992 1019 1020 1021 1022 1023 1024 1025 1026 1026 995 996 997 1027 1027 1028 1029 1029 1030 1030 1031 1032 1033 1034 1034
1035 1036 1036 1005 1037 1038 1039 1039 1040 1008 1009 1041 1010 1042 1042 1012 1043 1013 1044 1044 1015 1016 1017 1045 1046 1047 1019 1020 1021 1022 1023 1048 1025 1049 1050 1050 1051 1052 1052 1053 1054 1054 1055 1056 1056 1031 1032 1033 1057 1058
1059 1060 1061 1062 1037 1038 1063 1063 1040 1064 1064 1041 1065 1066 1067 1068 1069 1069 1070 1070 1071 1072 1073 1074 1046 1047 1075 1075 1076 1077 1077 1048 1078 1078 1079 1079 1051 1080 1080 1053 1081 1082 1083 1083 1084 1084 1085 1086 1086 1058
1059 1060 1061 1062 1087 1087 1088 1089 1090 1091 1092 1093 1065 1066 1067 1094 1095 1096 1097 1097 1098 1072 1073 1074 1099 1099 1100 1100 1076 1101 1101 1102 1102 1103 1103 1104 1104 1105 1105 1106 1081 1107 1107 1108 1108 1109 1085 1110 1111 1112
1113 1113 1114 1114 1115 1116 1088 1089 1090 1091 1092 1093 1117 1117 1118 1094 1095 1096 1119 1119 1098 1120 1121 1121 1122 1123 1124 1125 1125 1126 1126 1127 1128 1129 1130 1130 1131 1132 1132 1133 1133 1134 1135 1135 1136 1137 1137 1110 1111 1138
1139 1140 1140 1141 1115 1116 1142 1143 1144 1145 1146 1146 1147 1147 1118 1148 1149 1149 1150 1151 1151 1120 1152 1152 1122 1123 1124 1153 1154 1155 1156 1127 1128 1129 1157 1157 1131 1158 1159 1159 1160 1161 1161 1162 1162 1163 1163 1164 1164 1138
1139 1165 1165 1166 1166 1167 1142 1143 1144 1145 1168 1168 1169 1169 1170 1148 1171 1171 1172 1172 1173 1173 1174 1175 1175 1176 1177 1177 1154 1155 1156 1178 1179 1180 1180 1181 1181 1182 1182 1183 1160 1184 1184 1185 1185 1186 1186 1187 1188 1189
1190 1190 1191 1191 1192 1192 1193 1194 1195 1196 1197 1198 1198 1199 1200 1200 1201 1202 1203 1203 1204 1204 1174 1205 1205 1206 1206 1207 1208 1209 1210 1178 1211 1212 1213 1213 1214 1215 1215 1183 1216 1216 1217 1218 1218 1219 1219 1187 1188 1189
1220 1221 1222 1223 1223 1224 1224 1194 1195 1196 1197 1225 1225 1199 1226 1226 1201 1202 1227 1227 1228 1228 1229 1229 1230 1231 1231 1207 1232 1209 1210 1233 1211 1234 1235 1235 1236 1236 1237 1237 1238 1239 1217 1240 1241 1241 1242 1243 1243 1244
1220 1221 1222 1245 1245 1246 1246 1247 1247 1248 1248 1249 1249 1250 1250 1251 1252 1252 1253 1253 1254 1254 1255 1256 1230 1257 1258 1258 1232 1259 1260 1260 1261 1234 1262 1262 1263 1264 1265 1266 1267 1239 1268 1269 1270 1271 1271 1272 1273 1273
1274 1275 1275 1276 1277 1278 1278 1279 1280 1281 1281 1282 1282 1283 1283 1251 1284 1284 1285 1285 1286 1286 1255 1256 1287 1288 1289 1290 1290 1259 1291 1292 1293 1293 1294 1294 1263 1264 1265 1266 1267 1295 1295 1269 1296 1297 1297 1298 1299 1299
1274 1300 1300 1276 1277 1301 1301 1279 1280 1302 1303 1304 1305 1306 1307 1308 1308 1309 1309 1310 1310 1311 1312 1313 1287 1288 1289 1314 1315 1316 1291 1292 1317 1317 1318 1319 1320 1320 1321 1322 1322 1323 1324 1325 1296 1326 1327 1298 1328 1329
1330 1330 1331 1331 1332 1332 1333 1334 1334 1302 1303 1304 1305 1306 1307 1335 1336 1336 1337 1338 1338 1311 1312 1313 1339 1340 1340 1314 1315 1316 1341 1341 1342 1342 1318 1343 1343 1344 1321 1345 1345 1323 1324 1346 1346 1326 1327 1347 1347 1329
67 15 69 21 72 77 83 61 21 53 97 11 87 75 89 92 71 78 60 74 44 12 38 7 74 52 53 40 70 22 80 8 3 68 82 78 48 40 42 23 81 90 73 10 15 87 59 62 1 59
76 47 66 25 74 91 97 6 11 26 54 64 71 15 31 43 76 54 86 27 1 41 35 9 10 30 35 0 96 97 58 73 51 69 90 36 43 33 63 13 57 6 43 82 56 29 8 99 82 77
85 36 81 48 11 6 53 13 55 10 38 1 37 22 73 54 40 25 15 66 74 0 98 58 40 47 75 49 35 4 32 74 67 3 36 67 13 67 90 77 62 3 33 72 85 93 37 74 35 90
20 49 21 47 46 29 40 80 15 16 44 49 13 79 30 48 85 71 84 84 78 76 83 71 5 18 39 64 86 4 73 16 50 44 77 14 92 7 98 34 51 39 17 66 58 21 19 36 42 86
2 63 81 27 1 71 95 62 22 39 36 55 1 71 95 87 69 17 78 10 48 83 37 82 12 24 37 47 87 23 21 79 46 83 7 88 7 96 19 8 95 96 42 78 25 4 44 48 58 40
36 53 55 25 34 29 65 78 51 38 82 87 24 22 91 37 54 80 92 61 51 75 90 52 72 93 70 69 92 90 92 75 70 93 51 5 14 97 99 4 55 93 85 28 75 91 77 25 56 58
38 8 20 7 14 3 90 10 47 27 51 75 19 3 91 22 71 40 66 76 16 49 87 64 29 59 21 18 47 7 67 24 34 26 66 63 76 63 93 91 36 81 50 86 47 97 52 71 56 19
28 81 84 19 9 80 74 67 51 71 36 49 0 31 72 13 37 17 47 25 37 37 96 84 37 20 43 59 84 27 56 24 39 89 58 76 88 40 25 17 16 94 57 8 37 84 27 70 50 49
53 2 51 23 17 89 16 35 57 48 96 54 93 83 25 2 73 18 88 36 9 0 22 10 4 56 73 20 63 47 59 54 75 43 4 77 93 32 34 65 46 82 92 75 54 14 91 62 54 7
6 73 62 89 42 17 89 84 99 11 22 86 59 67 68 99 9 40 70 63 55 39 13 14 42 0 50 14 75 86 32 32 19 77 99 61 32 28 76 30 30 99 88 89 79 69 53 27 99 93
59 90 82 4 19 10 54 65 65 56 26 4 89 43 22 34 29 77 68 61 94 71 30 29 74 68 77 0 89 73 24 25 0 75 80 73 79 83 41 96 3 45 76 26 78 30 58 95 17 39
44 43 46 60 3 90 49 90 77 4 4 94 97 10 26 62 28 41 17 54 90 89 90 8 55 72 92 6 11 68 34 59 22 81 11 6 10 45 17 26 29 59 24 27 11 67 90 60 60 11
13 9 73 55 42 37 57 39 49 55 51 49 88 10 10 40 15 36 31 12 44 80 63 28 46 33 6 38 2 56 71 18 9 77 81 50 54 46 9 26 32 72 55 80 97 87 65 67 46 13
46 47 99 47 3 41 48 80 45 5 36 61 19 73 93 20 13 4 49 7 46 35 98 85 4 62 76 46 40 33 75 66 68 8 75 71 12 95 99 55 1 35 77 56 6 23 57 19 81 88
88 1 37 97 8 37 77 51 62 5 86 43 30 97 75 30 8 51 55 42 45 35 25 70 63 25 30 51 51 67 93 22 31 52 35 38 73 14 52 69 42 45 27 83 84 6 4 11 27 71
42 54 78 7 89 89 47 36 70 68 60 57 95 2 12 36 32 50 90 68 58 35 83 47 7 82 84 57 20 45 70 43 53 99 85 3 73 61 73 98 7 14 54 95 28 13 3 49 38 97
88 1 0 54 81 72 31 27 34 90 13 59 35 24 99 93 33 92 46 83 6 26 23 49 70 19 47 34 87 36 20 26 61 93 97 61 82 43 39 99 96 89 6 54 58 47 54 13 99 19
83 86 67 85 53 71 66 13 47 65 60 55 5 29 15 96 20 95 29 35 62 1 71 21 59 52 65 98 16 30 45 7 84 10 95 58 90 93 8 79 67 42 10 58 96 7 24 8 11 87
9 29 57 42 85 61 1 41 42 28 52 50 30 49 5 79 95 27 64 93 74 23 11 41 95 2 44 76 85 66 9 9 41 95 44 40 17 52 78 43 79 41 71 39 71 75 40 39 96 76
57 3 78 26 30 80 64 0 33 64 88 83 15 39 89 8 87 72 83 10 55 25 29 23 41 31 34 44 48 24 53 14 79 16 14 64 50 7 56 34 43 37 28 77 38 2 11 85 58 85
21 87 16 19 34 64 25 19 45 4 20 83 58 80 52 94 66 22 46 59 38 46 2 58 83 29 72 36 65 38 51 27 11 63 41 66 57 64 27 70 43 82 48 70 81 87 12 59 1 61
32 59 51 31 26 11 54 82 91 36 58 68 74 82 0 30 30 63 88 19 35 58 51 75 25 73 42 84 20 54 35 93 0 50 69 53 38 97 95 74 64 2 77 56 57 98 70 54 35 0
37 77 79 90 72 81 97 42 21 95 65 38 77 69 87 73 19 51 50 43 2 41 38 86 68 60 1 33 74 49 71 63 68 24 90 94 75 37 7 46 80 34 45 10 59 68 49 11 11 38
45 77 43 38 41 1 38 87 69 54 23 56 45 78 92 39 62 76 66 24 37 1 78 50 90 29 70 44 74 74 37 17 2 71 38 51 47 62 62 84 3 92 77 76 60 46 80 1 56 2
82 58 68 36 68 10 19 84 5 17 98 15 34 22 80 59 52 23 16 73 65 84 32 94 25 49 83 60 78 8 81 52 87 30 77 45 2 29 72 48 74 62 41 17 30 14 54 23 76 85
96 58 1 69 28 32 29 91 26 56 16 47 36 2 28 70 60 10 91 91 53 11 18 38 29 26 19 25 78 4 18 68 86 84 4 6 39 7 68 40 53 68 10 91 31 77 80 36 58 45
50 81 68 71 85 87 56 79 23 17 32 19 67 72 19 99 43 57 92 42 4 55 1 35 66 11 24 62 56 84 33 75 76 44 78 16 83 38 20 93 37 97 21 11 86 29 47 89 42 65
71 68 35 78 19 78 83 42 30 36 92 38 8 19 19 62 26 24 31 56 4 61 81 48 53 21 8 74 44 48 82 89 77 79 24 67 93 33 47 58 47 2 9 36 61 37 54 41 53 75
56 5 79 26 3 1 9 11 23 11 27 96 72 91 39 42 79 31 43 4 37 40 18 34 63 42 41 15 42 53 86 33 77 61 39 38 53 50 56 86 11 40 16 66 85 51 96 57 52 44
28 74 83 37 51 27 91 64 42 1 16 59 91 2 74 27 88 39 31 19 28 85 99 83 15 16 50 80 18 98 93 64 62 50 97 19 20 26 37 62 26 82 20 21 44 62 93 58 21 30
63 15 25 12 39 3 65 97 53 32 9 92 50 88 32 15 20 33 25 34 6 6 13 94 27 37 74 5 3 23 41 71 22 55 60 28 71 46 50 34 40 81 4 74 69 42 34 9 88 56
98 80 80 57 90 57 61 80 30 51 41 13 54 15 35 57 29 67 90 31 6 96 33 7 46 20 55 37 34 40 70 46 21 55 16 90 21 99 53 34 73 39 64 35 34 15 28 33 40 43
81 59 3 94 12 60 63 55 51 37 50 55 3 26 85 98 74 81 6 84 15 18 87 44 72 22 2 7 31 98 24 73 6 6 90 45 10 77 74 54 13 15 40 79 6 97 35 3 19 28
15 37 84 60 40 8 2 36 37 71 86 39 19 60 32 1 63 98 90 78 60 9 81 39 15 58 88 88 8 54 1 63 23 60 12 81 63 97 56 34 84 67 81 26 86 0 75 5 24 79
86 1 95 34 13 60 92 7 41 94 18 43 87 45 25 43 89 67 21 54 83 57 62 16 69 6 56 83 26 70 81 69 85 7 75 75 67 80 54 30 5 44 80 57 25 61 10 29 87 85
51 59 38 88 17 66 97 58 22 39 89 33 26 28 72 84 97 26 70 60 80 25 88 96 70 37 38 15 14 94 66 79 31 90 65 74 18 62 54 2 67 41 79 0 90 44 45 53 80 69
3 34 14 60 61 52 65 61 55 61 56 11 87 59 0 1 89 43 86 34 59 29 90 82 24 95 97 17 99 62 30 44 94 14 61 66 7 95 84 47 18 85 92 21 59 73 40 74 57 3
18 30 83 62 72 8 25 47 81 22 36 34 44 14 68 18 11 69 16 28 65 20 66 20 15 85 26 19 93 13 84 69 78 25 40 61 31 2 54 58 6 12 91 19 6 7 77 96 93 84
29 88 10 52 82 56 55 9 38 20 96 76 36 48 86 70 26 50 19 39 33 41 74 19 92 74 63 21 51 42 13 67 91 58 49 10 58 44 82 82 90 21 87 25 72 92 17 15 66 55
33 29 59 90 59 27 11 3 17 33 37 68 55 98 0 90 1 64 98 71 46 58 18 8 13 83 90 20 19 5 63 5 16 28 95 41 89 1 23 46 61 96 35 56 90 90 37 19 69 56
47 8 68 72 41 88 80 81 91 85 13 79 6 30 52 52 63 6 96 75 28 61 38 37 23 82 12 70 76 10 71 72 34 19 19 3 14 72 53 81 34 85 33 26 19 55 38 88 12 26
3 95 71 2 28 96 99 67 82 69 49 90 64 12 90 96 59 49 22 51 93 37 32 55 0 97 15 58 22 9 97 5 16 12 30 96 11 87 53 17 36 82 54 85 69 99 91 79 63 97
39 20 5 10 57 69 35 9 81 21 90 8 58 88 12 38 41 97 20 27 16 73 74 73 87 7 67 74 86 41 73 89 81 74 38 87 12 37 30 90 14 93 94 62 10 60 35 18 70 40
31 37 92 87 43 33 92 1 55 19 6 53 46 56 28 94 83 71 17 54 3 72 60 89 31 56 30 18 15 60 87 91 74 8 6 36 14 91 98 80 92 40 15 48 4 44 11 83 3 90
90 69 56 65 46 27 7 81 42 97 44 24 56 30 81 75 14 4 65 53 81 45 6 7 52 19 68 89 55 77 22 53 82 15 23 31 87 86 90 8 4 1 11 15 45 88 42 3 14 12
66 83 50 70 47 83 96 59 39 12 75 39 84 33 72 4 39 69 68 15 65 77 93 70 14 91 18 77 47 30 40 54 33 75 75 37 21 60 22 72 72 17 81 97 86 13 61 54 96 67
39 78 14 20 16 78 16 63 39 37 20 26 62 81 45 82 68 91 64 57 83 12 13 43 44 77 63 6 76 0 22 86 71 91 83 83 98 21 78 70 91 76 21 67 24 81 23 34 63 1
77 44 81 13 88 80 62 34 73 62 68 66 17 33 18 89 82 24 4 36 54 67 14 13 43 6 93 56 88 96 88 64 57 34 51 24 30 65 89 10 90 84 71 73 69 14 13 70 21 43
5 40 42 74 34 16 95 26 95 6 20 34 22 40 87 23 55 25 41 91 96 32 43 83 22 12 22 16 22 58 19 8 80 94 66 26 6 32 60 51 30 2 90 56 78 72 71 98 11 44
96 9 80 77 13 62 70 0 28 71 6 22 11 49 19 47 52 37 12 7 52 90 32 61 47 16 62 65 48 71 32 90 4 56 28 35 25 87 56 69 28 28 48 7 81 92 50 74 93 47
