13 28
0 0 1 2 3 3 4 5 5 6 7 7 8 9 9 10 11 11 12 13 14 14 15 15 16 17 18 19 19 20 21 21 22 22 23 23 24 25 25 26 26 27 27 28 29 30 31 32 32 33
34 34 1 35 35 36 4 37 37 38 38 39 8 40 40 10 41 42 12 43 43 44 44 45 16 17 18 46 47 20 48 48 49 49 50 50 51 51 52 53 53 54 54 55 29 30 56 57 57 33
58 59 59 60 60 36 61 61 62 63 64 39 65 66 66 67 41 42 68 69 69 70 71 72 73 73 74 74 47 75 75 76 77 78 79 79 80 80 52 81 82 83 83 55 84 84 56 85 85 86
58 87 87 88 89 90 90 91 91 63 64 92 92 93 94 67 95 95 68 96 96 70 71 72 97 98 98 99 99 100 100 76 77 78 101 101 102 103 104 81 105 106 106 107 107 108 109 110 110 86
111 111 112 88 89 113 113 114 114 115 116 116 117 93 118 119 120 120 121 122 123 123 124 125 97 126 127 128 128 129 130 131 131 132 132 133 102 103 104 134 105 135 135 136 137 108 138 139 140 141
142 143 112 144 144 145 145 146 147 147 148 149 150 150 118 119 151 152 121 153 153 154 154 125 155 126 127 156 156 129 157 158 159 160 160 133 161 162 163 134 164 165 166 136 167 167 138 168 140 169
142 143 170 171 172 173 174 174 175 176 148 149 177 177 178 179 151 152 180 181 181 182 182 183 184 185 185 186 186 187 157 158 188 189 190 190 161 162 163 191 191 165 166 192 192 193 193 168 194 169
195 195 170 171 172 173 196 196 175 176 197 197 198 198 178 179 199 199 180 200 200 201 201 183 184 202 203 203 204 205 206 206 188 207 208 208 209 210 210 211 211 212 213 214 214 215 216 217 217 218
219 220 221 221 222 222 223 223 224 225 225 226 227 228 228 229 229 230 231 231 232 233 234 234 235 202 236 237 204 205 238 238 239 207 240 240 209 241 241 242 242 212 213 243 244 244 216 245 246 218
219 247 248 249 250 251 252 252 224 253 253 226 227 254 254 255 255 230 256 257 232 233 258 258 259 259 236 260 260 261 262 263 239 264 264 265 266 267 267 268 269 269 270 271 272 273 274 245 246 275
276 247 248 249 277 251 278 278 279 279 280 280 281 282 283 284 285 285 256 286 287 288 288 289 290 290 291 292 293 261 262 263 294 295 296 296 266 297 297 268 298 299 300 271 272 273 274 301 302 275
303 303 304 304 277 305 306 307 307 308 309 309 281 310 283 284 311 311 312 286 287 313 314 315 316 316 291 292 293 317 318 319 294 295 320 320 321 322 323 324 324 299 300 325 326 327 327 301 302 328
329 330 330 331 332 332 306 333 334 334 335 336 337 310 338 339 339 340 312 341 342 313 314 315 343 344 345 346 347 347 318 348 348 349 349 350 351 322 352 352 353 353 354 325 326 355 356 357 358 358
359 360 360 331 361 362 363 364 365 366 335 336 367 368 369 370 371 371 372 341 342 373 374 375 343 344 345 346 376 377 378 378 379 380 380 350 351 381 382 382 383 384 354 385 386 355 356 357 387 387
359 388 389 389 361 362 363 364 365 366 390 390 367 391 369 370 392 392 372 393 394 373 374 375 395 396 396 397 376 398 398 399 379 400 401 401 402 403 404 404 405 384 406 385 407 407 408 409 410 410
411 388 412 412 413 413 414 414 415 415 416 416 417 391 418 419 419 420 420 393 394 421 421 422 395 423 423 397 424 424 425 399 426 426 427 428 428 403 429 429 405 430 431 432 433 433 408 409 434 434
435 436 436 437 438 438 439 439 440 441 441 442 417 443 418 444 445 446 446 447 447 448 449 449 450 450 451 452 452 453 453 454 455 456 457 457 458 459 459 460 461 461 431 462 462 463 464 464 465 465
435 466 467 467 468 468 469 470 470 471 472 473 474 443 475 444 445 476 477 478 479 448 480 481 481 482 483 484 484 485 485 486 455 456 487 487 458 488 488 460 489 490 490 491 491 492 492 493 494 494
495 495 496 497 497 498 469 499 500 471 501 473 502 503 475 504 504 476 477 478 479 505 480 506 506 482 483 507 508 509 509 486 510 511 511 512 513 513 514 514 515 516 516 517 517 518 519 520 520 521
522 522 496 523 523 498 524 499 500 525 501 526 502 503 527 528 529 530 530 531 531 532 532 533 534 535 536 507 508 537 537 538 538 539 539 540 540 541 541 542 515 543 544 544 545 545 519 546 547 547
548 548 549 549 550 551 552 553 553 554 554 555 555 556 556 528 529 557 558 559 560 561 561 562 534 535 536 563 563 564 565 566 567 567 568 568 569 570 570 542 571 571 572 573 574 575 575 576 577 578
579 580 580 581 550 551 552 582 583 584 585 585 586 587 588 588 589 589 558 559 560 590 591 562 592 593 594 595 595 596 565 566 597 598 598 599 569 600 600 601 601 602 572 573 603 604 605 576 577 578
579 606 607 608 608 609 610 582 583 584 611 611 586 587 612 613 613 614 614 615 615 590 591 616 617 593 618 619 619 596 620 620 597 621 621 599 622 622 623 623 624 624 625 626 603 604 605 627 628 629
630 606 607 631 631 609 610 632 632 633 633 634 635 635 636 636 637 637 638 639 639 640 641 616 617 642 618 643 643 644 644 645 646 646 647 648 649 649 650 651 652 653 625 654 655 655 656 656 628 629
657 657 658 659 659 660 661 661 662 662 663 664 664 665 665 666 667 668 669 669 670 640 641 671 672 672 673 673 674 675 675 645 676 676 647 648 677 677 650 651 652 653 678 654 679 679 680 681 681 682
683 684 658 685 685 686 687 688 689 690 663 691 691 692 692 666 667 668 693 693 694 695 695 671 696 696 697 697 674 698 699 700 700 701 701 702 703 704 705 705 706 707 708 708 709 709 680 710 710 711
683 712 712 713 713 686 687 688 689 714 714 715 716 717 717 718 719 720 721 721 694 722 723 723 724 724 725 726 727 698 728 728 729 730 731 702 703 704 732 733 733 707 734 735 736 736 737 738 738 711
739 739 740 740 741 742 742 743 744 745 746 715 716 747 747 748 719 720 749 749 750 750 751 752 753 754 754 726 727 755 756 756 729 730 731 757 758 759 732 760 760 761 734 735 762 762 763 763 764 764
765 765 766 766 767 768 769 769 744 745 746 770 771 771 772 748 773 774 774 775 776 776 751 752 753 777 778 778 779 755 780 780 781 782 783 757 758 784 784 785 785 761 786 786 787 787 788 788 789 789
790 790 791 791 767 768 792 792 793 794 795 770 796 796 772 797 773 798 799 799 800 801 801 802 802 777 803 803 804 805 806 806 781 782 783 807 807 808 809 809 810 810 811 811 812 813 814 815 816 817
818 818 819 819 820 821 821 822 822 794 795 823 824 825 826 797 827 827 828 829 829 830 831 832 833 834 834 835 804 836 836 837 838 838 839 840 841 808 842 843 844 844 845 846 812 813 814 815 816 817
847 848 849 849 820 850 851 852 853 853 854 854 824 825 826 855 855 856 857 857 858 858 831 832 859 860 861 861 862 863 864 837 865 865 839 840 866 866 842 867 868 868 845 846 869 869 870 870 871 872
847 873 874 875 875 850 851 852 876 877 877 878 878 879 879 880 880 881 881 882 883 883 884 884 859 860 885 886 862 863 887 887 888 889 890 890 891 891 892 867 893 893 894 895 896 896 897 897 898 872
899 873 900 901 902 903 904 905 906 906 907 908 909 910 911 911 912 913 913 882 914 914 915 915 916 917 917 886 918 919 920 920 888 921 921 922 923 924 925 925 926 926 894 895 927 927 928 928 898 929
930 930 900 931 902 932 904 905 933 933 907 908 909 910 934 935 935 936 936 937 937 938 938 939 940 940 941 941 918 942 942 943 943 944 945 922 923 924 946 947 948 948 949 949 950 951 951 952 953 953
954 955 956 931 957 932 958 959 959 960 961 962 963 963 934 964 965 966 966 967 967 968 969 939 970 970 971 972 972 973 974 974 975 944 945 976 977 978 946 947 979 979 980 981 950 982 982 952 983 983
954 955 956 984 957 985 958 986 986 987 961 962 988 988 989 964 990 991 992 993 993 968 969 994 995 995 971 996 996 973 997 998 998 999 1000 976 1001 978 1002 1003 1003 1004 980 981 1005 1005 1006 1007 1008 1008
1009 1010 1010 984 1011 1011 1012 1013 1013 987 1014 1014 1015 1015 989 1016 990 991 1017 1018 1019 1019 1020 1020 1021 1022 1022 1023 1024 1025 997 1026 1027 1027 1000 1028 1001 1029 1002 1030 1030 1004 1031 1031 1032 1033 1006 1034 1034 1035
1036 1037 1038 1038 1039 1040 1040 1041 1041 1042 1042 1043 1043 1044 1045 1016 1046 1046 1017 1018 1047 1048 1048 1049 1050 1051 1051 1052 1024 1025 1053 1026 1054 1055 1055 1028 1056 1057 1057 1058 1059 1059 1060 1060 1032 1033 1061 1062 1062 1035
1036 1037 1063 1063 1039 1064 1064 1065 1065 1066 1066 1067 1067 1044 1068 1068 1069 1070 1071 1071 1072 1072 1073 1049 1050 1074 1074 1052 1075 1075 1053 1076 1077 1078 1078 1079 1056 1080 1081 1058 1082 1083 1084 1085 1085 1086 1087 1087 1088 1089
1090 1090 1091 1091 1092 1092 1093 1094 1095 1095 1096 1096 1097 1098 1098 1099 1069 1070 1100 1100 1101 1101 1073 1102 1102 1103 1104 1105 1105 1106 1107 1076 1077 1108 1109 1110 1110 1080 1081 1111 1082 1112 1084 1113 1113 1114 1114 1115 1088 1089
1116 1117 1117 1118 1119 1119 1120 1094 1121 1121 1122 1123 1124 1124 1125 1126 1127 1127 1128 1129 1130 1130 1131 1131 1132 1132 1104 1133 1133 1106 1107 1134 1135 1108 1109 1136 1136 1137 1137 1138 1138 1112 1139 1139 1140 1141 1142 1143 1143 1144
1116 1145 1146 1147 1148 1148 1120 1149 1149 1150 1122 1123 1151 1151 1152 1126 1153 1153 1154 1129 1155 1155 1156 1156 1157 1158 1159 1159 1160 1161 1161 1134 1135 1162 1163 1164 1165 1166 1167 1168 1169 1169 1170 1170 1140 1141 1142 1171 1171 1144
1172 1145 1146 1147 1173 1173 1174 1174 1175 1150 1176 1176 1177 1177 1152 1178 1178 1179 1154 1180 1181 1182 1182 1183 1157 1158 1184 1184 1160 1185 1185 1186 1187 1187 1163 1188 1165 1166 1167 1168 1189 1190 1190 1191 1192 1193 1194 1194 1195 1195
1172 1196 1196 1197 1198 1198 1199 1200 1175 1201 1202 1202 1203 1204 1204 1205 1206 1206 1207 1207 1181 1208 1208 1209 1210 1211 1212 1213 1213 1214 1215 1186 1216 1216 1217 1188 1218 1218 1219 1219 1220 1221 1222 1222 1192 1223 1223 1224 1225 1226
1227 1228 1228 1197 1229 1230 1199 1231 1232 1233 1234 1234 1235 1235 1236 1237 1238 1238 1239 1240 1240 1241 1241 1209 1210 1211 1212 1242 1242 1214 1215 1243 1243 1244 1245 1245 1246 1247 1248 1248 1220 1249 1250 1251 1251 1252 1252 1224 1225 1226
1227 1253 1253 1254 1229 1255 1255 1231 1256 1233 1257 1257 1258 1258 1236 1237 1259 1260 1260 1261 1261 1262 1263 1264 1265 1266 1266 1267 1267 1268 1269 1269 1270 1244 1271 1271 1246 1272 1273 1274 1274 1249 1250 1275 1275 1276 1277 1278 1279 1279
1280 1280 1281 1281 1282 1282 1283 1283 1256 1284 1284 1285 1286 1287 1288 1289 1259 1290 1291 1292 1292 1262 1293 1264 1294 1295 1296 1297 1297 1268 1298 1298 1270 1299 1299 1300 1300 1272 1273 1301 1302 1303 1304 1304 1305 1276 1277 1306 1306 1307
1308 1309 1309 1310 1311 1312 1313 1314 1315 1315 1316 1317 1286 1287 1288 1318 1319 1290 1291 1320 1320 1321 1293 1322 1294 1295 1296 1323 1323 1324 1325 1326 1327 1328 1328 1329 1330 1331 1331 1332 1302 1303 1333 1333 1334 1334 1335 1335 1336 1307
1308 1337 1338 1338 1311 1312 1313 1314 1339 1339 1316 1317 1340 1340 1341 1318 1342 1342 1343 1343 1344 1321 1345 1345 1346 1346 1347 1347 1348 1324 1325 1326 1327 1349 1349 1329 1330 1350 1350 1332 1351 1351 1352 1352 1353 1353 1354 1354 1336 1355
72 94 21 78 16 52 67 31 61 30 12 68 62 21 25 91 36 1 67 53 20 38 91 36 43 77 89 0 27 7 37 11 95 80 78 52 65 39 69 63 11 91 80 66 7 29 39 29 76 83
92 53 86 71 10 47 93 37 82 64 46 30 94 73 39 45 99 30 99 96 79 98 51 71 91 14 99 16 78 88 60 41 99 6 40 3 40 90 36 38 65 0 6 48 79 54 15 19 35 33
52 17 33 64 18 56 63 85 26 85 85 98 16 52 66 30 93 46 21 62 72 26 88 88 28 32 92 54 40 88 46 52 52 87 39 59 66 73 86 42 66 46 0 19 11 73 99 97 85 53
38 85 5 30 2 23 90 31 37 34 10 6 65 93 85 24 12 19 42 53 46 44 28 60 56 12 48 1 61 71 38 24 16 70 52 20 28 76 62 65 98 20 95 17 11 97 3 64 75 1
20 58 24 94 41 38 2 2 2 34 82 57 1 90 7 45 58 98 3 57 98 67 75 46 97 38 95 15 78 48 0 98 40 43 72 20 18 56 13 20 67 37 78 41 69 61 93 49 82 63
40 62 39 69 7 36 20 56 86 5 18 66 95 33 6 21 15 63 16 35 30 36 21 32 85 91 63 7 45 22 74 64 0 98 21 53 66 46 49 57 69 98 71 96 89 12 24 14 15 84
9 66 51 35 16 48 1 27 9 8 53 27 82 24 66 24 77 9 2 33 56 12 59 1 66 23 51 81 29 77 84 18 8 3 57 46 16 39 93 82 90 27 90 47 43 65 40 0 97 61
55 82 19 41 67 32 31 50 53 39 36 39 32 53 46 97 79 25 8 33 7 62 77 5 49 76 17 35 79 57 74 77 71 20 97 12 21 63 31 23 87 39 32 55 47 5 58 13 87 37
34 20 54 7 60 25 55 64 61 34 30 53 97 57 57 6 6 43 83 9 59 87 35 39 63 68 7 99 52 80 44 42 73 35 19 76 71 86 62 19 42 61 3 93 89 18 51 33 77 77
87 75 13 36 96 39 18 5 51 56 5 12 31 30 78 99 97 35 56 60 30 85 60 35 58 39 17 38 86 42 69 98 68 58 70 12 80 1 2 40 46 43 87 47 50 28 92 42 89 46
95 75 26 83 24 80 20 90 20 71 92 16 77 68 89 53 72 28 44 80 83 7 15 80 68 30 41 34 19 12 32 7 63 39 79 11 55 51 81 27 83 70 86 23 70 38 5 6 98 36
68 97 69 1 6 5 45 73 40 91 35 11 8 23 92 71 92 52 37 53 19 77 33 28 33 1 19 28 1 81 18 76 49 62 39 60 36 22 45 67 38 26 8 10 72 12 3 39 89 87
51 55 55 55 28 86 84 75 80 18 54 82 81 77 88 93 69 83 23 57 98 7 20 86 89 79 12 3 80 46 34 0 46 89 51 78 55 79 7 14 60 73 54 62 59 71 34 58 29 10
2 84 81 93 70 29 20 7 88 65 79 6 58 52 68 17 69 95 16 34 64 95 58 68 63 17 31 82 86 33 58 16 6 31 91 22 98 16 54 4 9 97 63 19 60 73 90 79 15 26
89 53 41 66 61 91 95 74 63 14 71 38 40 51 1 88 91 66 60 54 76 55 15 8 66 87 77 74 23 54 86 60 72 19 31 37 95 49 65 50 15 27 79 45 87 99 74 55 75 2
28 62 24 61 4 31 34 53 55 45 37 38 49 46 72 60 83 70 37 92 68 64 78 13 53 71 55 79 64 8 51 9 99 26 20 66 28 70 58 71 95 94 93 46 99 64 58 37 0 62
76 14 0 49 7 89 72 84 36 12 42 93 48 47 15 18 28 14 29 65 60 9 49 92 19 95 40 98 89 69 34 52 98 54 42 37 29 58 47 31 42 35 95 98 38 77 36 74 99 78
35 62 45 2 36 50 85 39 67 8 93 5 41 78 71 71 38 11 9 94 46 93 36 64 67 98 1 61 47 39 97 23 2 88 55 19 21 13 33 17 93 42 31 15 64 63 0 8 65 58
68 27 30 75 25 95 93 21 76 71 10 78 71 37 77 10 97 78 6 13 39 7 5 69 27 2 46 15 19 45 66 25 89 91 93 54 59 8 14 45 74 73 55 56 14 18 25 50 1 99
47 19 96 2 42 70 44 48 75 31 66 73 42 64 6 42 0 82 53 18 1 97 94 89 82 25 7 30 11 48 4 54 74 29 96 24 95 15 68 93 85 18 37 22 7 63 31 55 64 1
56 26 31 45 23 8 37 79 21 96 72 88 17 43 10 76 91 58 76 64 88 82 1 33 26 98 83 63 85 39 47 85 36 18 35 41 94 79 48 99 11 92 38 98 54 18 13 99 74 82
65 0 5 72 97 10 23 3 57 81 93 38 33 2 90 38 87 16 54 66 69 64 82 54 21 32 1 17 36 80 37 90 13 89 90 27 15 21 94 29 20 2 99 18 70 40 1 61 35 24
98 85 85 56 45 48 3 36 97 0 26 10 79 78 7 78 47 56 91 17 80 7 86 2 18 18 45 59 49 52 70 32 67 97 42 48 0 85 15 78 42 6 35 12 48 69 84 5 84 44
19 65 62 62 93 81 5 39 37 36 84 23 31 64 39 4 22 85 40 76 14 55 49 55 92 92 62 81 66 61 59 68 77 69 30 18 82 72 62 25 19 80 75 69 77 15 85 43 30 77
71 83 23 32 34 45 80 83 0 86 7 24 58 77 58 61 70 80 85 51 97 53 21 86 96 36 43 54 36 25 41 6 4 27 65 3 19 94 84 38 19 93 30 93 30 41 63 59 10 4
89 70 53 87 24 15 19 12 98 21 55 66 78 97 14 40 81 12 11 14 28 40 26 62 13 73 49 43 18 54 60 83 93 5 16 83 40 27 39 71 72 83 82 82 14 62 29 94 97 58
59 79 0 78 82 71 44 64 11 40 41 13 13 24 8 79 78 68 70 56 19 62 68 21 66 2 15 14 46 48 46 4 1 69 2 54 84 58 92 34 60 4 47 28 82 75 99 58 35 48
68 88 42 85 8 43 0 29 93 9 4 37 32 6 38 51 18 75 61 68 61 48 72 70 59 84 20 65 98 31 12 21 81 42 34 9 78 91 33 76 8 14 6 61 60 38 73 1 39 92
91 55 48 41 38 73 6 75 73 49 7 87 81 82 91 3 76 64 66 23 45 61 18 19 61 41 53 67 17 79 61 53 40 96 62 73 34 29 41 0 6 43 5 16 69 67 76 93 42 98
27 22 43 84 82 73 0 44 41 59 50 52 10 61 12 93 44 75 42 39 20 45 11 2 24 56 71 6 99 57 1 42 58 92 20 37 89 39 39 49 99 14 15 44 51 0 27 1 97 54
69 30 61 45 76 10 65 1 30 19 94 66 33 97 99 82 5 68 31 85 20 49 29 60 2 63 28 44 75 10 91 96 67 19 43 96 12 60 52 81 63 20 83 97 75 3 53 58 5 11
87 35 13 79 41 6 31 32 38 77 82 3 26 75 70 65 85 87 67 97 6 69 21 50 81 97 51 86 14 34 17 34 61 56 0 57 62 64 68 80 69 86 26 32 60 56 93 84 55 79
27 45 74 39 73 69 40 60 40 52 63 68 78 55 33 21 28 90 23 81 26 33 43 17 98 0 6 0 86 92 17 51 46 2 21 72 23 21 57 64 37 60 9 42 32 58 75 23 85 0
43 54 65 90 83 20 29 21 87 48 90 68 0 6 80 82 83 32 14 25 68 82 87 5 47 82 89 19 13 18 95 69 58 52 79 83 11 49 27 41 89 54 59 8 17 46 5 53 1 17
46 90 96 69 50 43 8 12 70 99 28 93 80 29 2 43 59 14 29 13 35 48 90 83 83 18 69 42 74 73 43 78 38 56 90 17 56 6 35 77 31 1 65 83 64 62 95 19 73 13
19 77 1 64 53 91 15 4 33 91 88 32 60 30 60 26 77 31 34 77 12 85 4 35 87 63 72 5 83 26 85 7 66 52 64 81 71 19 40 7 17 16 25 82 8 54 10 26 73 62
87 92 5 66 92 27 66 61 41 80 55 76 3 4 54 99 20 83 2 65 18 87 15 22 94 88 39 8 8 53 33 18 53 93 48 47 40 25 75 56 72 9 83 99 16 65 30 37 92 59
17 49 23 85 73 85 20 51 0 56 45 3 63 93 42 23 40 25 92 13 78 10 64 25 21 30 23 37 88 38 62 55 33 33 65 4 24 19 9 10 33 4 94 26 24 21 32 98 19 34
56 18 60 6 76 14 6 37 6 71 8 47 56 14 31 90 15 25 21 37 12 19 0 84 79 80 72 36 20 22 91 13 69 0 36 52 65 33 16 40 49 13 2 2 89 53 29 28 3 83
75 64 67 82 50 37 69 5 2 66 9 99 39 39 64 60 68 46 1 16 92 26 30 81 30 52 15 91 7 65 19 33 17 93 92 0 65 50 50 49 90 30 29 64 75 40 12 56 99 47
9 35 40 93 0 77 7 61 7 2 25 52 24 62 50 47 59 10 31 93 4 69 3 88 20 82 50 61 57 52 67 63 15 96 46 29 99 13 65 52 45 5 38 0 76 32 43 26 37 98
22 63 34 76 52 38 81 50 80 4 21 69 33 32 39 45 69 23 18 16 32 8 11 28 72 95 45 54 87 84 5 72 18 2 50 54 62 21 18 39 32 73 41 82 66 73 62 62 25 64
76 5 59 13 15 20 5 58 76 65 2 83 94 17 81 27 89 34 30 76 82 19 30 90 26 22 41 17 12 5 39 87 96 44 31 94 13 49 77 83 73 9 93 92 6 41 62 67 90 44
93 68 13 22 57 2 36 98 20 72 88 21 28 4 62 86 24 3 36 1 4 12 65 88 8 51 70 45 73 52 9 76 87 80 26 29 1 16 44 76 64 67 48 91 33 32 60 70 78 45
99 99 19 60 46 43 11 54 44 5 1 87 56 33 7 47 7 64 52 35 89 34 21 18 15 26 76 67 71 53 48 80 69 91 82 96 52 65 63 21 28 28 84 8 89 69 23 9 97 14
67 11 8 24 32 71 37 98 76 55 27 31 27 70 98 28 52 0 63 42 92 98 2 44 7 30 89 16 76 67 93 94 97 72 99 27 58 94 98 59 53 23 74 90 39 28 93 78 75 59
7 41 40 36 29 96 41 3 57 64 21 89 27 10 24 26 11 97 59 54 99 75 23 45 83 31 14 52 17 43 49 74 24 50 38 50 88 23 19 89 45 25 52 28 20 1 64 9 0 84
28 32 45 23 71 72 48 44 70 5 76 34 43 81 92 29 74 75 21 94 2 4 78 33 61 84 80 13 94 11 7 74 33 44 72 37 17 26 18 38 66 63 42 53 80 74 81 43 17 36
65 68 37 99 7 10 75 90 42 9 90 34 89 16 36 59 54 21 26 34 54 56 56 30 77 80 91 82 5 89 18 31 94 81 92 39 91 89 36 21 64 71 92 73 76 27 61 77 75 0
41 87 48 69 50 74 77 94 76 75 21 83 4 92 55 86 58 82 49 83 25 84 77 48 30 63 30 46 82 41 94 24 6 66 95 20 7 14 49 88 6 77 69 77 50 22 22 48 24 62
