13 29
0 1 1 2 3 4 4 5 6 7 8 9 10 10 11 12 13 13 14 15 15 16 16 17 18 19 20 20 21 22 22 23 24 24 25 25 26 27 28 28 29 30 31 31 32 33 33 34 34 35
0 36 36 2 37 37 38 39 6 7 40 9 41 41 11 12 42 43 43 44 44 45 46 17 47 19 48 49 49 50 50 23 51 51 52 52 26 53 54 55 29 30 56 57 58 58 59 60 60 35
61 62 62 63 63 64 64 39 65 66 40 67 67 68 68 69 42 70 71 72 73 74 46 75 47 76 48 77 78 79 79 80 80 81 82 83 84 53 54 85 86 87 87 57 88 88 59 89 89 90
91 91 92 93 93 94 95 96 65 97 98 98 99 100 101 102 103 103 71 72 73 74 104 105 106 76 107 77 78 108 109 110 111 81 82 83 112 113 114 85 86 115 116 116 117 118 118 119 120 90
121 122 122 123 124 125 95 96 126 97 127 128 128 100 101 102 129 129 130 131 132 133 134 105 106 135 136 136 137 108 109 110 111 138 139 140 112 113 141 142 143 115 144 144 117 145 145 119 120 146
147 148 149 149 124 125 150 151 126 152 153 153 154 154 155 156 157 157 130 131 132 133 134 158 158 135 159 159 137 160 161 162 162 138 139 163 164 165 141 142 143 166 167 167 168 169 170 171 171 146
147 148 172 172 173 173 150 174 174 175 176 176 177 177 155 156 178 179 179 180 180 181 181 182 182 183 184 185 185 160 161 186 187 188 188 163 164 165 189 189 190 166 191 191 168 169 192 193 194 194
195 195 196 197 198 199 200 201 201 175 202 203 204 204 205 206 206 207 207 208 208 209 210 210 211 183 212 213 213 214 215 186 187 216 216 217 218 218 219 220 190 221 221 222 223 224 192 193 225 225
226 227 196 197 198 199 200 228 228 229 202 203 230 231 232 233 234 234 235 236 236 209 237 237 238 239 212 240 241 214 242 242 243 243 244 244 245 246 246 220 247 248 248 222 223 249 250 251 252 253
226 227 254 254 255 255 256 256 257 257 258 259 230 231 232 233 260 261 235 262 262 263 263 264 238 265 265 266 241 267 267 268 269 269 270 271 271 272 272 273 247 274 274 275 275 249 250 251 252 253
276 277 278 279 280 280 281 281 282 283 283 259 284 285 286 287 260 288 288 289 289 290 291 291 292 293 293 266 294 294 295 296 297 298 298 299 300 300 301 273 302 303 304 304 305 305 306 306 307 308
276 277 278 309 309 310 311 312 282 313 314 315 284 285 286 316 316 317 317 318 319 290 320 320 292 321 321 322 322 323 295 296 324 325 325 326 326 327 327 328 302 329 329 330 331 332 333 333 307 334
335 336 337 338 338 310 311 312 339 339 314 315 340 341 341 342 343 344 344 318 345 345 346 346 347 347 348 349 349 323 350 351 324 352 353 353 354 354 355 356 356 357 357 330 331 358 358 359 359 334
335 336 337 360 361 362 362 363 363 364 365 366 367 367 368 342 343 369 370 371 371 372 373 373 374 374 375 375 376 377 377 351 378 352 379 380 380 381 381 382 383 383 384 384 385 386 386 387 388 388
389 389 390 360 361 391 391 392 393 394 365 366 395 395 368 396 396 397 370 398 398 399 399 400 400 401 402 403 376 404 405 406 378 407 407 408 409 409 410 410 411 412 413 414 415 415 416 387 417 418
419 420 390 421 422 422 423 392 393 394 424 424 425 426 427 427 428 397 429 429 430 430 431 431 432 432 402 403 433 404 405 406 434 435 436 437 438 439 440 440 411 412 413 414 441 442 416 443 417 418
419 420 444 421 445 445 446 446 447 448 448 449 449 426 450 451 428 452 452 453 453 454 455 456 456 457 458 459 433 460 460 461 462 435 436 437 438 439 463 463 464 464 465 465 441 442 466 467 467 468
469 469 444 470 471 471 472 472 473 474 475 475 476 477 450 451 478 479 479 480 480 454 455 481 481 457 458 459 482 483 483 461 462 484 484 485 486 487 487 488 488 489 490 491 491 492 493 494 495 496
497 498 499 470 500 501 502 502 473 474 503 503 476 477 504 504 478 505 506 506 507 507 508 509 509 510 510 511 511 512 512 513 514 515 515 485 486 516 517 518 519 489 490 520 521 521 493 494 495 496
497 522 499 523 523 501 524 525 526 526 527 527 528 529 529 530 530 505 531 531 532 532 508 533 533 534 535 536 536 537 537 513 538 538 539 540 540 516 517 518 519 541 542 520 543 544 545 546 547 548
549 522 550 551 552 553 554 525 555 556 557 558 528 559 559 560 560 561 562 563 564 565 566 566 567 534 535 568 569 570 570 571 571 572 539 573 574 575 575 576 577 577 542 578 543 544 545 546 547 548
549 579 550 551 552 553 554 580 580 556 557 558 581 581 582 583 584 561 562 563 564 565 585 586 567 587 588 568 569 589 589 590 590 572 591 573 574 592 592 576 593 593 594 578 595 596 597 598 599 599
600 601 602 603 604 605 605 606 607 608 609 609 610 611 582 583 584 612 613 614 615 616 585 586 617 587 588 618 619 619 620 621 622 622 591 623 623 624 624 625 625 626 626 627 595 596 597 628 628 629
600 601 602 603 604 630 631 606 607 608 632 632 610 611 633 633 634 612 613 614 615 616 635 636 617 637 638 618 639 640 620 621 641 642 643 643 644 645 646 646 647 648 648 649 649 650 650 651 651 652
653 653 654 655 655 630 631 656 657 657 658 659 660 661 661 662 662 663 663 664 664 665 635 636 666 666 638 667 668 640 669 670 641 642 671 671 644 672 672 673 673 674 675 675 676 677 678 679 680 652
681 681 654 682 683 683 684 656 685 685 658 659 686 687 688 688 689 690 691 692 693 665 694 695 695 696 697 667 668 698 698 670 699 700 701 702 703 703 704 704 705 706 706 707 707 677 678 679 680 708
709 709 710 682 711 711 684 712 713 714 715 716 686 687 717 718 689 690 691 692 719 719 694 720 720 696 697 721 722 723 724 724 699 700 701 702 725 726 727 728 728 729 729 730 730 731 732 733 734 708
735 736 737 738 739 740 741 712 713 714 715 716 742 743 717 718 744 744 745 746 747 748 749 750 751 752 753 721 722 723 754 754 755 755 756 757 758 726 727 759 760 760 761 762 763 731 732 733 764 764
735 736 737 738 739 740 741 765 766 766 767 768 742 743 769 770 770 771 772 746 747 748 773 750 751 774 753 775 776 776 777 778 779 779 756 757 758 780 780 759 781 781 761 762 763 782 782 783 784 785
786 786 787 788 789 789 790 790 791 791 767 768 792 792 769 793 794 794 772 795 796 797 773 798 798 774 799 799 800 801 801 778 802 802 803 804 804 805 805 806 807 808 809 810 811 811 812 783 784 785
813 814 815 788 816 817 818 818 819 820 821 822 823 823 824 824 825 826 827 827 796 797 828 829 830 830 831 832 833 833 834 834 835 835 803 836 837 838 838 806 807 839 809 840 841 842 842 843 844 844
845 814 815 846 846 817 847 848 848 820 821 849 849 850 851 851 852 826 853 854 854 855 828 829 856 857 831 832 858 859 859 860 860 861 862 836 837 863 863 864 864 839 865 840 841 866 867 867 868 868
845 869 869 870 871 872 872 873 874 875 875 876 876 877 877 878 852 879 853 880 880 881 882 882 856 883 883 884 885 886 886 887 887 861 862 888 889 889 890 891 891 892 865 893 893 866 894 894 895 896
897 898 898 870 871 899 900 901 874 902 903 904 904 905 905 878 906 906 907 907 908 881 909 910 911 912 912 884 885 913 913 914 915 915 916 916 917 918 890 919 920 920 921 922 922 923 923 924 895 896
897 925 925 926 926 899 900 901 927 927 903 928 929 930 931 932 933 934 934 935 908 936 909 910 911 937 938 939 939 940 941 942 943 944 945 945 917 918 946 946 947 948 949 950 950 951 951 924 952 953
954 954 955 956 957 958 958 959 959 960 961 928 929 930 931 932 933 962 962 963 963 964 964 965 965 937 938 966 966 940 941 942 943 944 967 968 969 969 970 971 971 948 949 972 972 973 973 974 952 953
975 976 955 956 957 977 977 978 978 960 961 979 980 981 982 982 983 983 984 985 986 987 987 988 988 989 990 991 992 992 993 994 994 995 967 968 996 996 970 997 997 998 999 1000 1001 1002 1002 974 1003 1004
1005 976 1006 1007 1008 1008 1009 1010 1011 1012 1013 979 980 981 1014 1015 1016 1017 984 985 1018 1018 1019 1020 1020 989 990 1021 1021 1022 993 1023 1024 995 1025 1026 1027 1027 1028 1029 1030 1031 999 1000 1001 1032 1033 1034 1003 1035
1005 1036 1036 1007 1037 1038 1009 1010 1011 1012 1013 1039 1040 1041 1014 1015 1016 1042 1042 1043 1043 1044 1045 1045 1046 1047 1048 1049 1050 1022 1051 1023 1024 1052 1052 1026 1053 1054 1028 1029 1055 1031 1056 1056 1057 1032 1033 1034 1058 1035
1059 1059 1060 1060 1037 1038 1061 1062 1062 1063 1063 1064 1040 1041 1065 1066 1066 1067 1068 1068 1069 1044 1070 1070 1046 1071 1048 1049 1050 1072 1051 1073 1073 1074 1074 1075 1053 1054 1076 1076 1055 1077 1078 1079 1057 1080 1081 1082 1082 1083
1084 1084 1085 1085 1086 1086 1061 1087 1088 1089 1089 1064 1090 1090 1065 1091 1091 1067 1092 1092 1093 1094 1094 1095 1096 1071 1097 1098 1099 1099 1100 1101 1101 1102 1102 1075 1103 1103 1104 1105 1105 1106 1078 1079 1107 1080 1108 1109 1110 1083
1111 1112 1113 1113 1114 1115 1116 1087 1088 1117 1117 1118 1118 1119 1120 1121 1122 1123 1123 1124 1093 1125 1125 1095 1096 1126 1127 1098 1128 1128 1100 1129 1129 1130 1130 1131 1132 1133 1104 1134 1135 1106 1136 1136 1137 1137 1108 1109 1138 1138
1111 1139 1140 1141 1114 1115 1142 1142 1143 1144 1145 1146 1146 1119 1120 1147 1122 1148 1148 1124 1149 1150 1150 1151 1151 1126 1127 1152 1152 1153 1154 1154 1155 1156 1157 1131 1132 1133 1158 1134 1135 1159 1160 1161 1161 1162 1163 1164 1164 1165
1166 1139 1140 1141 1167 1168 1169 1170 1170 1144 1171 1172 1173 1173 1174 1147 1175 1176 1176 1177 1149 1178 1178 1179 1179 1180 1180 1181 1181 1153 1182 1182 1155 1156 1183 1184 1184 1185 1158 1186 1187 1159 1160 1188 1189 1162 1190 1190 1191 1192
1193 1194 1195 1195 1167 1196 1169 1197 1197 1198 1171 1172 1199 1200 1174 1201 1175 1202 1203 1204 1204 1205 1206 1207 1208 1209 1209 1210 1211 1212 1213 1214 1215 1215 1183 1216 1217 1185 1218 1186 1187 1219 1219 1188 1189 1220 1220 1221 1222 1192
1193 1194 1223 1224 1225 1196 1226 1227 1227 1198 1228 1228 1199 1200 1229 1229 1230 1202 1231 1231 1232 1205 1206 1207 1233 1233 1234 1210 1211 1212 1213 1214 1235 1236 1237 1216 1217 1238 1218 1239 1240 1240 1241 1241 1242 1243 1243 1221 1222 1244
1245 1245 1223 1224 1225 1246 1246 1247 1248 1248 1249 1250 1251 1252 1253 1254 1254 1255 1256 1256 1232 1257 1258 1259 1260 1260 1234 1261 1262 1262 1263 1264 1265 1236 1237 1266 1266 1238 1267 1268 1268 1269 1270 1271 1271 1272 1272 1273 1274 1274
1275 1276 1277 1277 1278 1278 1279 1247 1280 1280 1249 1250 1251 1252 1253 1281 1282 1283 1284 1284 1285 1257 1258 1259 1286 1287 1287 1261 1288 1288 1263 1264 1265 1289 1290 1290 1291 1291 1267 1292 1292 1269 1270 1293 1294 1295 1296 1297 1298 1298
1275 1276 1299 1300 1300 1301 1279 1302 1303 1303 1304 1304 1305 1306 1306 1281 1282 1283 1307 1307 1308 1309 1310 1311 1286 1312 1312 1313 1314 1315 1316 1317 1318 1319 1319 1320 1321 1322 1323 1324 1324 1325 1326 1327 1294 1295 1296 1297 1328 1328
1329 1329 1330 1330 1331 1301 1332 1302 1333 1334 1334 1335 1336 1336 1337 1337 1338 1338 1339 1339 1308 1309 1310 1311 1340 1341 1341 1313 1314 1315 1316 1317 1318 1342 1342 1320 1321 1322 1323 1343 1343 1325 1326 1327 1344 1344 1345 1346 1346 1347
62 19 86 38 50 37 1 24 84 38 41 53 90 70 76 58 32 93 68 46 0 2 10 60 94 93 88 97 70 74 27 88 55 14 76 73 35 10 83 93 77 71 12 19 38 94 52 12 33 60
88 4 21 1 85 86 47 70 64 34 40 14 95 28 97 71 59 17 77 41 72 29 44 84 31 51 7 78 3 80 50 8 58 97 38 72 91 14 4 98 26 97 29 43 84 53 95 11 60 33
23 17 28 26 7 21 65 21 92 91 16 25 51 9 5 39 66 40 49 64 55 40 63 77 94 92 93 11 57 56 11 40 97 18 62 29 92 10 43 78 45 47 1 50 76 44 1 69 82 14
1 87 7 52 75 92 31 61 9 36 28 12 25 46 48 19 26 16 88 94 18 56 96 61 66 63 49 98 75 34 19 20 66 0 27 6 3 95 95 64 26 67 15 76 90 87 4 57 30 61
65 69 14 31 26 47 74 43 97 59 97 37 25 51 31 2 59 30 26 16 49 7 87 85 58 18 33 29 18 61 91 95 35 35 28 14 49 31 32 88 9 67 6 16 18 62 85 98 43 40
14 17 70 49 32 76 86 14 7 41 11 15 28 38 13 35 29 28 91 73 29 63 68 95 45 38 2 52 54 0 66 25 2 54 14 83 77 79 88 51 18 30 52 37 95 94 14 46 23 98
17 95 37 8 9 66 91 94 1 11 19 42 0 64 51 90 61 76 41 82 42 8 56 44 62 78 40 24 68 26 42 33 60 45 77 90 22 2 10 27 11 26 9 42 87 22 17 56 99 59
31 81 11 31 20 89 8 60 56 78 99 19 1 78 65 15 84 34 27 55 66 37 23 4 19 11 78 14 26 35 44 18 40 11 72 0 84 45 15 47 65 54 95 88 48 82 51 43 72 2
69 66 92 24 55 95 10 31 60 30 81 15 17 88 45 86 45 13 35 76 19 92 31 63 57 97 39 76 17 93 12 64 3 56 59 25 4 6 97 4 0 98 0 84 77 95 0 46 7 17
72 6 73 64 97 33 76 93 21 65 81 59 7 17 69 54 19 51 1 14 56 35 42 54 58 4 67 54 89 19 89 43 16 10 45 14 91 32 40 94 36 60 70 90 43 44 42 9 71 66
71 50 91 68 71 42 52 93 99 51 40 68 42 46 17 65 38 94 16 28 88 41 48 15 33 82 14 53 63 90 12 35 89 15 85 65 26 82 47 18 20 87 12 44 33 85 59 60 89 58
24 64 89 88 71 80 19 14 73 73 92 88 40 9 45 95 84 16 33 36 15 9 70 67 62 58 11 89 27 52 66 15 18 17 11 73 93 54 55 67 53 97 23 22 11 68 74 29 16 2
33 36 70 44 12 93 52 15 8 0 38 21 76 47 23 0 31 53 28 5 68 55 75 97 46 74 95 0 30 11 93 48 93 77 69 68 36 31 89 72 90 50 18 30 43 97 69 60 71 38
6 75 56 88 73 26 71 24 21 40 99 70 88 54 35 10 53 26 24 0 91 22 50 91 47 52 45 10 96 92 66 81 94 66 88 19 25 85 87 57 88 15 15 75 73 74 36 62 45 50
53 5 36 36 8 84 45 51 92 95 68 55 8 45 51 79 6 18 30 2 82 54 61 88 62 25 82 83 52 37 88 92 64 13 20 99 11 79 95 27 32 65 90 65 32 80 43 65 78 50
53 44 11 26 55 84 34 39 89 4 81 62 63 57 9 42 35 25 38 82 76 24 36 87 9 91 42 9 98 51 52 93 43 83 40 76 33 94 47 66 92 93 71 70 83 61 5 50 62 45
97 61 80 15 38 17 97 57 72 0 24 98 27 45 76 93 71 36 7 6 41 17 4 13 53 4 78 0 19 72 24 21 89 84 47 39 89 87 36 29 68 85 48 3 85 72 79 56 73 50
10 67 56 39 28 96 97 47 67 32 22 63 69 85 45 78 71 37 45 62 27 50 50 30 68 39 25 7 99 93 63 23 75 0 37 32 29 93 90 60 32 72 33 35 32 90 28 82 30 47
2 73 38 62 13 33 94 85 80 46 27 87 18 71 51 48 82 74 15 58 40 7 35 0 84 98 22 16 88 30 30 54 9 6 57 18 92 51 61 55 17 43 1 63 97 41 29 86 81 66
23 34 81 4 76 94 33 55 63 62 39 43 87 69 45 85 47 59 69 88 91 8 51 12 85 40 96 66 60 50 67 37 17 93 48 14 0 3 57 90 36 3 62 33 67 98 70 92 96 18
29 66 62 89 69 80 34 26 12 93 88 16 93 93 62 66 47 12 98 82 8 15 55 77 31 42 44 26 8 77 26 4 85 59 81 98 45 93 59 99 41 26 54 64 60 41 36 95 24 96
63 4 55 5 68 8 92 43 42 49 50 78 91 91 68 13 73 71 82 79 24 5 66 25 36 56 61 50 72 55 11 16 42 1 78 80 19 68 49 53 53 29 57 61 34 88 10 62 81 42
18 29 28 29 11 30 64 22 49 67 40 22 75 83 97 93 71 42 65 98 94 33 46 3 29 69 31 30 16 44 77 44 48 64 31 89 29 8 2 69 44 1 94 6 4 55 79 10 17 65
99 45 52 48 86 56 34 4 97 23 35 74 65 39 78 77 34 53 83 50 79 46 75 66 84 13 71 71 3 25 34 31 91 63 81 44 85 33 6 24 84 26 21 97 98 34 11 33 77 64
89 27 24 19 23 56 87 37 4 0 84 46 74 97 17 69 69 34 40 7 73 89 10 12 11 98 51 70 95 28 53 42 69 34 38 22 37 19 74 38 62 25 50 61 56 97 6 40 97 56
94 10 74 52 0 32 20 67 25 3 2 10 7 97 30 3 54 15 2 68 28 86 84 59 1 23 16 72 35 23 69 79 45 67 25 51 27 95 79 99 74 39 90 39 67 5 14 60 74 31
70 53 7 60 51 61 54 36 27 72 31 14 96 49 59 10 0 33 78 70 98 24 49 3 30 72 79 14 65 22 54 30 11 43 11 88 37 18 8 13 62 58 8 8 55 28 41 47 98 41
43 69 69 6 33 11 61 54 91 46 98 36 88 59 12 49 87 82 1 59 78 60 40 90 6 2 83 8 14 26 61 13 19 45 14 20 9 87 62 9 72 89 72 33 42 65 34 95 91 10
56 51 39 97 57 11 76 61 47 5 66 87 85 16 80 87 21 39 95 5 73 3 45 63 47 20 0 15 80 91 77 42 25 45 47 17 37 69 82 26 13 17 61 54 49 76 97 34 8 36
97 45 32 1 82 9 3 36 32 84 5 4 29 64 12 24 2 48 2 94 19 97 76 94 70 63 62 50 57 9 36 24 41 2 70 75 72 89 26 91 46 19 57 62 39 56 1 13 48 98
77 57 60 60 24 67 83 61 56 43 4 73 61 35 72 29 64 98 71 36 11 2 63 69 99 21 88 58 30 11 3 95 33 94 29 30 64 30 43 83 42 78 84 36 87 52 30 30 87 68
28 84 27 47 91 30 32 92 72 28 62 91 41 69 82 15 48 3 75 43 63 83 88 87 17 55 81 7 4 22 17 37 54 17 58 4 40 11 60 87 80 0 6 73 54 56 28 85 31 25
73 23 3 59 95 48 54 22 37 4 75 73 8 72 26 24 65 48 81 88 81 60 74 53 35 52 39 10 65 65 79 43 5 91 86 75 84 48 78 93 76 56 7 64 60 36 69 74 25 33
75 79 65 8 15 24 47 37 3 85 33 80 85 73 79 37 49 59 3 93 98 42 29 3 6 22 59 47 22 98 10 86 63 39 51 35 42 91 83 23 81 17 18 32 35 86 35 23 53 84
32 27 27 49 77 6 56 94 55 73 70 86 62 51 7 74 55 46 28 45 27 38 62 15 86 62 68 73 76 67 65 42 52 6 11 86 19 27 54 41 66 26 11 48 13 36 9 14 89 25
72 19 80 33 12 16 65 85 70 85 21 69 23 67 58 5 4 79 87 82 52 67 11 17 5 19 19 11 26 26 9 47 60 61 92 85 77 85 39 23 65 82 56 58 61 82 92 49 19 27
1 22 48 61 61 29 45 37 26 82 67 7 80 67 71 29 79 28 85 16 5 14 95 64 15 24 46 40 83 34 77 99 85 44 84 20 54 14 99 67 25 27 44 65 32 66 16 54 66 48
6 71 86 88 13 40 23 14 89 53 16 21 77 17 52 36 52 42 80 29 93 52 51 75 14 23 18 51 92 27 75 26 37 97 21 5 4 92 21 50 74 73 65 29 69 58 76 87 5 29
56 73 73 16 39 41 34 24 95 39 31 82 38 77 7 38 42 4 38 21 43 80 13 74 75 46 71 45 50 83 27 88 97 68 82 42 97 55 67 39 79 44 22 79 25 58 80 39 13 17
72 74 73 89 92 80 6 96 14 10 91 50 20 51 74 13 6 87 60 7 82 76 49 78 14 17 21 23 31 60 27 31 5 43 9 9 39 14 65 2 48 17 32 85 46 64 11 8 41 24
80 99 43 16 56 53 68 32 27 87 23 41 70 2 49 32 25 61 87 50 48 58 41 92 78 97 47 50 37 68 20 34 73 25 76 36 4 42 78 36 72 46 47 54 67 39 20 39 89 3
64 32 36 78 10 99 38 15 7 59 11 51 52 85 37 77 47 75 91 19 43 88 27 27 92 78 80 58 50 22 94 55 77 49 58 52 97 73 52 96 83 84 73 44 98 69 60 73 18 32
99 89 91 5 14 16 4 6 46 60 3 19 80 92 52 93 95 32 19 60 58 8 94 90 31 22 31 1 63 19 59 2 7 29 8 22 15 53 50 45 39 82 42 70 35 29 13 91 21 61
53 8 85 97 44 87 23 76 27 19 51 50 28 92 65 17 15 13 0 62 65 1 98 86 24 71 25 20 35 62 66 89 56 70 38 54 3 77 93 16 6 32 8 1 70 78 37 94 80 17
81 26 84 44 16 60 3 74 88 94 72 17 34 95 73 61 72 4 15 50 37 77 15 68 15 25 87 92 87 29 96 0 78 73 88 36 63 97 20 43 95 42 81 13 19 66 89 4 84 46
40 40 23 8 83 89 65 5 2 12 4 67 9 57 36 16 49 46 4 33 94 17 55 52 51 15 2 89 33 30 9 45 5 14 4 94 75 25 1 96 89 70 53 93 48 53 23 96 99 70
72 27 55 8 45 43 53 42 40 85 46 63 44 61 11 17 24 42 77 94 58 57 4 40 84 2 51 47 62 9 72 75 57 12 94 52 97 45 29 44 88 8 83 97 65 62 41 59 53 67
63 24 49 86 0 4 43 57 80 8 31 97 69 30 74 80 73 69 54 60 62 30 35 86 84 46 87 90 60 35 0 11 7 2 25 59 20 31 87 18 31 14 40 33 30 62 89 99 98 55
57 52 46 97 5 36 66 11 52 68 38 14 11 82 92 7 78 25 90 21 6 13 9 13 81 91 49 78 95 64 46 66 24 92 52 50 2 53 98 22 72 2 48 19 3 27 95 86 41 87
26 97 60 6 36 89 25 64 32 0 76 83 9 69 72 37 45 94 17 96 98 44 94 81 62 79 1 58 70 92 21 73 66 21 80 13 8 81 9 20 92 11 69 76 25 76 46 99 59 5
