4 5
0 1 2 2 3 4 5 6 6 7 7 8 9 10 10 11 12 12 13 13 14 15 16 16 17 18 19 20 20 21 21 22 23 23 24 24 25 25 26 26 27 28 28 29 29 30 31 31 32 32
0 1 33 33 3 4 34 34 35 36 37 8 9 38 38 11 39 39 40 40 41 15 42 43 43 18 19 44 45 45 46 22 47 47 48 48 49 49 50 50 51 51 52 52 53 30 54 54 55 55
56 57 58 59 60 60 61 61 35 36 62 63 64 65 65 66 67 68 69 70 41 71 42 72 72 73 74 74 75 76 46 77 77 78 79 79 80 80 81 82 82 83 84 85 86 86 87 88 88 89
56 90 58 59 91 92 93 94 95 96 62 63 64 97 98 98 67 68 99 70 100 71 101 102 103 73 104 104 105 76 106 106 107 108 109 109 110 110 111 111 112 112 84 113 113 114 87 115 116 89
117 90 118 119 119 92 93 94 95 120 120 121 121 97 122 122 123 123 99 124 124 125 125 102 103 126 127 127 105 128 128 129 107 108 130 131 132 132 133 133 134 134 135 136 136 137 138 115 116 139
140 140 118 141 142 142 143 143 144 145 146 147 147 148 148 149 150 151 151 152 153 154 154 155 156 126 157 158 158 159 159 129 160 161 130 131 162 163 164 164 165 165 166 166 167 137 168 169 170 139
171 172 172 173 173 174 175 176 176 145 146 177 177 178 178 179 150 180 180 152 181 182 183 155 156 184 157 185 186 186 187 188 160 161 189 189 162 190 191 192 193 194 195 196 197 197 168 169 170 198
171 199 200 200 201 174 175 202 202 203 204 205 205 206 206 179 207 208 209 209 181 182 183 210 210 211 211 185 212 212 213 188 214 215 216 217 218 190 191 192 193 194 195 196 219 219 220 221 222 222
223 199 224 225 226 226 227 228 228 229 204 230 231 232 233 233 207 234 235 235 236 236 237 237 238 239 240 240 241 241 213 242 243 215 216 244 218 245 246 246 247 247 248 249 250 250 220 221 251 251
252 253 253 225 254 255 255 256 257 229 258 230 231 259 260 261 261 234 262 262 263 263 264 264 265 239 266 266 267 268 268 242 243 269 269 244 270 245 271 272 272 273 248 249 274 275 276 276 277 277
252 278 278 279 280 280 281 256 282 283 258 284 285 259 260 286 287 288 289 289 290 291 291 292 265 293 294 295 267 296 296 297 298 298 299 299 300 300 271 301 302 302 303 304 304 275 305 305 306 306
307 307 308 279 309 309 281 310 282 311 311 284 312 313 314 286 287 288 315 316 316 317 317 318 318 293 294 319 319 320 321 297 322 322 323 323 324 325 326 327 327 328 328 329 329 330 331 332 333 334
335 336 308 337 337 338 338 339 340 341 342 342 312 313 314 343 344 345 315 346 347 347 348 348 349 350 351 351 352 320 321 353 353 354 354 355 355 325 326 356 357 357 358 358 359 330 331 332 333 334
360 336 361 362 362 363 364 339 340 341 365 366 367 367 368 343 344 345 369 346 370 371 372 373 349 350 374 374 352 375 375 376 376 377 377 378 379 380 381 356 382 382 383 383 359 384 384 385 385 386
360 387 387 388 389 363 364 390 390 391 365 366 392 392 368 393 394 395 369 396 370 371 372 373 397 398 399 399 400 400 401 402 402 403 403 378 379 404 381 405 406 407 408 408 409 410 411 412 412 413
414 415 415 416 389 417 418 419 419 420 421 421 422 422 423 424 394 395 425 396 426 427 427 428 397 398 429 430 431 431 401 432 433 433 434 435 435 404 436 405 406 407 437 437 409 438 411 439 439 413
440 440 441 416 442 417 443 444 445 420 446 446 447 448 448 424 449 450 450 451 451 452 453 428 454 454 429 430 455 455 456 457 457 458 434 459 459 460 460 461 461 462 463 463 464 438 465 465 466 467
468 468 441 469 442 470 443 444 471 472 473 474 474 475 476 477 477 478 479 480 481 481 453 482 482 483 483 484 485 486 487 487 488 489 489 490 491 492 492 493 494 494 495 496 496 497 498 499 466 467
500 501 501 469 502 502 503 503 471 472 504 505 505 475 476 506 506 478 507 480 508 508 509 510 510 511 512 512 485 513 514 514 488 515 516 490 491 517 518 518 519 519 495 520 520 497 498 499 521 521
522 523 523 524 524 525 526 527 528 528 504 529 530 531 532 532 533 533 507 534 534 535 535 536 536 511 537 537 538 513 539 539 540 515 541 542 543 544 545 546 547 548 548 549 550 550 551 551 552 552
522 553 553 554 554 525 526 555 556 557 558 529 530 559 559 560 561 562 563 563 564 565 565 566 567 568 569 570 570 571 571 572 540 573 541 542 543 544 545 546 547 574 574 549 575 576 576 577 577 578
579 580 581 582 583 583 584 555 556 557 558 585 585 586 586 560 561 587 587 588 589 589 590 566 567 568 569 591 592 592 593 594 595 573 596 596 597 598 599 599 600 600 601 601 575 602 603 604 605 606
579 580 581 582 607 607 608 609 610 610 611 612 613 614 615 616 617 617 618 619 620 620 590 621 621 622 622 623 624 624 593 594 625 625 626 626 627 598 628 629 630 630 631 632 632 602 603 604 633 606
634 634 635 635 636 636 608 609 637 638 611 639 613 614 615 616 640 640 618 619 641 641 642 643 644 644 645 623 646 647 648 649 650 651 651 652 627 653 653 629 654 654 655 656 657 658 658 659 633 660
661 661 662 662 663 664 665 666 637 667 667 639 668 669 669 670 670 671 671 672 672 673 642 643 674 674 675 676 646 647 677 649 650 678 679 679 680 680 681 682 683 684 655 656 657 685 686 659 687 660
688 688 689 689 663 664 665 666 690 690 691 691 668 692 693 693 694 695 696 697 697 673 698 699 700 700 675 676 701 702 677 703 704 678 705 705 706 706 681 682 683 684 707 708 708 685 686 709 710 711
712 713 714 714 715 716 716 717 718 718 719 719 720 721 721 722 694 695 696 723 724 724 698 699 725 726 727 728 701 729 730 731 704 732 732 733 734 734 735 736 736 737 707 738 739 740 740 709 710 711
712 713 741 741 715 742 743 744 744 745 746 747 747 748 749 722 750 751 751 723 752 752 753 754 755 726 727 728 756 729 730 731 757 757 758 758 759 759 735 760 761 761 762 738 739 763 763 764 765 766
767 768 769 770 771 771 743 772 773 774 746 775 775 748 749 776 777 778 779 779 780 781 753 754 755 782 783 783 784 784 785 785 786 786 787 787 788 788 789 760 790 790 791 791 792 792 793 793 765 766
767 768 769 794 794 795 796 772 773 774 797 798 798 799 800 801 777 778 802 802 780 781 803 804 804 782 805 805 806 807 807 808 809 809 810 810 811 812 812 813 814 815 815 816 817 818 818 819 819 820
821 822 822 823 823 824 796 825 825 826 797 827 828 799 800 801 829 830 831 831 832 833 803 834 835 836 837 837 806 838 838 808 839 839 840 841 811 842 842 813 814 843 844 816 817 845 845 846 847 847
821 848 848 849 849 824 850 850 851 851 852 827 828 853 854 854 829 855 855 856 832 833 857 834 835 836 858 859 859 860 861 861 862 862 840 841 863 864 865 865 866 843 844 867 867 868 869 870 871 871
872 872 873 874 874 875 875 876 877 878 878 879 879 853 880 880 881 882 882 883 884 885 885 886 887 887 858 888 889 860 890 890 891 892 893 894 894 864 895 896 896 897 897 898 898 868 869 870 899 900
901 902 903 904 905 906 907 876 908 908 909 910 910 911 911 912 881 913 914 883 915 916 917 886 918 918 919 888 889 920 921 921 891 892 922 922 923 923 924 925 925 926 926 927 928 929 929 930 899 931
901 902 903 904 905 906 907 932 933 933 909 934 935 936 936 912 937 937 914 938 915 939 917 940 941 942 919 943 944 944 945 945 946 946 947 947 948 948 924 949 949 950 950 927 928 951 952 930 953 931
954 955 955 956 956 957 957 932 958 958 959 960 935 961 962 963 963 964 964 965 966 939 967 968 941 942 969 943 970 970 971 972 972 973 974 975 976 977 977 978 979 980 981 982 982 951 952 983 953 984
954 985 986 986 987 987 988 989 990 991 991 960 992 961 993 994 995 995 996 965 997 997 967 968 998 999 999 1000 1001 1001 1002 1003 1004 973 974 975 976 1005 1006 978 979 980 1007 1007 1008 1009 1009 983 1010 1010
1011 985 1012 1012 1013 1014 1014 989 990 1015 1016 1016 1017 1018 993 1019 1019 1020 1021 1022 1022 1023 1023 1024 998 1025 1026 1000 1027 1028 1002 1003 1029 1030 1030 1031 1032 1005 1033 1033 1034 1035 1036 1036 1008 1037 1037 1038 1038 1039
1040 1041 1042 1042 1013 1043 1044 1045 1045 1015 1046 1046 1017 1047 1048 1049 1049 1020 1021 1050 1051 1051 1052 1052 1053 1025 1026 1054 1055 1028 1056 1057 1029 1058 1058 1031 1059 1060 1060 1061 1034 1062 1063 1064 1065 1065 1066 1067 1067 1039
1040 1041 1068 1068 1069 1043 1044 1070 1071 1072 1073 1074 1074 1047 1048 1075 1076 1077 1077 1078 1078 1079 1080 1080 1053 1081 1082 1083 1055 1084 1056 1057 1085 1085 1086 1086 1059 1087 1088 1061 1089 1062 1090 1064 1091 1091 1066 1092 1092 1093
1094 1095 1095 1096 1069 1097 1097 1070 1071 1072 1073 1098 1099 1099 1100 1100 1076 1101 1101 1102 1103 1079 1104 1105 1105 1081 1082 1083 1106 1084 1107 1108 1108 1109 1109 1110 1111 1087 1088 1112 1112 1113 1090 1114 1114 1115 1116 1117 1118 1118
1094 1119 1119 1096 1120 1120 1121 1122 1123 1124 1125 1098 1126 1127 1128 1128 1129 1130 1131 1102 1132 1132 1104 1133 1134 1135 1136 1136 1106 1137 1138 1138 1139 1140 1140 1110 1111 1141 1141 1142 1143 1113 1144 1145 1145 1115 1146 1117 1147 1147
1148 1149 1150 1151 1152 1152 1121 1122 1123 1124 1125 1153 1153 1127 1154 1154 1129 1130 1131 1155 1155 1156 1156 1133 1134 1135 1157 1158 1158 1137 1159 1160 1139 1161 1162 1163 1164 1165 1166 1166 1143 1167 1144 1168 1169 1170 1146 1171 1171 1172
1148 1149 1150 1173 1174 1175 1176 1176 1177 1178 1179 1180 1180 1181 1182 1182 1183 1183 1184 1185 1185 1186 1186 1187 1187 1188 1189 1190 1191 1192 1159 1160 1193 1161 1162 1163 1164 1194 1194 1195 1196 1196 1197 1197 1169 1170 1198 1198 1199 1200
1201 1202 1202 1173 1203 1175 1204 1204 1177 1178 1179 1205 1205 1181 1206 1207 1207 1208 1184 1209 1209 1210 1210 1211 1211 1188 1189 1190 1191 1212 1213 1214 1193 1215 1216 1217 1217 1218 1218 1219 1219 1220 1221 1222 1223 1223 1224 1225 1225 1200
1201 1226 1227 1227 1203 1228 1229 1230 1231 1231 1232 1232 1233 1234 1234 1235 1236 1237 1237 1238 1239 1239 1240 1240 1241 1241 1242 1243 1243 1212 1244 1214 1245 1215 1246 1247 1248 1248 1249 1249 1250 1220 1221 1222 1251 1252 1253 1254 1255 1256
1257 1257 1258 1258 1259 1260 1229 1230 1261 1261 1262 1262 1233 1263 1264 1265 1236 1266 1266 1238 1267 1267 1268 1268 1269 1270 1271 1272 1273 1273 1244 1274 1245 1275 1246 1247 1276 1276 1277 1277 1278 1278 1279 1279 1251 1252 1253 1254 1255 1256
1280 1281 1282 1283 1283 1260 1284 1284 1285 1285 1286 1287 1287 1263 1264 1265 1288 1289 1289 1290 1291 1292 1293 1294 1294 1270 1271 1295 1296 1297 1298 1274 1299 1300 1301 1301 1302 1303 1303 1304 1305 1305 1306 1307 1307 1308 1309 1309 1310 1311
1280 1281 1282 1312 1313 1313 1314 1315 1316 1316 1286 1317 1318 1319 1320 1321 1288 1322 1323 1290 1291 1292 1324 1325 1325 1326 1326 1295 1296 1297 1298 1327 1299 1300 1328 1328 1302 1329 1329 1304 1330 1331 1306 1332 1333 1334 1334 1335 1310 1311
1336 1337 1337 1338 1338 1339 1314 1315 1340 1340 1341 1317 1318 1319 1320 1321 1342 1322 1343 1343 1344 1344 1324 1345 1346 1346 1347 1347 1348 1349 1349 1327 1350 1351 1351 1352 1353 1353 1354 1354 1330 1331 1355 1332 1333 1356 1356 1335 1357 1357
55 30 36 65 9 23 92 17 89 3 43 24 17 56 60 10 76 59 55 50 79 47 91 48 12 17 48 98 94 0 48 57 94 88 33 11 10 94 69 74 77 89 8 91 61 20 72 83 96 39
67 8 91 81 8 59 28 21 94 10 69 17 6 0 41 93 67 80 4 68 47 1 74 29 73 38 21 28 92 0 48 89 15 99 96 87 8 79 42 20 36 45 31 69 6 56 41 31 85 39
49 80 78 98 61 5 35 28 4 45 6 99 84 0 71 59 67 34 57 89 92 58 7 93 21 46 96 13 11 76 56 5 28 83 18 85 11 68 19 64 39 62 83 82 15 19 48 18 65 85
21 19 74 15 36 64 71 83 29 47 83 54 30 4 63 31 66 82 81 54 1 71 95 65 92 98 1 50 90 76 74 11 99 4 12 51 78 54 45 87 42 97 66 86 77 51 37 44 30 56
1 15 64 46 6 80 1 72 9 48 99 45 83 74 15 73 27 53 66 92 66 44 95 38 21 62 7 92 86 6 75 68 91 18 69 96 21 31 0 62 28 35 5 61 65 6 47 3 98 66
76 85 63 85 56 68 6 29 50 51 41 51 20 9 2 84 49 60 13 41 3 22 33 21 39 4 87 88 13 90 72 20 29 18 1 1 47 60 74 76 43 79 6 26 59 28 17 24 65 39
17 55 35 99 7 2 3 8 0 32 58 98 43 42 53 93 49 26 77 90 25 96 48 8 76 78 87 63 46 98 26 48 7 46 90 79 71 93 82 80 55 78 90 4 38 18 21 28 93 26
51 90 35 67 82 25 45 99 11 85 57 1 46 55 45 0 29 47 4 4 29 8 70 46 82 69 37 69 15 16 55 74 83 3 42 52 68 67 60 46 54 56 64 88 11 22 85 69 54 94
20 62 39 99 27 33 93 98 34 97 39 51 30 97 92 85 93 45 75 81 60 71 90 81 96 32 59 64 80 3 8 61 51 41 71 36 90 34 94 23 78 14 99 26 40 39 93 19 25 16
83 79 31 46 65 56 98 17 95 83 38 90 34 13 42 94 14 65 5 63 67 8 98 26 63 52 84 44 44 93 35 80 3 40 55 62 30 66 66 32 90 47 6 49 2 31 32 8 17 5
69 42 51 91 55 74 56 87 20 32 52 30 83 25 64 87 11 15 97 22 32 37 93 17 78 46 18 47 35 61 64 7 7 76 24 34 18 9 42 51 52 82 25 23 52 40 66 44 88 99
78 15 47 6 21 81 51 96 72 73 30 69 59 72 75 92 86 0 28 94 80 74 16 63 93 97 76 15 18 96 79 29 82 18 28 70 8 46 82 67 36 63 72 83 66 68 64 41 16 78
43 87 35 38 24 99 93 29 97 18 58 82 74 75 15 59 65 73 93 20 66 90 32 84 73 96 96 4 20 11 61 6 34 55 25 97 79 15 40 63 62 86 52 59 93 88 40 14 27 66
27 49 54 72 7 33 29 96 31 37 10 81 89 15 15 76 84 45 35 89 56 54 76 26 7 3 23 57 72 91 81 38 71 56 67 46 5 98 38 39 45 45 56 23 54 95 71 93 25 78
29 78 71 87 71 58 88 66 96 80 63 65 59 87 89 9 77 86 36 11 45 0 79 24 48 47 59 24 64 14 95 16 61 94 46 24 78 70 37 7 20 78 86 98 28 90 28 69 22 62
8 57 5 88 91 91 98 33 86 60 0 95 78 69 70 55 29 12 15 67 62 33 76 30 24 2 45 63 79 81 42 42 16 85 78 71 83 68 26 86 45 83 45 78 17 16 95 15 95 60
69 55 90 4 24 82 88 57 72 52 63 62 63 7 95 41 76 62 0 56 88 67 21 0 0 91 52 70 99 24 43 32 69 89 99 15 24 41 26 46 83 90 48 8 23 79 75 28 24 47
78 22 34 31 69 14 97 64 1 23 66 10 13 36 60 90 63 73 92 93 34 60 70 54 76 43 29 88 92 30 87 55 99 60 88 88 14 0 50 54 49 28 5 58 92 29 72 57 29 32
77 84 93 71 11 30 18 40 55 35 4 74 52 17 15 22 28 6 64 35 65 14 64 61 11 61 66 19 6 11 77 53 88 95 13 25 68 32 29 26 73 1 44 95 68 49 20 84 70 53
80 1 36 56 97 69 18 93 48 38 77 77 74 31 98 37 15 39 46 41 49 92 54 41 84 26 97 49 87 82 20 86 54 57 56 9 90 13 83 77 81 14 46 56 45 60 38 66 86 20
60 75 74 61 44 68 24 31 5 54 79 57 98 20 85 16 12 24 66 68 98 16 45 36 69 35 11 42 10 34 93 2 39 60 30 50 80 40 90 26 51 92 36 98 42 47 88 68 32 51
9 81 0 90 69 77 64 97 47 72 58 57 34 46 41 28 1 67 85 39 2 15 65 22 40 48 65 8 9 12 87 43 20 66 53 70 10 30 88 42 45 12 91 81 77 89 64 97 3 64
63 88 2 82 29 79 55 50 71 82 77 59 37 92 82 99 2 46 68 72 17 0 49 38 11 79 72 30 57 20 98 52 23 59 44 93 14 70 36 44 59 44 87 62 73 51 7 4 35 39
9 13 69 34 32 74 3 2 15 48 76 50 83 18 63 16 35 93 66 37 38 24 72 21 87 93 38 84 44 90 76 10 24 63 45 82 65 26 33 4 44 64 88 53 3 29 89 96 84 95
73 47 82 49 17 3 51 24 22 60 26 16 46 44 58 50 77 49 53 79 74 58 51 68 39 51 37 85 5 17 26 20 53 21 61 79 50 20 54 98 32 87 15 77 96 30 98 19 47 67
86 49 8 53 34 52 21 17 89 67 1 23 28 9 70 5 20 29 23 99 29 58 96 97 3 28 80 1 26 89 42 58 59 66 12 60 40 45 23 15 30 90 67 96 82 25 96 78 86 18
12 61 0 25 78 12 50 27 32 78 60 59 0 61 55 55 37 64 57 82 88 53 30 36 54 2 44 72 26 15 34 75 63 39 42 2 50 42 27 83 84 92 76 87 38 59 73 86 57 15
76 79 41 21 94 45 21 80 87 18 49 8 48 53 22 12 55 6 23 22 77 32 30 23 3 83 81 65 59 19 95 99 83 43 43 96 15 28 34 73 12 32 17 64 70 18 49 80 10 69
85 30 61 98 73 53 93 89 62 97 14 95 75 65 60 5 99 67 81 15 59 68 24 4 90 56 38 11 26 89 84 66 46 90 63 47 46 62 56 27 77 19 69 37 84 46 91 84 1 48
28 9 74 45 22 33 33 3 73 98 66 79 19 5 0 56 61 51 0 94 81 53 88 45 70 51 67 50 84 61 40 7 44 58 54 71 35 7 73 44 9 2 91 1 95 24 61 58 57 3
94 31 25 53 31 33 20 93 0 25 89 65 19 6 40 48 16 73 40 80 74 6 9 18 64 64 10 67 97 94 68 44 0 26 76 69 4 50 86 77 33 33 67 49 92 0 89 38 46 38
67 86 0 7 49 99 10 46 79 55 25 28 21 64 74 99 14 10 11 69 36 30 16 9 79 51 4 95 65 55 20 98 31 28 51 87 3 17 76 62 48 3 21 28 15 68 91 49 81 68
33 88 54 11 89 75 81 46 84 79 77 57 37 68 52 22 20 0 91 45 67 53 78 82 3 88 87 68 31 48 1 84 71 72 96 44 97 43 55 26 11 1 76 67 99 83 95 35 39 66
7 67 86 4 33 20 80 32 94 30 37 34 13 89 4 97 8 42 17 93 10 30 34 94 51 84 25 22 13 73 1 66 43 75 35 61 81 89 23 53 0 41 42 75 59 0 77 22 14 36
12 83 91 9 75 93 80 92 29 80 6 66 81 63 82 15 82 3 58 48 28 11 81 15 6 61 88 87 58 94 69 78 65 33 19 35 11 27 18 96 8 82 44 67 5 11 69 28 52 17
58 81 44 15 47 76 93 24 55 5 36 29 50 0 88 2 13 51 53 32 9 86 95 22 69 75 3 76 73 71 14 25 1 84 59 22 71 29 81 50 76 69 2 54 33 35 99 86 92 23
97 43 86 94 72 7 12 4 2 24 4 41 22 96 74 45 23 13 21 42 41 73 92 50 10 71 69 67 71 9 17 81 17 0 38 13 5 97 88 79 38 98 71 99 35 63 48 87 11 85
28 1 73 55 64 60 64 2 53 24 0 50 45 75 4 74 29 29 44 90 17 88 26 36 19 39 1 49 91 55 35 66 96 22 80 7 42 67 66 27 55 28 20 7 6 22 20 66 91 53
13 79 63 38 34 78 14 99 36 57 64 54 31 64 34 19 80 15 48 58 75 3 68 32 37 83 25 74 35 78 46 16 17 24 30 14 0 24 23 59 90 24 26 65 81 5 4 41 45 1
23 36 78 37 6 97 87 97 97 52 79 94 42 66 13 16 29 9 70 61 20 74 44 75 53 28 45 13 49 91 17 73 71 28 70 67 52 62 54 62 89 74 31 39 94 61 94 8 51 64
62 19 7 39 5 27 13 60 61 14 54 58 86 72 40 29 14 61 92 57 92 23 67 88 18 92 39 93 23 72 98 85 78 41 25 2 46 44 10 20 69 76 83 84 71 86 49 92 97 4
74 96 38 42 73 17 44 97 81 16 77 21 19 81 4 13 11 20 68 77 57 32 19 72 54 0 53 89 21 54 54 33 85 21 77 92 4 92 85 77 35 48 44 71 15 92 11 51 53 74
61 85 90 95 33 45 8 74 30 72 30 55 66 92 89 92 65 50 96 95 70 21 80 52 29 52 58 11 86 92 36 22 75 44 53 93 75 3 39 35 93 59 92 52 23 2 11 78 90 1
72 17 66 47 81 25 49 9 28 36 9 16 6 60 27 96 1 41 32 6 59 28 17 68 80 47 81 18 48 38 52 71 0 82 3 13 40 56 72 57 13 80 84 69 62 39 42 78 83 26
62 55 18 82 96 94 65 74 89 41 85 86 6 93 99 45 39 40 84 4 42 4 97 9 70 47 60 15 27 25 22 64 93 94 46 87 87 24 65 60 90 81 15 67 81 58 65 59 23 20
25 95 94 86 14 25 71 68 7 87 0 68 62 22 89 38 67 52 74 43 40 81 82 26 37 3 90 7 36 93 15 58 60 11 46 4 54 0 28 18 32 95 94 94 78 66 97 5 14 88
39 39 2 33 64 10 96 21 74 65 26 48 18 91 44 31 89 61 54 62 21 44 34 95 98 17 53 82 98 92 93 87 7 90 4 11 61 32 50 89 22 24 45 82 53 25 23 46 56 35
84 45 25 0 14 50 27 87 42 41 72 76 50 25 49 14 8 16 97 15 37 70 41 8 36 63 55 89 85 54 74 71 3 41 17 65 3 74 27 86 96 4 74 55 66 37 48 77 24 39
19 81 88 43 82 96 76 41 0 13 4 35 65 23 23 39 66 69 58 24 38 39 55 24 82 67 94 97 61 61 60 46 70 57 63 22 44 28 71 7 83 23 75 59 78 2 94 91 55 58
58 2 81 65 59 19 11 84 18 61 63 41 61 98 76 38 42 16 29 61 78 12 6 90 12 92 82 58 49 68 56 91 69 31 33 22 66 80 9 65 91 63 1 33 29 35 57 5 9 5
