6 23
0 0 1 2 3 4 5 5 6 7 7 8 9 10 11 11 12 12 13 14 14 15 16 16 17 18 19 20 20 21 21 22 22 23 23 24 25 25 26 26 27 28 29 30 30 31 32 32 33 34
35 35 1 2 3 4 36 36 37 37 38 38 9 39 40 41 42 42 43 44 44 45 45 46 17 18 19 47 47 48 48 49 50 51 51 52 52 53 53 54 55 28 56 57 58 59 59 60 60 34
61 61 62 63 63 64 65 66 66 67 68 69 69 39 40 41 70 71 43 72 72 73 74 46 75 75 76 76 77 77 78 49 79 79 80 80 81 81 82 54 55 83 56 57 58 84 84 85 86 86
87 87 62 88 88 64 65 89 89 67 90 90 91 91 92 92 70 93 93 94 95 73 96 96 97 97 98 99 99 100 101 102 103 103 104 104 105 106 82 107 108 83 109 110 110 111 112 113 113 114
115 115 116 117 117 118 118 119 120 120 121 122 123 123 124 125 125 126 127 94 128 129 130 130 131 131 132 132 133 100 101 102 134 134 135 135 105 106 136 136 108 137 137 138 138 111 139 140 141 114
142 142 143 144 145 145 146 119 147 148 148 122 149 150 150 151 152 126 127 153 128 129 154 154 155 156 157 157 133 158 158 159 159 160 160 161 162 163 163 164 164 165 165 166 167 168 139 140 141 169
170 170 143 144 171 171 172 173 173 174 174 175 175 176 176 151 152 177 178 179 180 181 182 182 155 156 183 183 184 185 186 187 188 189 189 190 162 191 192 193 194 194 195 166 167 168 196 197 198 198
199 199 200 200 201 202 172 203 204 204 205 206 207 208 208 209 210 177 178 179 180 181 211 211 212 213 213 214 184 215 186 187 188 216 217 190 218 191 192 219 219 220 195 221 221 222 196 197 223 224
225 226 227 227 201 228 229 203 230 230 205 206 207 231 231 209 210 232 232 233 233 234 234 235 212 236 237 214 238 215 239 240 240 216 217 241 242 242 243 243 244 220 245 245 246 222 247 248 223 249
225 226 250 251 252 228 229 253 253 254 255 255 256 257 257 258 259 260 261 261 262 262 263 263 264 236 237 265 238 266 266 267 268 268 269 269 270 271 272 273 244 274 275 275 276 276 247 248 277 249
278 279 250 251 280 280 281 282 282 254 283 283 256 284 285 258 259 260 286 286 287 288 289 290 290 291 291 292 293 293 294 295 296 296 297 298 270 271 272 273 299 274 300 301 301 302 302 303 304 304
278 279 305 306 306 307 281 308 309 310 310 311 312 284 285 313 314 314 315 316 287 288 289 317 318 318 319 292 320 320 294 295 321 322 322 298 323 323 324 324 325 326 326 327 328 329 329 303 330 330
331 332 305 333 334 334 335 336 309 337 337 311 312 338 338 313 339 340 315 316 341 342 343 343 344 344 319 345 345 346 347 348 348 349 349 350 351 351 352 353 325 354 355 355 328 356 356 357 357 358
331 332 359 360 360 361 335 336 362 363 364 364 365 366 366 367 339 340 368 368 369 342 370 370 371 371 372 373 373 346 347 374 375 375 376 350 377 378 378 353 379 354 380 381 382 382 383 383 384 358
385 386 359 387 387 388 388 389 362 363 390 390 365 391 391 367 392 393 394 395 369 396 396 397 398 399 400 401 402 402 403 374 404 404 405 406 407 407 408 409 379 410 411 381 412 412 413 414 384 415
385 386 416 417 417 418 419 419 420 421 422 422 423 424 425 425 392 393 394 395 426 427 428 397 398 429 400 401 430 431 403 432 433 434 405 435 435 436 408 409 437 410 411 438 439 439 413 414 440 440
441 441 442 442 443 418 444 444 420 421 445 445 423 446 446 447 448 449 450 451 451 427 428 452 452 429 453 453 430 431 454 432 433 455 456 457 458 459 459 460 437 461 461 438 462 463 464 464 465 465
466 467 467 468 443 469 469 470 470 471 472 472 473 474 475 447 448 449 450 476 477 477 478 478 479 479 480 480 481 482 483 484 485 455 456 457 458 486 486 487 488 488 489 489 462 463 490 490 491 492
493 493 494 468 495 495 496 496 497 471 498 499 473 474 500 501 501 502 503 503 504 504 505 505 506 506 507 507 481 482 483 484 485 508 509 509 510 510 511 487 512 513 514 515 515 516 516 517 491 492
518 519 494 520 521 522 522 523 497 524 498 525 526 526 500 527 527 502 528 529 530 530 531 532 532 533 533 534 535 535 536 537 537 508 538 538 539 540 540 541 512 542 514 543 544 545 545 546 546 547
518 519 548 520 521 549 549 550 550 524 551 525 552 552 553 554 555 556 528 557 558 559 559 560 560 561 561 534 562 563 536 564 564 565 565 566 539 567 567 541 568 542 569 569 544 570 571 572 573 547
574 574 575 576 577 578 578 579 580 580 551 581 582 583 583 554 555 556 584 557 558 585 585 586 586 587 587 588 588 563 589 589 590 590 591 592 592 593 594 595 596 597 598 598 599 599 571 572 573 600
601 601 575 576 577 602 602 579 603 603 604 604 582 605 605 606 607 608 584 609 609 610 610 611 612 613 614 614 615 616 616 617 618 619 619 620 621 593 594 622 596 597 623 624 624 625 625 626 627 628
629 629 630 631 632 632 633 634 634 635 635 636 637 638 639 639 607 608 640 641 642 643 644 644 612 645 646 647 615 648 649 649 618 650 650 620 621 651 652 622 653 654 623 655 656 656 657 657 627 628
658 658 630 631 659 660 633 661 661 662 663 663 637 638 664 665 666 667 640 641 642 643 668 668 669 645 670 647 671 648 672 672 673 673 674 675 676 651 677 677 653 654 678 655 679 679 680 681 682 683
684 685 685 686 686 660 687 687 688 688 689 690 691 692 664 665 666 667 693 694 694 695 696 697 669 698 670 699 699 700 701 702 703 703 674 675 676 704 704 705 706 707 678 708 708 709 680 681 682 683
684 710 711 711 712 713 713 714 715 715 689 690 691 692 716 717 718 719 693 720 720 695 696 697 721 722 723 724 724 700 701 702 725 726 726 727 728 729 730 705 706 707 731 732 732 709 733 733 734 735
736 710 737 737 712 738 738 714 739 739 740 741 741 742 716 717 718 743 744 744 745 746 746 747 721 722 723 748 749 750 750 751 752 752 753 727 728 729 754 755 755 756 756 757 758 759 759 760 734 735
736 761 761 762 763 764 764 765 766 766 740 767 768 768 769 770 770 743 771 771 745 772 772 747 773 774 774 748 749 775 775 751 776 777 777 778 778 779 754 780 781 781 782 757 758 783 783 760 784 784
785 785 786 786 763 787 788 765 789 790 790 767 791 792 769 793 794 794 795 795 796 796 797 798 798 799 800 800 801 802 803 804 804 805 806 806 807 807 808 809 810 811 782 812 813 813 814 815 816 816
817 818 818 819 819 787 788 820 789 821 822 822 791 823 824 793 825 825 826 826 827 827 828 829 829 830 831 831 801 802 832 833 834 834 835 836 837 837 808 809 810 811 838 812 839 839 814 815 840 840
817 841 841 842 842 843 844 845 845 821 846 846 847 823 848 849 850 850 851 851 852 853 828 854 854 830 855 856 856 857 832 833 858 858 835 836 859 859 860 860 861 861 838 862 863 863 864 865 865 866
867 868 869 869 870 843 844 871 871 872 872 873 847 874 848 849 875 876 877 878 878 853 879 880 880 881 855 882 883 857 884 885 885 886 886 887 887 888 888 889 890 890 891 891 892 893 894 895 896 897
867 868 898 898 870 899 900 901 901 902 902 873 903 874 904 904 875 876 877 905 905 906 879 907 908 881 909 909 883 910 884 911 911 912 912 913 913 914 915 916 916 917 918 919 920 893 894 895 896 897
921 921 922 923 923 899 900 924 924 925 926 926 903 927 928 928 929 930 931 931 932 932 933 907 934 935 936 936 937 910 938 939 939 940 940 941 942 942 915 943 944 944 918 919 920 945 946 947 947 948
949 949 922 950 950 951 951 952 953 925 954 954 955 956 956 957 957 930 958 959 959 960 933 961 934 935 962 962 937 963 938 964 964 965 965 966 966 967 968 969 970 970 971 972 972 945 946 973 973 974
975 976 976 977 977 978 979 952 980 980 981 981 955 982 982 983 984 984 958 985 986 986 987 961 988 989 989 990 990 963 991 991 992 992 993 993 994 995 968 969 996 996 971 997 998 999 1000 1000 1001 974
975 1002 1002 1003 1003 978 979 1004 1004 1005 1006 1006 1007 1008 1009 1010 1011 1011 1012 1013 1014 1014 987 1015 988 1016 1016 1017 1018 1019 1020 1021 1022 1023 1023 1024 1024 995 1025 1025 1026 1026 1027 997 998 999 1028 1029 1029 1030
1031 1031 1032 1033 1034 1035 1035 1036 1037 1037 1038 1038 1007 1008 1009 1010 1039 1040 1041 1013 1042 1042 1043 1015 1044 1044 1045 1017 1018 1019 1020 1021 1022 1046 1046 1047 1048 1048 1049 1050 1051 1051 1052 1052 1053 1053 1028 1054 1054 1055
1056 1056 1032 1033 1034 1057 1057 1036 1058 1059 1060 1060 1061 1061 1062 1063 1039 1040 1041 1064 1065 1066 1066 1067 1068 1068 1045 1069 1070 1071 1072 1073 1073 1074 1074 1047 1075 1076 1077 1050 1078 1078 1079 1080 1081 1082 1082 1083 1083 1055
1084 1084 1085 1086 1087 1088 1088 1089 1058 1090 1091 1092 1093 1094 1062 1095 1095 1096 1097 1097 1065 1098 1099 1067 1100 1101 1101 1102 1070 1071 1103 1103 1104 1105 1106 1107 1075 1076 1077 1108 1108 1109 1110 1080 1081 1111 1111 1112 1113 1114
1115 1116 1085 1086 1087 1117 1118 1119 1120 1090 1091 1092 1093 1094 1121 1121 1122 1096 1123 1124 1125 1098 1126 1126 1100 1127 1127 1102 1128 1129 1130 1130 1104 1105 1106 1107 1131 1132 1133 1133 1134 1109 1110 1135 1136 1137 1138 1138 1113 1114
1139 1116 1140 1141 1142 1143 1118 1119 1144 1144 1145 1146 1147 1147 1148 1148 1122 1149 1149 1124 1150 1150 1151 1152 1152 1153 1153 1154 1128 1129 1155 1155 1156 1157 1157 1158 1131 1132 1159 1159 1134 1160 1160 1135 1136 1137 1161 1162 1163 1164
1139 1165 1140 1141 1166 1143 1167 1167 1168 1169 1145 1170 1170 1171 1172 1172 1173 1174 1175 1176 1176 1177 1151 1178 1178 1179 1179 1154 1180 1181 1181 1182 1156 1183 1183 1158 1184 1185 1185 1186 1187 1188 1189 1189 1190 1191 1161 1192 1163 1164
1193 1193 1194 1194 1166 1195 1195 1196 1168 1197 1198 1198 1199 1200 1201 1201 1173 1174 1202 1202 1203 1177 1204 1205 1206 1207 1208 1208 1180 1209 1209 1182 1210 1210 1211 1212 1184 1213 1213 1186 1187 1188 1214 1215 1216 1191 1217 1192 1218 1218
1219 1219 1220 1220 1221 1222 1222 1196 1223 1197 1224 1224 1199 1200 1225 1225 1226 1226 1227 1227 1203 1228 1204 1205 1206 1207 1229 1230 1230 1231 1231 1232 1233 1234 1211 1235 1235 1236 1236 1237 1237 1238 1214 1215 1216 1239 1217 1240 1240 1241
1242 1242 1243 1244 1244 1245 1245 1246 1223 1247 1247 1248 1249 1250 1250 1251 1251 1252 1252 1253 1254 1228 1255 1255 1256 1257 1229 1258 1258 1259 1259 1232 1233 1234 1260 1261 1262 1262 1263 1264 1264 1265 1266 1266 1267 1239 1268 1269 1269 1270
1271 1271 1243 1272 1273 1274 1274 1246 1275 1275 1276 1248 1249 1277 1277 1278 1279 1280 1280 1253 1281 1281 1282 1283 1283 1257 1284 1284 1285 1286 1287 1288 1289 1289 1260 1261 1290 1290 1263 1291 1291 1265 1292 1292 1267 1293 1294 1295 1295 1270
1296 1297 1298 1272 1273 1299 1299 1300 1301 1302 1303 1303 1304 1304 1305 1306 1279 1307 1308 1309 1309 1310 1310 1311 1312 1313 1313 1314 1285 1286 1287 1288 1315 1316 1316 1317 1318 1319 1320 1321 1322 1323 1323 1324 1324 1293 1294 1325 1326 1327
1296 1297 1298 1328 1328 1329 1329 1300 1301 1302 1330 1331 1331 1332 1332 1306 1333 1333 1308 1334 1334 1335 1335 1311 1312 1336 1336 1337 1337 1338 1338 1339 1339 1340 1340 1317 1318 1319 1320 1321 1322 1341 1341 1342 1343 1343 1344 1325 1326 1327
75 36 84 5 39 5 54 36 25 69 36 20 92 82 18 52 15 12 93 96 68 57 29 48 43 41 76 77 29 85 39 46 54 84 71 48 91 86 13 1 1 26 60 2 2 67 36 33 37 7
72 83 24 48 76 85 40 30 62 87 68 51 32 61 10 74 28 50 76 83 33 88 42 92 58 69 30 32 30 27 35 11 78 64 79 75 18 83 17 72 99 76 43 11 82 47 8 98 57 11
14 54 40 71 75 2 19 5 42 93 99 77 82 37 25 36 40 17 97 75 83 74 99 25 68 78 43 28 63 58 29 4 11 38 84 27 10 52 17 54 35 45 90 17 1 32 44 11 24 29
29 38 99 51 5 7 89 75 40 62 99 10 31 6 71 28 23 76 49 59 93 81 21 57 42 95 77 13 80 48 2 97 41 6 72 40 54 79 86 85 76 4 75 19 90 0 25 28 83 69
47 55 62 17 37 44 19 62 2 89 42 60 91 18 28 12 94 56 39 17 41 76 27 80 98 93 86 28 1 65 23 77 46 94 85 93 3 69 87 29 50 39 94 8 31 7 0 25 82 40
53 54 50 86 67 37 59 33 39 27 73 13 80 73 37 16 19 33 16 14 42 71 64 95 3 75 83 25 97 39 93 65 34 7 14 95 81 29 5 61 87 30 11 2 36 1 70 71 11 39
81 17 57 65 89 4 9 76 78 74 63 37 25 76 37 81 67 67 52 84 41 90 40 30 39 97 88 97 11 49 26 9 55 76 20 59 28 98 47 24 42 38 47 53 86 55 82 78 6 7
29 99 55 42 73 95 30 57 11 55 94 73 89 45 22 16 53 3 82 51 31 99 96 64 13 41 12 2 94 57 85 27 23 98 9 69 49 80 66 72 22 61 58 84 63 52 89 15 23 39
93 95 84 57 90 89 79 93 93 27 4 32 8 81 32 13 30 26 23 8 11 37 16 25 2 19 50 47 55 44 91 10 68 56 35 89 84 47 27 61 2 17 44 90 31 21 90 51 93 51
16 18 29 57 81 64 80 49 27 58 20 42 65 37 61 71 42 61 88 74 43 86 87 85 59 86 75 34 18 81 9 55 46 94 65 87 96 5 86 12 23 35 7 20 1 45 31 36 23 50
0 63 46 81 95 39 24 89 7 83 82 17 75 50 56 19 27 46 60 78 12 33 17 42 48 4 25 73 72 95 57 27 4 21 68 34 79 14 10 6 18 61 28 29 0 5 15 28 62 32
31 27 26 0 56 5 56 59 95 34 91 49 50 85 86 20 86 56 72 57 87 9 19 2 24 6 68 40 29 27 91 30 84 89 1 81 64 23 15 0 42 30 80 37 35 88 48 84 68 3
90 60 45 84 48 79 89 64 86 23 76 52 62 1 55 94 44 68 75 4 87 18 81 92 84 70 0 42 52 7 19 19 62 46 53 33 85 4 62 29 36 41 71 93 40 22 58 57 50 21
36 20 85 25 77 50 35 73 83 84 72 44 55 8 98 77 12 34 82 12 44 26 57 36 35 77 26 12 73 45 55 46 17 58 64 58 33 97 58 58 78 47 73 57 92 67 72 66 36 65
12 48 50 94 79 92 53 32 18 22 73 83 90 67 19 76 70 23 71 14 97 42 45 57 36 9 68 50 32 96 8 39 38 50 16 78 86 18 81 41 41 44 36 98 71 72 0 97 86 73
46 31 43 84 49 54 25 84 21 43 74 95 76 55 28 74 88 15 23 79 96 31 65 29 30 57 51 59 26 53 79 23 31 96 31 97 1 72 55 24 81 0 48 17 10 2 72 59 54 75
16 49 51 34 14 70 84 86 49 8 68 32 89 29 74 36 39 91 18 27 88 24 82 10 31 69 29 17 39 9 96 66 94 3 0 28 11 74 30 98 81 84 91 98 8 59 81 59 15 88
5 74 83 74 32 30 93 3 65 65 95 61 6 92 9 26 45 15 28 86 43 13 11 87 94 33 39 44 97 29 18 46 87 79 36 25 62 51 55 98 85 61 9 4 6 76 20 39 97 39
60 24 64 87 52 42 22 55 98 59 10 75 82 89 69 71 24 7 25 11 40 2 54 6 63 46 88 50 27 4 78 12 82 36 61 52 16 55 82 79 72 45 63 30 79 63 46 83 69 79
6 9 3 16 24 63 30 21 28 30 11 99 64 89 42 69 35 2 16 36 22 4 26 52 37 63 24 48 44 57 22 30 82 82 63 82 51 18 55 50 77 93 12 15 11 78 9 59 25 97
94 41 48 86 69 90 84 31 27 59 57 99 31 92 96 46 54 91 22 82 94 4 86 53 97 55 92 15 26 44 22 26 97 70 85 99 78 10 46 98 50 52 48 16 0 77 26 5 94 76
19 71 59 76 11 38 44 33 72 56 43 8 28 21 75 46 98 75 49 30 4 83 17 32 69 98 31 68 51 86 67 93 75 70 17 17 5 24 27 2 11 26 50 35 73 64 46 97 43 22
20 37 25 59 63 42 45 30 70 82 67 59 28 38 73 86 12 69 74 99 60 32 64 11 33 16 92 67 29 58 65 65 19 53 60 27 40 73 15 93 38 73 13 30 24 39 71 96 35 50
88 43 82 86 25 47 7 87 13 49 32 38 70 62 63 42 67 10 88 92 67 16 54 98 21 13 7 8 57 71 58 11 56 95 74 30 64 54 2 73 19 64 97 82 40 62 26 53 37 88
8 93 15 40 16 39 3 46 72 4 77 73 18 66 43 95 52 44 35 62 55 18 16 59 43 33 50 28 9 86 5 8 47 40 12 82 79 86 54 98 43 86 3 19 19 22 16 83 15 88
1 22 92 37 38 93 98 2 64 50 87 18 56 95 92 85 53 85 42 41 47 61 35 13 39 24 17 5 36 84 4 76 82 76 1 8 33 37 27 17 68 12 94 43 13 54 47 87 99 5
44 16 27 14 49 84 83 46 10 78 46 43 54 13 39 65 10 15 39 86 82 82 25 67 58 59 31 38 26 70 79 68 77 95 67 95 61 98 70 49 7 58 92 44 45 36 54 81 4 32
56 16 37 75 2 4 28 31 48 8 74 87 27 68 1 83 84 49 17 14 50 45 30 72 80 21 26 10 29 46 83 3 93 27 74 34 27 23 10 88 59 11 80 22 72 28 3 36 46 23
53 2 52 77 57 47 71 69 25 21 73 42 66 38 5 86 42 92 35 65 13 32 28 46 67 90 84 69 35 92 1 44 77 88 52 77 3 55 73 97 20 97 12 71 25 97 72 89 78 8
37 21 78 26 56 3 54 41 67 41 86 3 80 34 34 30 32 55 0 19 7 44 44 89 45 44 38 50 29 13 62 87 19 26 99 27 0 35 95 17 10 53 87 29 42 89 58 41 99 37
23 6 75 84 89 84 10 31 21 9 74 99 83 88 8 89 58 80 99 62 84 32 70 89 59 75 13 23 93 18 29 41 28 44 68 99 12 69 13 97 25 20 65 36 13 90 31 43 9 71
41 16 24 19 78 9 39 21 34 58 46 26 18 81 1 1 61 96 76 71 62 30 30 78 98 43 74 95 2 25 5 35 18 61 19 60 95 82 30 77 33 80 14 80 66 50 87 91 51 78
78 11 44 28 26 92 0 87 44 44 34 63 50 94 62 26 23 95 33 14 3 92 74 31 75 60 18 83 94 54 9 39 14 1 90 4 6 39 96 80 8 96 48 20 75 6 61 31 68 76
55 62 29 91 10 12 1 23 57 63 49 6 5 57 93 42 62 28 73 29 21 65 80 63 47 36 45 14 96 44 68 39 52 47 90 15 35 42 86 22 22 59 75 13 25 88 91 49 5 13
64 86 15 49 46 43 60 31 5 40 78 80 14 29 11 50 45 50 99 54 81 37 11 71 16 81 34 80 23 87 14 19 36 15 54 19 27 5 7 97 6 32 98 13 54 44 50 93 94 43
2 9 25 92 62 90 97 73 68 25 11 86 92 61 28 26 30 66 87 25 8 17 18 36 48 39 16 32 68 14 55 8 47 39 11 47 83 50 91 23 80 90 75 69 90 13 96 6 76 22
9 63 53 63 77 66 54 51 15 65 37 69 51 84 43 48 48 41 40 34 89 90 12 16 0 10 78 18 31 11 0 56 22 50 32 71 35 36 88 87 11 8 10 36 18 25 1 19 54 86
67 63 67 98 84 45 48 28 36 46 3 19 56 9 70 55 72 31 90 8 69 77 66 34 0 52 73 45 19 40 95 87 42 34 41 56 62 79 86 57 67 37 30 77 59 36 61 76 42 19
18 83 52 78 13 58 86 47 63 36 92 56 16 90 46 35 22 73 90 17 10 78 54 21 60 47 85 61 48 37 59 69 65 92 31 30 12 52 62 20 9 65 39 78 23 62 80 23 48 40
25 57 37 99 30 14 1 56 72 74 67 93 89 17 23 76 13 93 97 19 28 77 0 51 15 61 19 85 50 13 88 45 46 27 19 11 12 64 60 14 11 40 8 3 1 4 75 17 79 37
43 10 84 72 16 14 46 52 99 1 41 89 47 2 17 22 62 57 11 38 68 53 59 34 81 37 14 49 11 53 25 53 7 22 49 58 12 17 25 21 18 98 48 38 93 38 61 51 1 21
18 42 51 50 65 21 60 75 82 19 98 62 1 25 30 8 54 46 1 89 23 70 35 74 52 32 8 60 57 16 16 50 51 0 40 12 96 14 18 42 89 15 61 31 71 6 25 86 53 97
87 89 39 8 7 24 5 9 91 26 32 68 15 74 39 78 81 8 11 78 90 37 5 86 88 28 97 24 11 63 93 53 60 20 1 84 72 89 61 18 20 94 23 88 60 69 71 84 14 25
95 28 65 43 5 17 69 83 58 83 12 16 34 82 30 89 7 0 57 74 3 97 70 95 76 26 82 72 62 81 85 94 11 95 48 50 47 76 42 24 22 39 16 19 50 11 96 95 5 94
93 37 86 77 43 72 88 35 97 61 89 38 74 99 59 66 63 48 38 96 7 46 53 96 3 37 43 6 14 83 94 82 77 94 97 55 33 83 31 7 61 32 9 50 17 37 65 60 49 85
30 15 36 70 26 15 39 35 95 28 7 77 13 21 54 7 68 10 6 69 20 57 97 52 76 92 71 60 75 27 39 8 83 9 92 78 31 83 28 52 91 76 93 94 13 2 80 95 35 85
89 29 99 13 90 26 37 29 63 14 97 68 4 38 53 70 34 16 54 62 16 10 61 45 24 54 59 30 24 73 34 77 40 15 65 83 32 33 15 29 64 51 41 66 77 63 53 95 88 36
97 46 84 90 12 5 64 91 33 27 24 15 67 60 31 69 34 58 65 85 73 10 62 3 52 6 10 94 31 76 34 93 89 82 39 32 33 1 10 90 81 1 69 61 71 52 23 47 5 3
47 96 95 46 97 73 97 83 35 79 91 69 31 14 28 39 20 47 91 58 44 6 19 62 9 41 19 31 58 36 22 72 87 89 31 69 89 49 81 78 79 17 59 74 23 89 25 72 6 79
4 39 81 58 22 86 21 33 66 53 46 76 21 80 29 97 78 50 90 5 61 3 18 72 70 38 37 68 35 87 35 44 65 12 25 81 70 98 24 58 40 39 6 74 22 98 37 47 83 66
