26 37
0 1 1 2 3 4 4 5 5 6 7 8 9 10 10 11 12 12 13 13 14 15 15 16 16 17 17 18 18 19 19 20 20 21 22 23 24 24 25 26 26 27 27 28 29 30 31 32 32 33
0 34 35 2 3 36 37 37 38 6 7 8 39 39 40 40 41 41 42 43 14 44 45 45 46 47 47 48 49 49 50 50 51 21 22 23 52 52 53 54 55 55 56 56 29 30 31 57 57 33
58 34 35 59 59 36 60 61 38 62 62 63 63 64 64 65 66 67 42 43 68 68 69 69 70 70 71 48 72 73 74 74 51 75 75 76 77 77 53 54 78 79 80 80 81 81 82 82 83 83
58 84 84 85 85 86 60 87 88 89 90 91 92 93 94 94 66 67 95 96 97 98 99 99 100 100 71 101 102 73 103 103 104 105 106 107 107 108 109 109 110 79 111 112 113 113 114 114 115 115
116 116 117 117 118 119 119 87 88 89 90 91 120 93 121 121 122 123 95 96 97 98 124 125 126 126 127 101 102 128 128 129 104 105 106 130 131 108 132 133 110 134 111 112 135 136 137 138 139 139
140 140 141 142 142 143 143 144 145 146 147 147 120 148 149 150 122 123 151 152 153 153 154 125 155 156 127 157 157 158 158 159 160 160 161 161 131 162 132 163 164 134 165 165 135 136 137 166 166 167
168 169 141 170 170 171 172 172 145 146 173 174 174 175 149 150 176 176 151 152 177 177 154 178 155 156 179 180 181 182 183 159 184 185 186 187 187 162 188 163 164 189 189 190 190 191 192 192 193 193
168 169 194 194 195 196 196 197 198 198 199 200 201 175 202 203 204 205 205 206 206 207 208 208 209 209 179 180 181 182 183 210 210 185 211 211 212 213 213 214 214 215 216 216 217 217 218 219 220 220
221 221 222 223 195 224 225 225 226 227 199 200 228 229 230 203 204 231 231 232 233 234 234 235 235 236 237 238 239 240 240 241 241 242 243 243 212 244 244 245 245 215 246 247 247 248 218 249 249 250
251 251 222 252 253 224 254 254 226 227 255 255 228 229 230 256 256 257 258 232 233 259 259 260 260 236 237 238 261 262 262 263 263 264 264 265 265 266 266 267 267 268 246 269 269 248 270 271 271 250
272 272 273 252 274 275 276 277 278 278 279 280 280 281 282 282 283 257 284 284 285 285 286 286 287 287 288 288 261 289 290 291 292 293 293 294 294 295 296 297 297 268 298 299 300 300 270 301 302 302
303 303 273 304 274 275 305 277 306 306 279 307 308 308 309 309 283 310 310 311 311 312 313 314 314 315 315 316 316 317 290 291 292 318 318 319 320 295 321 322 323 323 298 324 325 326 327 301 328 329
330 331 331 304 332 333 305 334 334 335 336 337 338 339 339 340 340 341 342 343 343 312 313 344 345 345 346 347 347 317 348 348 349 350 351 319 320 352 321 353 353 354 355 324 325 326 327 356 328 329
357 358 358 359 359 333 360 361 362 362 336 337 338 363 363 364 364 341 365 366 367 368 369 344 370 371 372 373 373 374 374 375 375 350 376 377 377 378 379 380 380 354 355 381 381 382 383 356 384 384
357 385 386 387 387 388 360 361 389 390 390 391 391 392 393 393 394 395 365 396 367 368 369 397 397 371 372 398 398 399 400 401 401 402 376 403 403 378 379 404 404 405 406 407 407 382 408 408 409 409
410 385 411 411 412 413 414 415 415 416 416 417 418 418 419 420 394 395 421 396 422 423 423 424 425 426 426 427 428 399 400 429 429 402 430 431 432 432 433 434 434 405 435 436 437 437 438 439 439 440
410 441 441 442 412 413 414 443 444 444 445 417 446 446 419 447 447 448 448 449 450 450 451 451 425 452 453 427 428 454 455 455 456 457 430 458 458 459 460 461 462 462 435 436 463 464 438 465 466 440
467 468 468 442 469 469 470 471 471 472 445 473 473 474 474 475 475 476 476 449 477 478 478 479 479 452 453 480 480 454 481 481 456 482 482 483 484 484 460 461 485 486 486 487 463 464 488 465 466 489
490 491 492 493 493 494 494 495 495 472 496 497 498 499 500 501 502 502 503 503 477 504 504 505 506 507 507 508 509 510 510 511 511 512 513 514 514 515 516 517 485 518 518 519 519 520 488 521 522 523
490 491 492 524 525 526 526 527 528 529 496 497 498 499 530 501 531 532 533 534 534 535 535 536 506 537 537 508 509 538 538 539 539 512 540 541 541 515 516 517 542 542 543 544 544 520 545 545 522 523
546 546 547 524 548 549 549 527 528 550 551 552 553 553 530 554 531 555 533 556 556 557 557 536 558 558 559 560 561 561 562 563 563 564 540 565 566 567 567 568 568 569 569 570 570 571 572 572 573 574
575 576 547 577 548 578 579 579 580 550 551 552 581 582 583 554 584 555 585 586 586 587 587 588 588 589 589 560 590 590 562 591 592 564 593 565 566 594 595 595 596 596 597 597 598 571 599 600 600 574
575 576 601 601 602 602 603 604 580 605 606 607 607 582 583 608 584 609 610 611 612 613 613 614 614 615 616 617 618 619 619 620 592 621 593 622 622 623 623 624 625 626 627 628 629 630 599 631 632 633
634 634 635 636 636 637 603 604 638 638 606 639 640 640 641 608 642 609 610 611 612 643 644 644 645 615 616 646 618 647 647 620 648 621 649 650 650 651 651 652 625 626 627 628 629 653 653 631 654 633
655 655 656 656 657 658 658 659 660 661 662 639 663 664 641 665 666 667 667 668 669 643 670 670 645 671 671 646 672 673 674 675 675 676 676 677 678 679 679 652 680 680 681 682 682 683 683 684 654 685
686 686 687 688 688 689 690 690 660 661 691 691 692 664 693 693 666 694 694 695 669 696 696 697 697 698 699 699 672 673 674 700 700 701 702 702 678 703 704 704 705 705 681 706 707 707 708 708 709 685
710 711 711 712 712 689 713 713 714 714 715 715 692 716 717 717 718 718 719 695 720 720 721 721 722 723 724 724 725 725 726 727 728 728 729 729 730 703 731 732 733 734 735 706 736 736 737 738 738 739
710 740 740 741 742 742 743 743 744 745 746 747 747 748 748 749 749 750 750 751 752 753 753 754 754 723 755 755 756 757 757 727 758 759 759 760 730 761 731 732 733 734 735 762 763 763 764 764 765 739
766 767 767 741 768 769 769 770 744 745 746 771 771 772 772 773 773 774 775 775 752 776 777 778 778 779 780 781 782 783 784 785 785 786 787 760 788 761 789 790 790 791 792 792 793 793 794 794 765 795
766 796 797 797 798 798 799 770 800 801 802 803 803 804 805 805 806 807 808 809 810 776 811 811 812 779 780 781 782 783 813 813 814 814 787 815 815 816 816 817 817 791 818 818 819 820 821 821 822 795
823 824 825 826 827 827 799 828 828 801 802 829 829 830 830 831 806 807 808 809 810 832 832 833 833 834 835 836 837 837 838 839 839 840 841 842 843 844 845 845 846 846 847 847 819 848 848 849 849 850
823 824 825 826 851 852 853 854 855 855 856 857 858 859 859 831 860 861 861 862 863 864 865 865 866 834 835 836 867 867 868 869 870 840 871 842 843 844 872 873 873 874 875 876 876 877 878 878 879 879
880 881 882 882 851 852 853 854 883 884 856 885 858 886 886 887 860 888 888 862 863 864 889 890 866 891 892 893 893 894 868 869 870 895 871 896 896 897 872 898 898 874 875 899 899 900 901 901 902 903
880 904 904 905 906 907 907 908 883 909 909 885 910 911 911 912 912 913 914 914 915 915 889 890 916 891 892 917 917 918 919 919 920 921 922 923 923 897 924 925 926 926 927 928 929 900 930 930 902 903
931 931 932 905 933 933 934 935 935 936 937 938 938 939 939 940 940 913 941 942 943 944 944 945 945 946 946 947 947 918 948 948 920 921 949 950 950 951 924 925 952 953 927 928 929 954 955 956 957 957
958 958 932 959 959 960 960 961 961 936 937 962 963 964 964 965 966 966 941 967 943 968 968 969 969 970 971 971 972 972 973 973 974 974 949 975 976 951 977 977 952 953 978 979 979 954 955 956 980 980
981 982 983 984 985 986 986 987 988 988 989 962 963 990 990 991 992 993 993 967 994 994 995 995 996 996 997 997 998 999 1000 1000 1001 1001 1002 1002 976 1003 1003 1004 1005 1006 1007 1008 1009 1009 1010 1011 1011 1012
981 982 983 984 985 1013 1014 1014 1015 1016 989 1017 1017 1018 1018 991 992 1019 1019 1020 1020 1021 1022 1022 1023 1024 1025 1025 998 999 1026 1026 1027 1028 1029 1030 1030 1031 1031 1004 1005 1006 1007 1008 1032 1032 1010 1033 1034 1034
1035 1036 1037 1037 1038 1038 1039 1039 1015 1016 1040 1041 1041 1042 1042 1043 1043 1044 1044 1045 1045 1046 1046 1047 1048 1024 1049 1050 1050 1051 1051 1052 1053 1028 1054 1055 1055 1056 1056 1057 1058 1058 1059 1059 1060 1060 1061 1033 1062 1062
1035 1063 1063 1064 1065 1065 1066 1067 1068 1069 1070 1070 1071 1072 1073 1074 1075 1076 1077 1077 1078 1078 1079 1079 1048 1080 1081 1081 1082 1082 1083 1052 1053 1084 1054 1085 1085 1086 1087 1088 1088 1089 1089 1090 1091 1091 1061 1092 1093 1093
1094 1094 1095 1064 1096 1097 1066 1067 1068 1069 1098 1098 1099 1072 1073 1074 1075 1076 1100 1100 1101 1101 1102 1103 1103 1104 1105 1105 1106 1106 1083 1107 1107 1084 1108 1109 1109 1110 1087 1111 1111 1112 1112 1090 1113 1113 1114 1092 1115 1115
1116 1117 1117 1118 1096 1097 1119 1119 1120 1121 1122 1123 1099 1124 1124 1125 1125 1126 1127 1128 1129 1129 1102 1130 1130 1104 1131 1132 1133 1134 1134 1135 1135 1136 1137 1138 1139 1110 1140 1140 1141 1141 1142 1142 1143 1143 1114 1144 1145 1146
1147 1148 1149 1149 1150 1151 1152 1153 1120 1121 1122 1154 1154 1155 1155 1156 1157 1126 1127 1128 1158 1158 1159 1159 1160 1160 1131 1161 1133 1162 1163 1163 1164 1164 1137 1138 1139 1165 1165 1166 1167 1168 1168 1169 1170 1170 1171 1144 1172 1146
1147 1148 1173 1174 1150 1151 1152 1153 1175 1176 1177 1178 1179 1180 1180 1156 1157 1181 1181 1182 1182 1183 1184 1184 1185 1185 1186 1161 1187 1188 1188 1189 1189 1190 1190 1191 1192 1193 1194 1194 1167 1195 1196 1169 1197 1198 1199 1199 1172 1200
1201 1201 1173 1174 1202 1202 1203 1204 1204 1176 1205 1178 1179 1206 1206 1207 1207 1208 1209 1210 1211 1183 1212 1213 1213 1214 1186 1215 1216 1217 1218 1219 1220 1220 1221 1221 1192 1193 1222 1222 1223 1224 1196 1225 1225 1198 1226 1227 1228 1200
1229 1230 1231 1231 1232 1233 1203 1234 1235 1236 1205 1237 1238 1239 1240 1241 1242 1243 1209 1210 1211 1244 1245 1246 1247 1248 1249 1250 1216 1217 1218 1219 1251 1251 1252 1252 1253 1254 1254 1255 1256 1224 1257 1257 1258 1258 1226 1227 1228 1259
1260 1230 1261 1261 1232 1233 1262 1234 1235 1263 1264 1265 1238 1239 1266 1241 1242 1243 1267 1268 1269 1244 1245 1270 1247 1248 1249 1250 1271 1272 1272 1273 1273 1274 1275 1275 1253 1276 1277 1277 1256 1278 1278 1279 1280 1281 1282 1282 1283 1284
1260 1285 1285 1286 1286 1287 1262 1288 1288 1263 1289 1265 1290 1290 1266 1291 1292 1293 1267 1268 1269 1294 1295 1270 1296 1296 1297 1297 1271 1298 1299 1300 1300 1301 1301 1302 1303 1303 1304 1304 1305 1305 1306 1279 1280 1307 1308 1309 1283 1284
1310 1310 1311 1311 1312 1287 1313 1313 1314 1315 1289 1316 1316 1317 1317 1318 1292 1293 1319 1320 1320 1294 1295 1321 1322 1322 1323 1324 1324 1298 1325 1325 1326 1327 1327 1328 1329 1329 1330 1331 1332 1333 1306 1334 1334 1307 1308 1309 1335 1336
1337 1338 1338 1339 1312 1340 1340 1341 1341 1315 1342 1343 1343 1344 1344 1318 1345 1345 1346 1346 1347 1347 1348 1321 1349 1349 1323 1350 1350 1351 1351 1352 1326 1353 1353 1328 1354 1354 1330 1331 1332 1333 1355 1355 1356 1357 1357 1358 1358 1336
27 12 5 55 44 25 96 27 98 41 48 38 78 6 78 26 4 64 27 0 42 5 13 35 73 59 24 37 66 42 95 99 87 26 61 11 96 69 5 77 58 77 83 10 93 72 11 90 0 89
97 61 10 51 6 66 4 44 82 84 23 2 91 65 5 40 44 78 55 40 72 35 61 11 57 26 57 64 3 24 79 10 86 64 9 61 7 65 11 56 1 0 37 30 29 12 63 25 69 84
90 13 48 20 42 18 47 86 73 38 64 5 98 83 64 10 10 68 34 68 30 67 52 51 54 11 41 96 85 46 68 39 66 36 65 51 23 17 22 71 55 36 34 72 25 52 59 8 8 15
54 41 74 65 96 6 41 34 85 14 13 5 54 91 49 61 16 23 95 20 3 6 81 46 75 13 54 35 66 29 30 89 19 26 77 87 84 34 82 99 49 35 47 34 34 38 29 7 0 76
33 64 58 53 44 92 91 78 12 45 12 11 82 34 34 55 31 49 65 80 66 5 92 76 46 77 79 81 96 89 98 38 20 66 74 59 23 40 34 78 77 12 91 37 33 17 65 17 16 98
6 93 54 66 66 66 73 56 67 2 13 78 91 23 55 45 71 13 23 4 15 6 92 98 77 59 68 48 74 42 11 3 77 64 91 51 44 75 97 67 24 77 53 79 92 50 84 88 46 29
20 88 65 79 31 15 79 71 65 39 64 32 27 58 2 29 16 77 91 5 70 15 80 75 69 78 73 28 98 63 2 20 68 97 66 42 13 79 76 68 33 50 43 78 37 92 66 51 67 55
48 31 44 41 25 57 66 70 62 25 17 64 94 79 62 49 47 95 18 0 60 39 17 63 79 37 97 9 37 35 85 12 92 41 28 21 78 26 26 68 14 89 68 37 21 57 28 91 22 67
55 51 71 47 47 37 65 84 67 17 70 13 99 40 85 95 16 87 30 0 64 94 67 13 94 29 31 89 11 55 78 15 86 39 68 11 56 59 21 30 83 49 44 97 79 68 42 31 15 48
40 37 95 25 88 91 6 61 5 86 19 93 29 98 43 9 52 46 46 70 25 31 5 67 18 41 69 86 20 40 65 78 86 28 97 70 86 90 4 49 23 76 18 54 41 53 72 10 92 60
57 30 7 57 81 4 35 79 25 18 28 61 64 53 30 76 95 6 59 19 72 57 33 28 11 71 51 19 35 17 60 42 78 31 88 68 28 12 86 87 29 32 89 91 74 69 23 67 24 29
55 17 25 58 24 73 56 28 93 27 91 20 59 12 58 96 82 22 57 6 12 66 85 54 5 47 33 1 91 68 64 2 56 0 17 91 87 69 17 81 53 41 72 44 38 76 16 16 84 53
87 8 66 31 69 95 56 0 25 48 23 40 88 14 38 90 84 44 42 72 84 15 52 47 44 34 79 54 0 66 68 3 91 89 31 82 86 37 28 88 79 96 20 54 65 37 64 31 27 89
60 72 47 22 87 31 34 25 56 40 90 37 50 5 92 96 46 76 72 96 49 7 83 95 21 43 58 54 79 28 93 59 54 86 32 1 5 98 51 17 46 70 1 73 11 79 95 24 34 74
43 21 38 40 84 92 80 96 0 44 14 14 1 53 11 43 61 14 14 3 13 2 15 78 53 42 4 82 59 51 5 14 84 93 7 83 86 82 75 79 88 19 81 69 22 81 1 99 77 73
90 34 76 9 31 42 63 14 53 4 93 8 9 2 85 46 36 30 69 14 43 79 29 48 89 80 4 54 49 21 65 86 92 31 70 13 7 74 45 47 22 28 5 52 53 79 5 9 84 11
32 39 91 72 54 72 40 35 73 20 53 50 22 44 5 35 28 81 39 65 9 18 35 95 12 54 97 71 17 78 74 7 42 38 92 90 64 50 62 23 94 56 28 38 12 36 75 51 70 71
17 3 95 77 83 76 80 50 68 85 80 91 82 59 54 13 19 13 62 61 67 31 77 10 46 71 33 87 17 26 75 99 73 3 33 94 15 51 15 73 35 52 64 30 10 48 40 82 32 61
25 15 9 9 23 91 50 48 15 33 42 75 39 81 60 2 37 35 38 96 40 85 66 34 75 62 94 46 21 23 51 28 5 62 41 82 67 98 0 42 40 0 41 42 97 27 36 83 79 0
41 48 4 98 9 7 63 24 24 69 38 90 29 58 58 92 9 43 30 25 57 37 26 37 42 63 75 24 15 16 60 67 62 14 99 52 38 11 33 71 96 67 60 62 95 25 16 88 84 19
82 83 32 94 79 93 80 54 13 76 83 27 95 48 26 98 53 44 3 3 46 48 76 48 1 72 69 37 30 7 33 65 24 84 55 63 49 64 23 38 21 6 39 46 34 69 16 74 51 65
1 49 77 29 82 94 28 95 46 92 74 57 88 83 29 39 58 65 57 78 63 2 56 42 15 3 85 17 74 45 54 20 89 59 5 85 39 38 14 65 40 21 81 83 49 42 85 43 1 82
81 18 49 51 35 4 25 44 7 22 12 15 94 35 78 28 44 93 34 55 7 80 82 81 3 62 4 54 56 18 75 56 5 62 4 86 90 41 77 55 75 61 17 52 76 18 26 93 86 15
0 90 81 25 12 83 37 26 92 11 0 66 30 23 27 59 25 85 53 23 67 3 17 24 30 42 2 36 58 57 65 81 94 3 22 20 93 61 26 83 78 91 81 53 84 21 0 60 39 59
5 85 1 35 87 93 90 39 47 85 36 5 13 0 27 37 4 90 30 40 74 42 39 81 40 83 29 60 23 92 75 14 26 19 92 16 94 76 56 60 32 93 78 31 59 77 2 25 44 37
9 69 90 20 56 88 52 91 62 92 35 34 24 85 74 48 5 97 62 77 44 48 97 85 80 80 70 86 13 36 82 91 64 0 46 91 13 21 99 44 98 99 36 23 31 58 14 96 28 20
58 80 87 72 9 27 6 28 15 99 56 56 51 23 13 61 37 48 63 43 67 51 45 49 57 71 37 38 68 69 54 92 83 83 56 79 92 24 73 50 55 0 7 40 37 31 40 79 69 27
68 58 42 46 65 57 93 51 3 16 77 1 32 27 71 72 13 90 60 66 63 11 86 61 0 63 69 54 99 26 8 39 45 18 72 71 44 61 86 61 25 4 73 18 42 5 76 6 16 71
82 21 0 52 87 49 0 20 70 30 84 0 38 52 2 95 57 19 59 86 36 0 35 68 20 36 98 10 46 85 53 83 18 10 52 71 14 76 14 78 30 12 16 55 81 34 24 66 90 84
82 90 23 25 58 27 70 56 78 82 80 42 97 13 71 34 30 30 60 62 86 94 93 25 85 18 11 64 57 33 71 79 24 40 86 69 28 23 38 47 5 49 35 46 94 51 11 60 17 20
50 54 90 35 22 8 70 22 86 48 87 88 4 25 47 61 78 89 85 19 77 92 90 90 64 18 80 79 76 94 3 41 86 42 2 0 4 68 93 78 0 54 81 87 46 53 27 11 98 95
50 75 99 51 25 72 23 39 22 15 19 17 7 97 18 19 67 35 97 11 32 7 88 11 13 17 91 41 67 80 2 98 67 12 48 79 32 35 19 89 51 0 14 12 12 67 31 77 63 14
56 28 32 46 98 87 4 15 45 81 86 86 33 7 41 88 7 30 43 94 15 39 16 75 59 9 11 0 26 98 32 7 20 60 27 63 28 85 50 99 52 38 98 99 36 50 9 83 28 8
53 8 9 16 30 43 77 92 9 2 4 85 27 64 56 57 55 98 57 35 55 59 63 54 22 70 11 67 20 63 54 40 78 21 52 61 13 55 5 57 49 2 50 16 70 3 59 51 98 17
34 50 6 17 5 83 68 82 55 22 6 2 53 3 84 9 84 54 22 39 99 40 27 31 6 59 99 43 13 8 70 55 9 37 9 93 80 82 40 53 48 60 36 62 60 62 63 77 67 57
39 32 50 10 33 74 66 93 14 4 13 78 56 43 70 13 77 49 6 2 7 3 83 89 47 17 82 7 80 7 70 63 73 11 67 17 95 15 63 61 29 25 83 11 81 30 57 84 32 8
0 93 91 39 42 5 13 83 93 54 99 84 48 77 73 89 12 74 2 80 23 3 9 6 60 6 54 91 16 63 42 69 88 74 65 12 22 30 53 18 60 89 78 47 79 14 66 68 20 68
54 51 34 81 79 27 76 87 14 47 81 4 43 80 18 48 35 18 82 83 21 23 7 8 92 34 55 11 68 3 66 3 31 27 80 14 90 46 53 75 3 46 56 84 59 4 21 51 67 50
75 21 32 49 0 78 2 99 4 33 88 64 64 74 39 13 49 40 24 67 59 34 69 90 61 82 63 3 14 54 63 72 80 16 24 66 75 9 61 66 12 84 94 30 17 16 86 50 40 65
65 63 30 65 21 20 8 16 48 17 32 75 33 31 71 32 20 16 75 67 93 85 19 58 54 50 21 22 16 20 89 54 94 76 29 16 63 48 52 52 49 49 44 29 72 99 59 67 66 30
90 73 68 49 20 29 44 93 75 77 23 88 30 32 26 54 53 32 88 37 17 79 38 36 86 42 15 63 0 59 72 4 63 6 13 13 26 48 78 65 56 22 10 28 44 16 13 65 59 0
14 16 96 95 15 96 3 89 48 61 2 5 98 24 80 67 17 22 88 8 74 95 65 79 37 14 45 39 32 30 66 27 84 23 20 29 53 68 96 64 39 54 90 1 51 26 35 15 26 19
86 20 30 59 38 89 41 87 13 78 83 80 98 76 15 28 86 96 37 11 28 70 32 35 25 15 14 48 70 80 45 83 83 83 25 72 35 27 2 78 55 3 22 26 44 26 44 61 30 63
20 47 6 79 5 90 64 28 57 2 82 80 80 15 8 54 33 1 13 48 26 87 80 69 59 85 29 44 11 87 64 36 42 74 44 52 53 65 84 30 0 94 66 3 98 59 98 24 83 70
32 28 26 1 63 42 38 75 46 34 83 30 59 28 88 25 19 75 0 44 35 10 14 44 17 57 76 87 81 6 47 65 81 77 56 96 50 24 52 72 20 94 33 51 76 78 8 87 14 41
19 75 74 16 48 96 68 26 83 27 66 84 93 45 8 41 11 85 37 27 93 79 22 99 46 9 82 57 79 81 90 5 26 83 47 48 2 87 91 44 54 62 84 28 68 57 83 73 76 75
86 6 47 42 17 14 81 5 71 96 35 47 10 6 63 35 76 57 43 66 55 61 49 28 91 97 81 14 87 81 15 12 1 0 85 14 92 79 90 74 21 54 90 33 25 17 80 14 75 4
74 79 53 57 90 98 8 39 20 85 55 81 33 1 89 14 4 65 7 17 67 34 24 13 9 5 73 29 49 90 17 59 37 44 75 91 80 10 33 76 54 53 65 24 40 24 64 22 66 58
37 15 5 59 47 15 37 30 25 27 91 30 54 51 56 30 82 5 56 53 82 61 72 49 29 54 49 23 5 19 27 36 57 39 56 32 37 18 79 78 68 53 51 14 94 8 29 25 42 85
89 4 56 27 50 85 98 47 94 30 37 54 85 26 28 15 57 61 60 43 28 41 54 30 93 76 13 62 92 81 34 78 77 62 54 11 23 52 1 70 68 44 1 55 69 85 8 48 18 74
