20 30
0 1 1 2 2 3 4 5 5 6 7 8 9 9 10 11 11 12 13 14 14 15 15 16 17 17 18 18 19 19 20 20 21 21 22 23 24 25 25 26 27 27 28 29 29 30 30 31 32 33
34 35 36 37 38 3 4 39 39 6 7 40 40 41 41 42 43 12 13 44 45 45 46 16 47 48 49 50 51 52 53 53 54 55 56 23 24 57 57 26 58 58 59 60 60 61 62 31 32 63
34 64 36 37 38 65 65 66 66 67 68 68 69 69 70 42 43 71 71 44 72 72 46 73 47 48 49 50 51 74 74 75 54 55 56 76 76 77 78 79 80 81 59 82 82 61 62 83 83 63
84 64 85 86 87 88 88 89 89 67 90 90 91 91 70 92 92 93 93 94 95 96 96 73 97 97 98 99 99 100 101 75 102 102 103 103 104 104 78 79 80 105 105 106 106 107 108 109 110 111
112 112 85 86 87 113 114 115 115 116 116 117 117 118 118 119 120 121 122 94 95 123 123 124 124 125 98 126 126 100 101 127 128 128 129 129 130 130 131 132 133 134 135 136 137 107 108 109 110 111
138 139 139 140 141 113 114 142 143 144 144 145 146 146 147 119 120 121 148 148 149 149 150 151 152 125 153 154 154 155 155 156 156 157 158 159 160 161 131 132 133 134 135 136 162 162 163 164 164 165
166 166 167 140 168 168 169 142 170 170 171 145 172 172 147 173 173 174 175 176 176 177 177 151 152 178 178 179 180 181 181 182 182 183 158 159 160 184 185 185 186 187 188 188 189 189 163 190 190 165
191 191 167 192 192 193 193 194 195 195 196 196 197 198 198 199 199 174 200 201 201 202 202 203 204 204 205 179 206 207 208 209 209 183 210 211 211 184 212 213 186 214 214 215 216 217 218 218 219 219
220 221 221 222 223 224 224 225 226 227 227 228 197 229 230 230 231 231 200 232 232 233 233 234 235 236 236 237 206 207 208 238 238 239 210 240 240 241 241 213 242 242 243 243 216 217 244 245 245 246
220 247 248 248 223 249 249 225 250 250 251 251 252 229 253 254 254 255 255 256 257 257 258 234 235 259 259 260 261 261 262 263 263 239 264 265 266 267 268 268 269 269 270 271 271 272 244 273 273 246
274 247 275 276 276 277 278 279 279 280 280 281 281 282 253 283 283 284 285 256 286 286 287 287 288 288 289 260 290 291 262 292 293 294 294 265 266 267 295 296 296 297 297 298 298 272 299 299 300 300
301 302 275 303 304 304 278 305 306 307 308 308 309 309 310 311 311 284 285 312 313 313 314 314 315 315 316 317 290 291 318 292 293 319 319 320 320 321 322 322 323 323 324 325 325 326 327 327 328 329
301 330 331 303 332 333 334 305 306 307 335 335 336 336 310 337 338 339 339 312 340 341 341 342 342 343 316 344 344 345 318 346 347 347 348 348 349 321 350 351 351 352 324 353 353 354 355 356 328 357
358 330 359 359 332 333 334 360 360 361 362 362 363 364 365 337 338 366 367 368 368 369 370 371 371 343 372 373 374 345 375 376 377 378 379 379 380 380 381 382 383 352 384 384 385 354 355 356 386 357
358 387 388 389 389 390 390 391 392 361 393 394 363 364 365 395 396 396 367 397 397 369 370 398 399 400 400 373 374 401 401 376 377 378 402 402 403 403 381 382 383 404 405 405 385 406 407 407 386 408
409 409 388 410 411 412 412 391 413 413 393 394 414 415 416 395 417 417 418 419 420 420 421 398 422 423 423 424 425 426 427 427 428 428 429 429 430 431 432 433 434 404 435 436 437 437 438 439 439 408
440 440 441 442 411 443 443 444 444 445 445 446 414 415 447 448 449 450 418 419 451 452 421 453 422 454 454 424 425 426 455 455 456 456 457 457 430 431 458 433 434 459 435 436 460 461 462 463 463 464
465 465 466 442 467 468 469 470 470 471 472 446 473 474 447 475 449 450 476 476 451 452 477 478 478 479 480 480 481 481 482 482 483 484 485 485 486 486 458 487 488 459 489 490 460 461 462 491 491 464
492 493 466 494 467 468 469 495 495 471 496 497 473 498 498 475 499 499 500 501 501 502 477 503 504 505 506 507 508 509 510 510 483 484 511 512 512 513 513 514 488 515 515 490 516 517 517 518 518 519
492 493 520 520 521 521 522 522 523 524 496 497 525 525 526 526 527 528 500 529 530 531 531 503 504 505 506 507 508 509 532 532 533 534 534 535 536 537 538 514 539 540 541 542 516 543 544 544 545 545
546 547 547 548 548 549 549 550 551 524 552 552 553 554 555 556 527 557 557 529 558 558 559 560 560 561 561 562 562 563 563 564 533 565 565 535 536 537 538 566 539 540 541 567 568 569 569 570 570 571
546 572 572 573 573 574 574 550 551 575 576 576 553 554 577 556 578 579 579 580 580 581 581 582 582 583 584 584 585 586 586 564 587 587 588 589 589 590 590 566 591 592 592 567 568 593 593 594 595 571
596 596 597 597 598 599 600 600 601 601 602 603 603 604 577 605 606 607 607 608 609 610 611 611 612 583 613 613 585 614 614 615 615 616 588 617 617 618 619 619 591 620 620 621 622 622 623 594 624 625
626 627 627 628 629 599 630 631 632 633 602 634 635 635 636 605 606 637 638 608 609 610 639 640 612 641 641 642 642 643 643 644 645 646 647 648 649 618 650 650 651 652 652 621 653 653 623 654 624 625
626 655 655 628 629 656 630 631 632 633 657 634 658 659 659 660 661 637 662 662 663 664 639 640 665 666 666 667 667 668 668 644 645 646 647 648 649 669 669 670 670 671 671 672 673 674 674 675 676 677
678 678 679 680 680 681 681 682 682 683 657 684 684 685 685 660 686 686 687 688 663 664 689 690 691 691 692 692 693 693 694 695 696 696 697 697 698 699 699 700 701 701 702 702 673 703 703 675 676 704
705 705 706 706 707 707 708 708 709 710 711 712 713 713 714 715 715 716 716 688 717 717 689 690 718 718 719 720 720 721 694 695 722 722 723 723 698 724 725 726 726 727 728 729 729 730 730 731 731 704
732 732 733 734 734 735 736 736 737 710 738 712 739 740 714 741 741 742 742 743 744 744 745 746 746 747 719 748 749 750 750 751 752 753 754 755 756 757 725 758 759 727 760 761 762 763 764 764 765 766
767 767 733 768 768 735 769 769 737 770 738 771 739 740 772 773 773 774 775 776 777 778 778 779 779 747 780 781 749 782 783 751 752 753 784 755 785 757 786 758 759 787 760 761 762 763 788 789 789 766
790 791 791 792 793 793 794 795 796 797 797 771 798 799 772 800 801 802 775 776 777 803 803 804 805 805 780 781 806 782 807 807 808 808 784 809 785 810 786 811 811 787 812 813 814 814 815 815 816 816
790 817 817 818 818 819 794 795 796 820 821 821 798 799 822 822 801 802 823 824 825 826 827 827 828 829 829 830 831 832 833 834 835 835 836 837 838 810 839 840 840 841 812 813 842 843 843 844 845 845
846 847 848 849 850 819 851 851 852 820 853 853 854 854 855 856 856 857 823 824 825 826 858 858 828 859 859 830 831 832 833 834 860 860 836 837 838 861 862 863 864 864 865 865 866 866 867 867 868 868
846 847 869 849 850 870 871 872 873 873 874 875 875 876 876 877 877 857 878 879 880 881 881 882 883 884 884 885 886 886 887 887 888 889 889 890 891 891 862 863 892 892 893 893 894 895 896 896 897 898
899 899 869 900 900 870 871 901 901 902 874 903 903 904 905 905 906 906 878 879 880 907 907 908 883 909 909 910 910 911 912 912 888 913 914 890 915 916 916 917 918 919 919 920 894 895 921 922 897 898
923 924 924 925 925 926 926 927 927 928 929 930 930 904 931 931 932 933 933 934 935 935 936 908 937 938 939 939 940 911 941 942 942 913 914 943 915 944 945 917 918 946 946 947 948 948 921 922 949 949
950 950 951 952 953 953 954 955 956 928 957 957 958 958 959 959 960 961 962 934 963 963 936 964 937 965 965 966 967 967 941 968 969 969 970 970 971 944 972 972 973 974 975 947 976 976 977 978 979 979
980 980 951 981 982 983 954 955 956 984 985 986 987 988 989 990 960 961 991 992 992 993 994 994 995 996 996 966 997 997 998 968 999 999 1000 1001 1001 1002 1003 1003 973 1004 975 1005 1005 1006 977 978 1007 1007
1008 1009 1009 981 982 983 1010 1010 1011 984 1012 986 987 988 989 1013 1013 1014 991 1015 1016 1016 1017 1018 995 1019 1020 1020 1021 1022 1022 1023 1024 1025 1025 1026 1026 1002 1027 1028 1029 1004 1030 1031 1032 1032 1033 1034 1034 1035
1036 1036 1037 1037 1038 1039 1040 1040 1041 1041 1012 1042 1042 1043 1043 1044 1045 1046 1046 1015 1047 1047 1017 1048 1048 1019 1049 1050 1021 1051 1052 1053 1024 1054 1055 1055 1056 1056 1027 1028 1029 1057 1057 1031 1058 1058 1033 1059 1060 1060
1061 1062 1062 1063 1038 1064 1064 1065 1065 1066 1067 1068 1069 1070 1070 1044 1045 1071 1072 1072 1073 1074 1075 1076 1076 1077 1049 1050 1078 1078 1052 1053 1079 1079 1080 1081 1082 1082 1083 1084 1085 1086 1086 1087 1087 1088 1089 1089 1090 1090
1061 1091 1092 1063 1093 1093 1094 1095 1096 1066 1067 1068 1069 1097 1098 1098 1099 1100 1101 1101 1102 1074 1075 1103 1103 1077 1104 1105 1106 1107 1107 1108 1108 1109 1080 1081 1110 1110 1083 1084 1111 1111 1112 1112 1113 1113 1114 1114 1115 1116
1117 1091 1118 1118 1119 1120 1094 1095 1096 1121 1122 1122 1123 1124 1125 1125 1099 1100 1126 1126 1102 1127 1128 1129 1130 1131 1104 1105 1132 1132 1133 1133 1134 1109 1135 1136 1136 1137 1138 1139 1139 1140 1140 1141 1141 1142 1143 1144 1115 1116
1145 1145 1146 1147 1147 1120 1148 1149 1150 1150 1151 1152 1123 1124 1153 1154 1154 1155 1155 1156 1156 1127 1128 1157 1130 1131 1158 1159 1159 1160 1161 1161 1162 1163 1164 1164 1165 1165 1138 1166 1166 1167 1167 1168 1169 1169 1143 1144 1170 1170
1171 1171 1146 1172 1173 1174 1148 1149 1175 1175 1151 1152 1176 1176 1153 1177 1178 1179 1179 1180 1181 1181 1182 1157 1183 1183 1158 1184 1185 1185 1186 1187 1162 1163 1188 1189 1190 1191 1192 1192 1193 1194 1195 1196 1197 1198 1199 1199 1200 1200
1201 1201 1202 1203 1173 1174 1204 1205 1205 1206 1206 1207 1208 1209 1210 1177 1178 1211 1212 1180 1213 1213 1214 1214 1215 1216 1217 1184 1218 1219 1220 1187 1221 1221 1222 1189 1190 1223 1223 1224 1225 1194 1195 1196 1197 1226 1227 1227 1228 1229
1230 1231 1202 1203 1232 1232 1204 1233 1234 1234 1235 1207 1208 1209 1236 1237 1238 1211 1212 1239 1239 1240 1241 1242 1215 1216 1243 1243 1218 1219 1220 1244 1245 1246 1222 1247 1247 1248 1248 1224 1225 1249 1250 1251 1252 1226 1253 1253 1228 1229
1230 1231 1254 1255 1256 1257 1258 1233 1259 1260 1261 1262 1262 1263 1236 1237 1238 1264 1265 1266 1267 1267 1241 1242 1268 1268 1269 1270 1271 1271 1272 1244 1245 1246 1273 1274 1274 1275 1276 1276 1277 1249 1250 1251 1278 1278 1279 1279 1280 1280
1281 1282 1254 1255 1256 1257 1258 1283 1259 1284 1261 1285 1285 1263 1286 1287 1288 1264 1265 1289 1289 1290 1290 1291 1292 1293 1293 1270 1294 1294 1295 1295 1296 1296 1297 1297 1298 1275 1299 1299 1277 1300 1301 1302 1303 1303 1304 1304 1305 1305
1306 1282 1307 1308 1308 1309 1309 1310 1311 1284 1312 1312 1313 1314 1315 1287 1316 1316 1317 1318 1319 1319 1320 1291 1292 1321 1321 1322 1323 1323 1324 1324 1325 1326 1326 1327 1328 1329 1330 1330 1331 1300 1301 1302 1332 1332 1333 1333 1334 1334
1306 1335 1307 1336 1336 1337 1337 1310 1311 1338 1338 1339 1313 1314 1315 1340 1341 1341 1317 1318 1342 1343 1343 1344 1344 1345 1346 1346 1347 1347 1348 1348 1325 1349 1349 1327 1328 1329 1350 1350 1351 1351 1352 1352 1353 1353 1354 1354 1355 1355
86 70 44 23 3 16 94 97 6 14 49 10 31 70 84 43 10 24 50 55 22 47 70 66 18 26 25 80 94 97 75 62 71 70 57 52 43 3 90 6 64 75 30 56 6 57 2 14 61 38
41 45 63 33 49 85 74 9 41 28 17 77 54 73 44 0 9 41 79 97 51 23 23 50 83 63 96 53 7 54 81 56 56 93 65 25 81 51 33 54 55 45 58 84 92 61 67 51 49 33
46 70 13 3 51 55 93 19 0 72 87 2 3 24 54 91 84 54 31 5 66 5 28 57 87 37 79 47 50 32 55 0 48 62 10 41 20 64 31 3 78 15 58 34 81 44 41 33 47 65
98 71 8 12 12 73 86 20 42 30 46 97 98 65 78 64 34 66 96 69 38 24 53 4 17 45 45 92 55 41 41 41 37 21 41 38 4 29 95 38 71 41 68 45 73 70 27 72 65 40
82 93 28 85 33 70 99 79 48 87 75 30 40 36 81 10 94 97 49 80 94 42 95 4 49 8 10 57 73 58 65 24 45 15 12 38 28 97 0 80 65 50 14 19 52 66 61 80 3 40
90 90 36 15 73 55 43 40 55 70 83 83 35 31 49 13 67 65 2 73 62 85 14 96 81 84 44 66 78 10 69 85 77 57 16 96 60 95 83 61 74 36 70 84 84 84 8 12 16 25
80 73 81 98 73 20 13 83 11 63 4 47 75 10 88 49 36 94 74 97 74 61 37 30 89 90 13 4 8 5 66 19 67 4 40 33 94 98 93 97 46 56 92 25 61 57 17 79 93 79
96 16 80 86 94 92 79 12 57 95 30 92 23 70 41 70 78 37 25 45 19 1 34 72 46 57 15 78 67 95 5 3 14 58 27 6 40 92 15 66 42 5 87 61 18 98 7 98 70 2
72 90 22 73 28 37 34 6 21 57 57 6 64 33 70 72 37 88 46 88 15 14 68 96 13 48 87 86 48 48 93 65 55 63 12 73 1 56 47 23 92 5 94 65 73 56 20 57 57 24
38 65 57 81 19 37 75 70 5 94 29 88 55 6 94 95 79 27 14 53 40 16 24 59 47 44 59 80 96 17 0 99 19 41 97 36 82 93 64 92 11 65 67 98 5 90 48 49 50 23
19 24 25 67 17 2 9 64 80 94 63 36 1 30 39 90 1 77 85 22 9 1 89 80 28 88 71 48 2 15 0 24 83 18 95 61 34 20 13 46 90 10 44 59 94 52 98 82 47 81
57 66 47 13 83 41 1 38 61 72 79 46 65 53 41 27 16 32 64 11 62 14 64 94 47 84 1 94 25 91 51 63 84 23 39 81 37 37 43 69 67 87 59 15 62 86 45 2 70 64
60 45 96 25 0 43 97 17 85 64 81 67 36 43 57 80 48 81 40 69 49 5 24 53 16 4 17 67 36 26 10 0 44 63 64 65 72 45 61 85 80 4 59 77 43 31 75 79 51 93
35 96 41 27 36 1 81 7 62 35 82 44 91 24 24 95 96 24 67 31 75 59 63 75 86 6 78 36 42 88 13 43 92 76 16 0 60 30 90 13 17 26 66 3 67 90 72 46 70 24
62 88 26 63 36 13 61 2 95 0 95 80 66 31 64 87 48 58 87 40 92 65 2 48 58 55 73 65 85 12 43 53 60 25 98 46 5 74 51 76 87 59 95 83 46 93 3 38 38 27
2 11 92 68 96 7 71 33 67 18 33 69 67 66 36 14 31 58 79 84 23 5 28 67 96 74 37 5 77 91 57 90 82 62 1 33 15 3 82 24 3 54 61 76 4 40 67 18 58 68
14 48 43 0 60 87 63 93 17 97 81 7 26 34 73 55 6 24 14 23 30 42 40 26 30 89 53 68 59 13 1 65 71 55 28 5 67 11 15 3 49 78 87 90 11 33 20 25 76 26
40 12 25 91 78 40 5 36 50 15 23 45 21 68 56 77 67 97 22 24 60 76 7 63 29 16 40 11 96 23 75 3 56 27 25 31 97 78 21 55 32 77 25 52 11 46 76 35 55 30
50 9 73 76 97 64 75 62 23 41 97 36 71 26 73 56 17 6 0 72 88 55 22 32 38 41 65 73 28 23 53 86 15 36 1 39 24 11 97 94 88 67 46 84 20 46 48 8 48 97
40 72 56 79 15 35 52 95 99 27 3 71 75 25 17 38 22 13 19 14 18 62 59 76 26 21 25 37 4 77 40 25 64 4 59 20 11 53 73 93 20 52 6 65 23 78 3 35 62 71
69 52 99 17 61 83 74 59 74 37 10 30 6 81 63 36 24 64 64 43 42 71 41 46 89 71 84 35 98 49 53 5 57 45 78 3 67 28 9 27 13 52 1 21 31 28 71 84 88 54
14 91 28 6 48 66 51 22 99 78 1 15 21 27 10 33 94 85 1 22 7 37 65 84 83 54 62 98 79 99 44 10 84 45 19 50 85 82 27 33 16 13 29 60 36 45 71 71 19 62
10 61 31 55 5 50 25 37 6 46 51 52 4 14 85 28 99 58 81 68 94 69 72 55 98 91 34 9 19 97 60 0 97 66 20 23 44 23 76 82 56 12 76 88 6 4 19 75 55 36
4 99 52 44 10 36 68 23 43 17 97 46 22 20 2 31 10 59 40 70 36 82 64 48 33 58 16 31 62 84 12 55 25 10 53 8 85 46 12 9 87 96 11 95 52 42 7 47 86 99
83 47 58 33 88 38 26 40 31 82 39 23 27 66 13 77 50 39 62 22 86 59 68 83 79 47 43 86 36 11 68 16 8 32 94 18 36 72 78 48 70 33 80 57 62 61 46 21 75 34
64 39 13 99 94 52 85 35 48 23 50 10 46 33 81 19 39 93 46 38 53 70 55 94 7 21 69 3 58 23 49 79 10 8 30 11 15 89 5 46 25 39 26 10 58 89 17 90 96 49
16 76 74 96 71 20 70 61 20 86 87 37 32 70 42 45 10 29 96 29 60 22 45 57 31 70 97 80 8 49 71 64 7 96 98 90 3 89 7 60 2 4 7 4 3 39 59 47 84 92
51 4 26 77 2 92 21 55 88 64 5 14 85 73 93 28 10 47 5 70 9 99 44 55 47 23 89 44 74 77 29 65 59 24 74 67 19 93 87 68 17 24 17 59 52 40 71 41 65 60
13 69 63 67 18 60 34 27 9 74 21 2 30 68 76 66 21 3 52 37 69 41 77 82 25 2 76 50 48 66 18 68 0 88 63 58 14 2 73 35 27 3 60 44 94 32 23 60 16 78
90 64 37 51 59 48 34 80 81 86 59 49 47 13 26 41 48 40 55 13 81 51 90 88 60 95 72 61 68 93 37 24 47 13 18 62 89 20 60 41 87 89 44 23 25 70 82 54 32 85
56 32 48 97 55 33 83 11 44 81 75 0 95 5 32 6 4 20 62 64 82 44 44 47 91 55 2 55 36 86 75 36 73 45 81 43 66 72 53 20 8 13 26 41 76 55 11 1 72 13
88 13 52 67 97 38 31 78 34 41 10 67 4 38 42 22 56 9 93 14 85 76 13 36 73 27 30 77 83 72 20 63 27 54 46 94 49 69 33 26 72 22 70 32 79 25 37 18 40 14
53 27 63 90 98 74 42 16 21 9 78 68 47 31 44 50 18 48 76 3 24 92 45 98 17 42 64 10 22 14 58 52 35 49 38 29 62 33 90 41 57 87 39 77 59 18 88 15 84 3
22 23 88 4 91 74 28 58 0 44 88 55 21 6 92 85 60 66 32 23 65 18 77 44 52 16 42 7 35 73 6 45 30 1 36 81 59 8 55 76 77 84 17 4 8 85 72 48 89 15
74 99 51 51 22 61 60 8 53 29 75 83 49 65 42 17 29 49 69 7 64 67 77 77 13 31 42 82 23 85 41 11 68 39 35 65 31 98 8 51 6 73 1 1 59 35 39 85 90 20
58 63 5 78 43 22 11 42 80 87 18 69 80 10 97 66 82 82 5 53 34 24 10 59 56 2 1 17 47 6 91 31 36 16 34 31 19 64 84 69 59 2 67 50 42 19 99 45 80 77
83 77 9 2 2 65 5 72 1 92 7 28 38 39 60 20 12 85 73 26 10 37 93 62 12 30 51 54 82 50 78 42 19 67 60 29 65 5 10 32 99 89 50 57 57 66 39 85 82 62
20 30 89 82 75 6 0 59 20 92 89 25 34 19 30 72 82 88 90 24 46 47 52 56 73 49 65 11 21 7 76 85 88 40 51 80 19 94 15 37 45 33 81 33 96 64 85 14 17 91
4 21 76 2 92 88 39 70 95 98 49 80 57 79 2 17 73 36 68 47 57 37 50 95 61 42 48 62 97 79 77 12 4 2 39 16 56 88 19 86 61 96 36 53 91 50 9 16 33 98
92 35 71 67 76 12 42 98 75 86 87 99 63 36 15 68 76 52 87 1 3 31 37 27 66 25 3 90 87 76 23 45 58 83 10 1 1 93 33 14 91 34 59 98 35 39 75 25 71 26
37 99 54 1 58 65 23 55 11 79 32 9 57 51 40 25 83 33 21 93 34 43 25 82 48 59 69 83 15 88 39 15 3 95 90 62 7 60 1 88 44 40 26 9 16 1 16 9 64 12
62 49 41 79 18 31 37 91 19 89 63 10 3 80 63 9 6 56 87 24 97 44 70 48 83 38 95 59 30 90 10 41 32 63 24 9 53 20 5 0 94 68 70 81 8 36 2 67 85 16
54 36 44 66 73 48 57 0 41 90 36 82 13 54 46 72 97 97 84 85 51 68 10 78 53 88 52 50 20 82 47 16 83 3 93 4 96 33 24 57 75 78 19 50 56 42 11 38 8 65
81 45 53 27 83 85 67 24 84 16 55 9 97 0 81 59 34 93 20 76 11 5 21 51 51 86 56 68 71 37 37 83 1 20 48 13 92 18 53 64 97 20 85 34 12 90 76 16 38 0
8 93 67 20 5 25 58 81 12 80 13 76 85 47 97 63 69 69 47 82 79 67 61 72 87 14 5 17 34 73 81 59 52 64 20 2 8 65 82 94 84 22 80 53 87 79 62 85 60 95
89 4 99 8 18 42 91 57 34 0 15 6 6 19 47 3 99 34 24 52 57 1 12 24 33 79 94 46 13 23 36 32 54 99 68 93 89 68 25 34 33 37 29 87 59 29 59 79 64 20
40 44 42 50 12 65 37 0 19 17 35 72 10 76 21 63 24 6 18 92 82 47 96 54 46 23 36 52 3 25 57 34 67 88 3 63 71 37 61 9 74 16 75 85 19 91 83 72 98 52
52 97 26 32 48 27 49 45 10 1 75 14 48 66 97 45 6 62 40 3 87 88 12 71 22 98 68 39 5 26 56 88 13 3 23 99 74 1 84 9 94 31 38 26 84 69 46 86 0 86
11 52 5 12 13 32 98 79 90 24 55 95 17 43 7 62 62 25 35 88 71 61 81 31 44 66 21 59 39 62 32 2 61 8 99 34 64 7 36 7 11 3 29 99 5 70 22 39 52 5
8 2 31 23 88 98 1 30 13 36 73 88 88 17 20 42 95 43 50 6 45 32 50 62 46 65 47 68 38 80 39 61 86 38 63 5 71 30 14 8 26 75 82 79 18 43 60 76 86 65
