39 24
0 0 1 1 2 2 3 4 5 5 6 6 7 8 8 9 10 11 12 13 13 14 15 15 16 17 17 18 18 19 20 21 21 22 22 23 24 24 25 25 26 26 27 28 29 29 30 30 31 32
33 33 34 34 35 36 3 4 37 37 38 39 39 40 40 9 10 11 41 41 42 14 43 43 16 44 45 45 46 19 20 47 48 49 50 51 51 52 52 53 53 54 54 28 55 55 56 57 31 32
58 58 59 59 35 60 61 62 63 63 38 64 64 65 66 66 67 67 68 68 42 69 70 70 71 44 72 72 46 73 74 47 75 49 50 76 77 78 78 79 80 81 82 82 83 84 56 57 85 86
87 87 88 89 89 60 61 62 90 91 92 93 94 94 95 96 96 97 97 98 98 69 99 100 100 101 102 102 103 73 104 104 75 105 105 76 77 106 106 79 80 107 107 108 83 109 110 111 112 86
113 113 88 114 115 116 116 117 90 118 92 93 119 120 95 121 121 122 122 123 123 124 124 125 126 127 128 128 103 129 129 130 130 131 131 132 132 133 133 134 135 135 136 108 137 109 110 111 112 138
139 140 140 114 115 141 141 117 142 118 143 143 119 120 144 145 145 146 146 147 148 148 149 149 126 127 150 151 151 152 152 153 154 154 155 156 157 158 159 134 160 161 136 162 137 163 163 164 165 138
139 166 166 167 167 168 169 169 170 170 171 172 173 173 144 174 174 175 176 147 177 178 179 179 180 181 181 182 182 183 183 153 184 184 155 156 157 158 159 185 160 161 186 162 187 188 188 164 165 189
190 191 192 193 193 194 194 195 196 197 197 172 198 199 199 200 200 175 201 201 177 178 202 202 180 203 204 204 205 205 206 207 207 208 208 209 209 210 211 185 212 212 213 213 214 215 215 216 216 189
217 191 192 218 219 219 220 195 196 221 221 222 198 223 223 224 224 225 225 226 226 227 228 229 230 203 231 231 232 232 233 234 235 235 236 236 237 210 211 238 239 239 240 240 214 241 242 243 243 244
217 245 246 218 247 247 220 248 249 249 250 222 251 251 252 253 253 254 255 255 256 256 228 229 230 257 258 259 260 261 233 262 263 263 264 264 237 265 265 238 266 266 267 268 268 241 242 269 269 244
270 245 246 271 271 272 273 248 274 275 250 276 277 277 278 279 279 254 280 281 281 282 283 283 284 284 258 259 260 261 285 262 286 287 288 289 290 290 291 291 292 293 267 294 295 295 296 296 297 297
298 298 299 300 301 272 302 302 274 275 303 303 304 304 278 305 305 306 306 307 307 308 309 310 310 311 312 313 314 314 315 315 286 287 288 289 316 317 318 318 292 319 319 320 320 321 321 322 323 323
324 325 299 326 301 327 327 328 328 329 330 330 331 331 332 333 334 335 335 336 337 308 338 338 339 311 312 340 341 342 342 343 344 345 345 346 316 317 347 347 348 348 349 349 350 351 351 322 352 353
324 354 354 326 355 356 357 357 358 358 359 360 361 361 332 333 334 362 362 336 337 363 363 364 365 366 366 340 341 367 368 368 344 369 369 346 370 371 372 372 373 374 375 376 377 377 378 378 352 353
379 379 380 380 355 356 381 382 383 384 384 360 385 385 386 387 388 388 389 390 391 392 393 364 365 394 394 395 396 396 397 397 398 398 399 399 400 371 401 401 402 374 375 403 404 405 405 406 406 407
408 408 409 410 410 411 411 382 383 412 412 413 414 414 386 387 415 415 389 416 391 392 417 417 418 419 419 395 420 421 422 423 424 424 425 425 400 426 427 427 402 428 429 403 404 430 431 432 433 434
435 436 409 437 438 438 439 439 440 441 441 413 442 443 444 445 445 446 447 416 448 449 449 450 418 451 452 452 420 421 422 423 453 453 454 454 455 426 456 456 457 428 429 458 459 430 460 432 433 434
461 436 462 463 463 464 464 465 466 466 467 467 442 443 444 468 468 446 447 469 470 470 471 450 472 472 473 473 474 474 475 475 476 477 477 478 455 479 479 480 481 482 482 483 459 484 460 485 485 486
461 487 487 488 489 489 490 465 491 491 492 493 494 495 496 497 498 499 499 500 500 501 471 502 503 504 505 506 506 507 508 508 476 509 509 478 510 511 512 480 481 513 513 483 514 484 515 516 516 486
517 518 519 519 520 521 522 523 524 525 492 493 494 495 496 497 498 526 526 527 528 501 529 502 503 504 505 530 530 531 532 533 533 534 535 535 536 511 512 537 538 539 539 540 541 542 515 543 544 544
545 518 546 547 520 521 522 523 524 525 548 549 549 550 550 551 551 552 552 527 528 553 554 555 556 556 557 557 558 531 532 559 559 534 560 561 536 562 563 564 538 565 566 540 541 542 567 543 568 568
545 569 569 547 570 570 571 571 572 573 548 574 574 575 575 576 577 578 578 579 579 580 554 555 581 582 582 583 584 585 585 586 587 587 560 561 588 562 563 564 589 565 566 590 591 591 592 592 593 594
595 596 596 597 598 598 599 599 572 573 600 601 602 602 603 576 577 604 605 605 606 580 607 607 581 608 609 583 584 610 611 586 612 612 613 614 588 615 615 616 616 617 618 618 619 620 620 621 593 594
595 622 623 597 624 624 625 626 626 627 600 601 628 628 629 629 630 631 631 632 606 633 633 634 635 608 609 636 637 610 611 638 639 640 613 614 641 641 642 643 643 644 644 645 646 646 647 621 648 648
649 622 623 650 650 651 625 652 653 627 654 654 655 655 656 657 657 658 659 659 660 661 662 634 663 663 664 636 665 666 666 638 639 640 667 667 668 668 642 669 670 671 671 672 673 674 675 676 676 677
649 678 678 679 679 680 681 682 653 683 683 684 685 686 687 687 688 688 689 689 660 661 662 690 691 692 664 693 665 694 695 695 696 696 697 698 699 700 700 701 670 702 702 672 673 674 675 703 703 704
705 705 706 706 707 680 681 682 708 708 709 710 685 686 711 711 712 713 713 714 715 716 717 690 691 692 718 693 719 694 720 721 721 722 697 698 699 723 723 701 724 724 725 725 726 727 727 728 728 704
729 730 731 732 733 734 735 735 736 736 709 710 737 737 738 739 739 740 741 742 715 716 743 743 744 744 745 745 746 747 748 749 750 722 751 752 752 753 754 755 755 756 757 757 758 758 759 759 760 760
761 730 731 732 733 734 762 762 763 763 764 764 765 766 767 767 768 768 741 742 769 770 770 771 771 772 772 773 746 747 748 749 774 775 751 776 776 753 754 777 777 756 778 779 780 781 782 783 783 784
761 785 785 786 787 787 788 789 790 790 791 791 765 766 792 792 793 794 794 795 796 797 798 799 800 801 801 773 802 802 803 803 774 775 804 804 805 806 806 807 807 808 778 809 780 781 782 810 811 784
812 812 813 786 814 814 788 815 816 817 817 818 819 820 820 821 822 823 823 795 796 797 798 824 800 825 826 826 827 827 828 829 829 830 830 831 805 832 833 834 834 835 835 809 836 836 837 810 811 838
839 840 813 841 842 843 843 815 816 844 844 818 819 845 845 821 822 846 847 848 849 849 850 824 851 852 852 853 853 854 828 855 855 856 856 857 857 832 858 859 860 860 861 862 862 863 837 864 864 838
839 865 866 841 842 867 868 869 870 870 871 872 873 874 874 875 876 877 847 878 878 879 850 880 851 881 882 882 883 854 884 884 885 886 886 887 888 888 858 889 889 890 891 891 892 863 893 893 894 895
896 865 866 897 898 899 868 869 900 900 871 872 873 901 901 875 876 877 902 903 904 879 905 906 907 881 908 908 909 909 910 910 885 911 911 912 912 913 913 914 915 916 917 917 892 918 919 919 920 895
896 921 922 922 898 899 923 923 924 925 926 927 927 928 929 930 931 931 902 903 932 932 905 906 907 933 934 934 935 935 936 937 938 938 939 939 940 940 941 942 915 916 943 944 945 918 946 946 920 947
948 949 950 951 951 952 953 953 924 925 926 954 954 928 929 930 955 955 956 956 957 957 958 958 959 960 960 961 961 962 962 937 963 964 965 966 966 967 967 942 968 969 943 944 945 970 971 971 972 972
948 949 950 973 973 952 974 974 975 976 977 977 978 978 979 979 980 981 981 982 983 984 985 985 959 986 987 988 989 989 990 991 991 964 965 992 993 994 994 995 968 969 996 997 998 970 999 1000 1001 1002
1003 1003 1004 1005 1005 1006 1007 1008 975 976 1009 1009 1010 1010 1011 1011 980 1012 1013 1014 983 984 1015 1015 1016 1017 987 1018 1018 1019 1020 1021 1022 1023 1023 992 993 1024 1024 995 1025 1025 996 997 1026 1027 999 1000 1001 1002
1028 1028 1004 1029 1030 1006 1007 1031 1031 1032 1033 1033 1034 1035 1036 1037 1037 1012 1013 1014 1038 1038 1039 1040 1016 1017 1041 1041 1042 1019 1020 1043 1022 1044 1045 1046 1046 1047 1048 1048 1049 1050 1051 1051 1026 1027 1052 1052 1053 1053
1054 1054 1055 1029 1030 1056 1056 1057 1057 1058 1058 1059 1034 1060 1036 1061 1061 1062 1063 1063 1064 1065 1065 1040 1066 1067 1068 1069 1042 1070 1071 1043 1072 1044 1073 1074 1074 1047 1075 1075 1049 1050 1076 1077 1078 1078 1079 1080 1081 1081
1082 1082 1055 1083 1083 1084 1085 1085 1086 1087 1088 1089 1090 1060 1091 1092 1092 1062 1093 1093 1064 1094 1094 1095 1066 1096 1068 1097 1097 1070 1071 1098 1099 1099 1073 1100 1100 1101 1102 1102 1103 1103 1076 1077 1104 1104 1079 1080 1105 1105
1106 1106 1107 1108 1109 1110 1110 1111 1111 1087 1088 1089 1112 1112 1091 1113 1113 1114 1114 1115 1115 1116 1116 1095 1117 1096 1118 1119 1119 1120 1120 1098 1121 1122 1123 1124 1124 1101 1125 1126 1127 1128 1128 1129 1129 1130 1131 1131 1132 1132
1133 1133 1107 1108 1109 1134 1135 1135 1136 1137 1137 1138 1138 1139 1139 1140 1140 1141 1141 1142 1143 1144 1145 1145 1117 1146 1118 1147 1147 1148 1148 1149 1121 1122 1123 1150 1151 1151 1125 1126 1152 1152 1153 1154 1154 1130 1155 1155 1156 1156
1157 1157 1158 1159 1160 1160 1161 1162 1163 1164 1165 1165 1166 1166 1167 1168 1168 1169 1170 1142 1143 1144 1171 1171 1172 1172 1173 1173 1174 1175 1176 1176 1177 1178 1179 1150 1180 1180 1181 1181 1182 1182 1183 1184 1185 1185 1186 1187 1188 1188
1189 1189 1190 1159 1191 1192 1193 1162 1163 1194 1194 1195 1195 1196 1197 1197 1198 1169 1170 1199 1200 1200 1201 1201 1202 1202 1203 1204 1174 1175 1205 1206 1206 1178 1207 1207 1208 1208 1209 1209 1210 1211 1183 1184 1212 1213 1186 1187 1214 1214
1215 1216 1190 1217 1191 1192 1193 1218 1218 1219 1220 1221 1222 1196 1223 1224 1224 1225 1226 1226 1227 1228 1229 1230 1231 1231 1203 1204 1232 1232 1205 1233 1234 1234 1235 1236 1237 1237 1238 1238 1210 1211 1239 1240 1241 1213 1242 1242 1243 1243
1215 1244 1244 1217 1245 1245 1246 1246 1247 1219 1220 1221 1248 1249 1223 1250 1251 1252 1252 1253 1227 1228 1229 1230 1254 1254 1255 1256 1256 1257 1257 1233 1258 1258 1235 1259 1260 1260 1261 1261 1262 1262 1239 1240 1241 1263 1263 1264 1265 1266
1267 1268 1269 1270 1270 1271 1272 1272 1247 1273 1274 1274 1248 1275 1275 1250 1251 1276 1277 1277 1278 1279 1280 1280 1281 1282 1255 1283 1283 1284 1284 1285 1286 1287 1287 1259 1288 1289 1290 1290 1291 1291 1292 1292 1293 1294 1294 1264 1265 1266
1267 1268 1269 1295 1295 1296 1296 1297 1297 1273 1298 1299 1300 1301 1301 1302 1303 1276 1304 1305 1306 1279 1307 1307 1281 1282 1308 1309 1309 1310 1311 1285 1286 1312 1313 1314 1288 1315 1315 1316 1317 1317 1318 1319 1293 1320 1320 1321 1322 1322
1323 1324 1324 1325 1326 1326 1327 1327 1328 1328 1298 1299 1300 1329 1329 1302 1303 1330 1304 1305 1306 1331 1331 1332 1332 1333 1333 1334 1334 1310 1311 1335 1336 1336 1313 1314 1337 1337 1338 1338 1339 1339 1318 1319 1340 1340 1341 1341 1342 1342
29 57 44 49 62 4 54 26 1 12 65 57 9 24 15 96 97 74 68 52 90 11 53 10 18 92 39 55 62 69 89 60 22 75 40 65 55 13 42 67 19 6 10 82 32 23 56 42 88 27
58 81 55 23 50 88 40 90 77 72 86 88 77 82 0 49 54 90 20 58 65 0 52 84 61 99 61 51 9 77 67 88 23 32 39 47 99 77 12 26 34 50 83 42 29 84 24 43 0 98
37 19 50 98 27 78 78 52 21 57 46 22 43 89 96 34 44 68 35 31 21 73 23 28 74 79 83 45 80 56 99 88 38 55 36 79 69 27 59 51 86 75 8 52 89 89 18 87 35 79
59 32 73 64 88 24 41 67 43 31 95 79 78 78 87 19 87 15 71 28 25 53 87 40 71 12 53 88 49 94 66 74 24 77 9 98 51 48 95 26 48 54 50 18 62 63 30 10 0 62
2 15 67 18 71 79 18 84 94 18 40 56 43 37 65 69 70 48 56 89 14 56 87 7 77 53 89 49 72 8 97 24 92 16 15 13 18 8 51 50 67 56 61 5 5 70 52 48 2 30
40 13 67 59 97 11 83 19 23 7 37 64 72 83 41 60 91 93 91 49 38 63 68 78 33 52 21 63 14 46 4 69 71 28 28 22 79 82 64 84 43 84 42 1 44 71 55 80 65 44
31 70 93 41 51 0 35 4 30 63 12 3 86 6 18 2 4 87 72 91 41 90 76 49 24 14 51 85 50 89 27 79 58 79 97 87 83 79 45 24 42 66 37 1 85 19 44 65 13 32
18 77 70 61 54 98 25 62 13 81 27 17 19 53 40 60 55 36 34 28 22 58 15 54 2 31 9 8 82 53 13 18 41 29 46 89 8 11 55 70 42 54 87 89 83 51 76 47 36 76
15 69 39 90 93 70 40 49 49 11 0 26 17 8 67 85 92 38 64 24 88 18 6 32 62 51 58 30 16 25 30 49 21 17 9 60 94 16 95 95 50 26 5 82 83 43 25 45 83 16
87 69 89 20 61 82 21 35 84 91 11 37 58 91 3 68 98 81 40 28 68 8 68 47 58 47 41 14 57 27 51 89 27 65 11 4 63 72 24 46 33 98 82 56 87 96 22 24 46 57
87 38 33 35 0 79 38 91 47 60 99 21 80 87 86 76 21 9 19 71 97 66 30 59 9 34 73 31 16 87 77 0 14 55 86 59 1 94 44 94 71 3 12 87 92 96 41 90 89 28
21 56 24 7 26 23 29 76 99 41 22 0 44 27 29 25 11 13 40 11 83 88 19 93 19 24 25 29 7 31 31 89 65 45 12 80 14 70 45 23 70 90 15 96 12 62 34 45 27 28
93 35 17 18 82 38 34 99 59 75 0 39 84 88 60 48 74 57 8 73 49 69 67 4 71 88 79 20 95 95 91 12 72 98 4 56 63 21 70 47 82 83 68 94 16 27 43 21 46 79
59 85 94 12 4 40 69 45 57 15 89 43 29 4 44 22 66 97 6 89 93 42 79 88 43 75 73 5 2 81 45 1 9 85 26 6 29 95 61 34 73 18 40 35 77 92 48 32 19 28
90 66 50 53 38 17 72 31 3 36 46 34 52 97 1 83 11 99 95 59 64 48 73 47 44 29 99 31 3 18 26 84 74 57 49 33 39 62 15 89 65 28 79 55 53 43 76 63 78 39
71 72 2 2 75 48 8 47 53 10 53 21 36 1 22 32 83 99 53 59 25 46 42 28 35 41 15 13 74 8 31 19 8 80 67 16 76 63 75 85 48 89 40 88 55 5 63 22 57 75
37 12 28 78 12 42 94 70 4 4 35 86 73 82 60 26 72 59 41 17 8 32 41 79 36 70 68 51 2 96 10 19 61 78 37 74 74 90 37 42 77 55 25 3 8 9 83 49 67 95
97 43 74 52 49 3 41 18 64 70 23 47 55 74 59 46 93 47 43 62 84 31 97 32 79 22 6 62 78 49 61 94 56 97 34 49 27 22 11 67 13 5 22 96 12 43 66 47 87 31
67 63 76 45 57 44 44 73 67 6 40 42 40 45 89 87 83 61 1 34 12 52 82 62 78 63 58 5 66 52 81 70 77 88 50 93 43 14 76 18 17 16 18 50 77 11 73 89 77 83
97 5 60 24 36 29 93 25 70 65 42 37 68 19 47 27 30 9 26 48 85 41 71 71 56 12 71 60 59 88 43 84 40 2 15 14 3 47 97 46 45 18 22 24 69 58 17 41 7 87
71 25 38 71 69 97 38 79 27 45 90 51 96 47 65 46 67 76 73 66 79 7 58 59 39 31 93 3 98 66 65 54 32 20 81 19 84 86 99 35 56 71 23 68 54 80 62 35 27 95
58 81 17 3 71 84 62 30 23 18 89 13 20 84 30 51 63 71 41 29 94 8 27 70 46 79 77 65 5 87 16 44 52 85 77 59 86 99 96 35 18 34 0 98 57 94 32 19 24 75
58 84 4 33 18 35 63 57 0 54 94 69 64 8 11 51 70 57 76 29 49 18 90 96 56 34 63 2 27 75 20 2 2 35 80 81 11 73 43 84 54 54 25 49 17 72 75 42 84 56
85 33 42 77 51 60 9 35 2 78 50 5 96 26 73 50 66 81 66 76 11 6 59 91 33 47 92 50 53 27 83 57 13 24 78 95 56 64 5 24 53 6 18 27 28 77 23 70 16 57
46 12 35 39 79 36 31 94 57 89 9 94 15 7 23 80 73 35 34 66 15 11 57 30 49 5 89 98 43 95 46 4 66 34 97 5 81 80 41 44 75 36 53 80 1 47 21 56 66 7
51 3 48 7 49 87 35 54 69 87 77 47 89 44 7 41 28 42 38 93 66 44 62 90 61 63 8 64 63 7 96 39 78 8 91 66 10 53 37 87 0 83 24 54 52 87 52 68 2 92
55 79 38 33 85 65 16 67 45 28 33 27 40 78 35 55 67 87 82 43 22 9 51 54 16 97 75 2 83 78 98 19 32 26 62 91 60 38 76 62 80 6 46 29 93 13 58 73 14 86
94 87 84 40 63 77 92 4 4 28 31 11 44 81 67 64 4 16 10 62 22 27 2 75 98 70 61 68 92 60 29 25 20 45 54 71 96 56 7 41 74 77 82 65 2 18 24 71 31 17
18 1 16 41 12 57 92 61 56 36 89 89 21 76 85 82 97 25 7 20 12 69 74 90 9 10 26 97 23 92 67 22 43 84 51 75 79 80 31 17 87 45 18 60 37 12 37 91 13 22
32 98 2 84 95 83 30 76 14 73 92 89 40 15 97 95 83 58 0 14 13 38 64 44 56 48 41 5 3 20 97 34 72 3 61 7 26 72 96 3 90 74 20 28 80 17 84 71 78 36
36 0 16 25 31 54 43 44 76 93 79 91 62 90 1 81 47 33 3 63 36 36 55 89 68 81 60 39 91 63 14 86 4 49 76 18 42 18 8 44 89 50 87 0 98 22 86 79 34 93
67 94 43 40 91 31 1 77 72 24 7 7 83 87 12 44 48 64 75 28 77 54 51 52 31 23 93 58 78 80 66 65 44 90 57 36 46 88 21 20 12 98 56 11 57 68 40 49 45 48
90 60 14 88 97 29 74 79 59 93 72 54 17 7 3 11 25 97 87 99 27 7 73 16 93 99 24 3 32 11 55 16 99 43 3 4 31 18 33 73 36 7 51 15 79 37 88 39 32 99
44 6 18 20 66 40 65 53 74 21 37 32 19 59 56 50 95 5 21 33 95 67 31 51 78 42 75 40 97 23 84 84 51 51 54 81 93 89 57 31 78 15 70 6 10 86 5 63 85 54
92 43 43 73 14 9 72 98 99 47 63 23 69 7 6 47 65 13 13 64 72 27 42 98 75 86 18 54 33 53 14 72 50 0 83 70 82 92 1 14 0 71 24 86 46 9 81 50 37 25
4 28 98 88 75 10 49 3 2 47 31 83 3 27 82 99 42 2 12 51 36 72 5 97 41 35 45 85 4 68 99 53 16 81 35 99 41 49 77 98 73 7 53 4 45 21 27 45 11 81
83 18 38 75 66 56 73 99 30 80 46 90 21 53 80 26 7 89 22 71 6 35 47 88 24 87 7 28 83 84 13 80 48 36 57 39 13 43 97 59 4 65 74 44 22 7 53 54 35 29
41 33 5 85 65 38 29 95 98 31 21 2 1 44 66 86 22 34 90 20 68 39 43 51 42 40 48 93 88 10 6 81 7 46 79 68 45 68 72 62 87 83 31 29 22 32 43 9 98 37
67 50 76 7 87 88 11 74 89 23 88 48 82 99 6 76 58 69 28 68 75 87 69 99 37 7 30 3 7 76 19 58 42 96 46 81 1 71 50 95 7 22 18 54 71 12 28 86 63 5
47 28 35 17 32 1 14 8 70 83 78 12 63 80 35 77 14 51 3 0 66 41 86 30 52 81 32 82 48 35 11 89 30 3 36 29 46 54 55 26 82 71 55 53 26 88 85 39 44 87
79 69 95 57 68 7 0 11 78 63 35 7 31 61 57 53 96 87 25 46 53 64 3 67 18 9 32 8 6 36 25 60 77 34 97 15 4 34 75 27 49 38 65 80 59 15 91 7 48 27
21 10 21 23 19 3 81 85 12 41 46 40 40 46 13 21 61 63 35 16 99 92 22 60 46 88 70 78 39 76 15 46 42 52 25 49 1 56 47 29 52 29 89 28 9 40 7 71 24 18
50 18 93 31 7 70 65 27 85 79 14 56 63 94 71 78 1 45 23 34 98 22 32 70 15 16 93 25 37 44 97 87 9 0 8 21 27 91 68 6 60 78 97 21 84 99 63 74 55 55
48 17 61 77 32 71 19 61 43 29 40 18 93 98 81 41 78 19 2 32 14 31 11 4 35 33 16 12 50 91 1 68 65 97 77 61 24 36 34 16 31 63 51 76 77 93 49 18 95 8
45 82 27 91 90 84 72 8 55 86 84 75 93 80 90 76 88 10 7 20 26 53 78 78 60 77 57 61 45 81 25 79 89 30 54 49 58 65 8 85 90 85 62 72 48 90 10 88 7 2
0 41 97 80 87 6 53 42 72 76 17 13 40 15 15 73 99 83 8 1 96 52 48 29 68 97 37 63 11 75 45 55 91 1 6 96 97 58 1 50 12 30 69 56 64 38 2 43 60 16
72 74 16 12 60 12 94 59 88 96 52 87 73 45 28 75 69 16 22 12 61 81 53 9 71 99 99 85 46 12 44 90 95 75 20 3 83 24 10 27 13 67 6 52 1 91 15 52 37 73
88 17 94 39 20 66 91 70 92 36 58 41 49 19 19 70 85 26 58 52 49 24 97 39 54 26 44 27 67 78 64 65 42 51 94 60 0 4 68 11 21 7 82 97 72 14 38 99 61 25
48 25 75 0 42 15 89 95 90 52 66 29 12 7 80 46 18 42 48 36 22 43 45 73 57 33 72 53 88 58 4 69 82 10 3 99 25 62 81 49 94 93 42 97 61 8 72 68 82 93
15 27 35 82 99 18 14 64 11 12 94 69 28 99 52 40 75 82 13 76 15 1 76 64 93 19 84 3 47 62 87 47 10 26 20 92 89 35 65 90 91 53 49 30 85 62 4 10 34 30
