24 14
0 1 1 2 2 3 3 4 5 6 7 7 8 9 9 10 11 12 13 14 15 15 16 17 18 19 20 21 21 22 23 23 24 24 25 26 26 27 28 28 29 30 30 31 32 33 34 34 35 36
37 38 38 39 40 41 42 4 5 6 43 43 8 44 45 10 11 12 13 14 46 47 16 48 18 19 20 49 50 22 51 52 53 53 54 54 55 56 56 57 58 59 60 31 61 33 62 63 35 36
37 64 65 39 40 41 42 66 66 67 67 68 68 44 45 69 70 71 72 72 73 47 74 48 75 76 76 49 50 77 51 78 79 80 81 82 55 83 83 57 58 59 84 84 61 85 62 63 86 87
88 88 65 89 90 91 91 92 92 93 94 95 95 96 96 69 70 97 97 98 73 99 100 100 101 101 102 102 103 103 104 78 105 80 81 106 106 107 108 108 109 109 110 111 111 112 112 113 86 87
114 115 116 89 90 117 118 119 119 93 94 120 120 121 122 123 123 124 125 126 126 99 127 128 128 129 129 130 131 131 132 133 105 134 134 135 135 107 136 136 137 137 110 138 138 139 139 113 140 140
114 141 116 142 142 117 118 143 143 144 144 145 146 146 122 147 148 124 149 149 150 150 127 151 151 152 153 130 154 155 132 133 156 157 158 158 159 159 160 161 161 162 163 164 164 165 165 166 166 167
168 141 169 170 170 171 172 172 173 173 174 175 175 176 177 177 148 178 179 179 180 181 182 183 184 152 185 186 154 155 187 187 156 157 188 189 189 190 190 191 192 162 163 193 194 194 195 196 196 167
197 197 169 198 199 199 200 201 201 202 202 203 203 204 204 205 206 178 207 207 208 181 182 183 184 209 185 186 210 210 211 211 212 212 188 213 214 215 216 191 192 217 218 218 219 219 195 220 220 221
222 223 224 198 225 225 200 226 227 228 228 229 230 230 231 231 206 232 233 233 208 234 235 235 236 237 237 238 239 240 240 241 242 243 243 213 214 215 216 244 245 245 246 246 247 247 248 249 250 250
222 223 224 251 252 253 253 226 227 254 254 255 255 256 256 257 258 232 259 259 260 234 261 261 262 263 263 264 239 265 266 241 242 267 267 268 269 269 270 271 272 273 274 274 275 275 248 276 276 277
278 279 279 251 252 280 281 281 282 282 283 284 285 286 287 257 258 288 289 289 260 290 291 291 262 292 292 264 293 265 294 295 296 297 297 268 298 299 270 271 272 273 300 301 301 302 303 303 304 304
305 306 307 308 308 280 309 310 310 311 283 284 285 286 287 312 312 288 313 314 314 290 315 316 316 317 318 318 293 319 294 320 296 321 322 323 298 299 324 324 325 326 327 328 328 302 329 329 330 330
305 306 307 331 332 332 309 333 333 311 334 334 335 336 337 338 338 339 313 340 340 341 315 342 342 317 343 343 344 319 345 320 346 321 322 347 348 348 349 349 325 350 327 351 352 353 354 354 355 356
357 358 358 359 360 361 362 363 364 364 365 366 335 336 367 367 368 339 369 370 371 341 372 373 373 374 374 375 344 376 376 377 377 378 379 347 380 381 382 383 384 350 385 351 352 353 386 387 355 356
357 388 388 359 360 361 362 389 389 390 390 366 391 391 392 393 394 394 369 370 371 395 396 397 398 398 399 400 401 402 402 403 404 378 405 406 380 381 382 383 407 407 385 408 409 409 386 387 410 410
411 412 412 413 414 415 415 416 417 417 418 419 419 420 392 393 421 422 423 424 424 425 396 426 427 427 399 400 401 428 429 403 430 431 405 406 432 432 433 434 435 435 436 436 437 438 439 439 440 440
411 441 441 413 414 442 442 443 443 444 445 446 446 420 447 448 421 422 423 449 449 425 450 426 451 451 452 452 453 453 429 454 430 455 455 456 456 457 457 434 458 459 459 460 437 438 461 461 462 462
463 463 464 465 465 466 466 467 467 444 445 468 468 469 447 448 470 471 472 473 474 474 475 476 476 477 477 478 479 480 481 482 482 483 484 484 485 486 486 487 458 488 489 489 490 491 492 492 493 493
494 494 464 495 496 497 498 499 499 500 501 501 502 469 503 504 504 471 472 505 505 506 475 507 508 509 510 510 479 480 511 511 512 513 513 514 515 516 516 517 517 488 518 519 519 491 520 520 521 522
523 524 524 495 496 497 498 525 525 526 527 528 528 529 529 530 531 531 532 532 533 533 534 507 508 509 535 536 537 538 538 539 512 540 540 514 515 541 542 542 543 543 518 544 544 545 546 546 521 522
547 548 548 549 549 550 551 552 553 526 527 554 555 555 556 530 557 557 558 558 559 560 560 561 562 563 535 536 537 564 564 539 565 566 567 568 569 569 570 570 571 572 572 573 573 574 575 576 577 578
547 579 580 581 581 582 551 552 583 583 584 584 585 586 586 587 588 588 589 590 559 591 591 561 562 563 592 593 593 594 594 595 596 566 567 568 597 597 598 599 600 601 601 602 603 574 575 576 577 578
604 579 580 605 606 582 607 608 608 609 609 610 585 611 612 587 613 614 589 590 615 616 617 617 618 619 592 620 620 621 622 595 596 623 624 624 625 625 598 599 600 626 627 602 603 628 629 630 631 632
604 633 633 605 606 634 607 635 635 636 636 610 637 611 612 638 638 614 639 639 615 616 640 640 618 619 641 641 642 621 622 643 644 623 645 646 647 648 649 650 651 626 627 652 653 628 629 630 631 632
654 655 655 656 656 657 657 658 659 660 661 661 637 662 663 664 665 665 666 667 667 668 668 669 669 670 670 671 672 672 673 643 644 674 675 646 647 648 649 650 651 676 676 652 653 677 677 678 678 679
654 680 681 682 683 683 684 658 685 660 686 686 687 662 688 664 689 690 666 691 692 692 693 694 695 696 696 671 697 697 673 698 699 699 675 700 700 701 702 702 703 704 705 706 706 707 708 709 710 711
712 680 681 713 713 714 715 716 685 717 717 718 718 719 688 720 689 690 721 722 722 723 723 694 724 724 725 725 726 726 727 698 728 729 730 731 732 701 733 733 703 704 734 735 736 707 708 709 710 711
712 737 738 739 739 714 715 740 740 741 741 742 742 719 743 743 744 744 745 745 746 747 747 748 749 749 750 751 751 752 753 753 728 729 730 754 732 755 755 756 757 757 734 735 758 758 759 759 760 760
761 737 762 762 763 764 765 766 766 767 768 768 769 769 770 771 772 772 773 773 774 774 775 748 776 776 750 777 777 778 779 780 780 781 781 754 782 782 783 756 784 784 785 785 786 787 787 788 789 790
761 791 792 792 763 764 793 794 794 767 795 796 797 797 770 771 798 799 799 800 801 802 802 803 804 805 805 806 806 778 807 808 808 809 810 811 812 812 783 813 814 815 816 817 786 818 818 788 789 790
819 820 821 822 822 823 793 824 824 825 795 826 826 827 827 828 798 829 829 800 801 830 831 803 832 833 833 834 835 835 807 836 837 809 810 811 838 839 840 840 814 815 841 817 842 843 843 844 845 845
846 820 847 847 848 848 849 850 851 825 852 853 853 854 854 828 855 855 856 856 857 830 831 858 832 859 859 834 860 860 861 862 837 863 864 864 838 865 865 866 866 867 841 868 869 869 870 844 871 871
846 872 873 874 874 875 849 850 876 877 878 878 879 879 880 881 881 882 883 883 857 884 884 858 885 885 886 887 887 888 861 862 889 863 890 890 891 892 893 894 894 895 895 868 896 897 870 898 899 899
900 872 873 901 901 875 902 902 876 903 904 905 905 906 880 907 908 882 909 910 910 911 911 912 913 913 886 914 915 915 916 917 889 918 918 919 891 892 893 920 921 922 923 923 896 897 924 925 926 926
900 927 928 929 930 930 931 932 932 903 904 933 933 934 935 907 908 936 937 938 938 939 940 941 942 942 943 943 944 944 916 917 945 946 947 947 948 948 949 920 950 922 951 951 952 952 953 925 954 955
956 927 928 929 957 957 931 958 958 959 960 961 962 934 935 963 964 936 937 965 966 966 940 941 967 968 968 969 970 971 972 972 945 973 974 974 975 975 949 976 950 977 978 979 980 980 953 981 954 955
956 982 982 983 984 985 986 987 987 959 960 961 962 988 989 963 964 990 990 965 991 991 992 992 967 993 994 994 970 971 995 996 996 973 997 998 999 1000 1001 976 1002 1002 978 979 1003 1004 1004 981 1005 1006
1007 1007 1008 983 984 985 986 1009 1010 1011 1011 1012 1012 988 1013 1013 1014 1015 1016 1017 1017 1018 1019 1020 1021 1022 1022 1023 1024 1024 995 1025 1026 1027 1027 998 1028 1000 1001 1029 1030 1031 1032 1032 1003 1033 1034 1035 1035 1006
1036 1037 1037 1038 1039 1040 1041 1009 1010 1042 1042 1043 1044 1044 1045 1045 1014 1015 1046 1046 1047 1018 1019 1020 1021 1048 1048 1023 1049 1050 1050 1025 1026 1051 1052 1052 1028 1053 1054 1029 1030 1031 1055 1056 1056 1033 1034 1057 1057 1058
1036 1059 1059 1038 1039 1040 1060 1060 1061 1061 1062 1062 1063 1064 1064 1065 1066 1066 1067 1067 1047 1068 1068 1069 1069 1070 1071 1071 1072 1072 1073 1074 1074 1051 1075 1075 1076 1053 1054 1077 1078 1079 1079 1080 1081 1081 1082 1083 1084 1085
1086 1087 1088 1089 1089 1090 1091 1092 1092 1093 1093 1094 1063 1095 1095 1096 1097 1097 1098 1098 1099 1099 1100 1101 1102 1102 1103 1104 1104 1105 1073 1106 1107 1108 1109 1110 1076 1111 1112 1077 1113 1114 1115 1115 1116 1117 1082 1083 1084 1085
1086 1087 1118 1119 1119 1090 1120 1120 1121 1121 1122 1123 1123 1124 1124 1096 1125 1126 1127 1127 1128 1128 1100 1101 1129 1130 1131 1131 1132 1105 1133 1106 1107 1108 1134 1110 1135 1111 1112 1136 1113 1137 1137 1138 1116 1117 1139 1140 1140 1141
1142 1143 1118 1144 1145 1146 1147 1147 1148 1149 1122 1150 1150 1151 1152 1152 1125 1126 1153 1153 1154 1154 1155 1156 1129 1130 1157 1158 1159 1159 1133 1160 1161 1161 1134 1162 1135 1163 1164 1165 1165 1166 1166 1138 1167 1167 1139 1168 1169 1141
1142 1143 1170 1144 1145 1171 1171 1172 1172 1149 1173 1174 1175 1151 1176 1177 1178 1178 1179 1179 1180 1180 1155 1156 1181 1182 1157 1183 1184 1184 1185 1186 1186 1187 1187 1162 1188 1163 1189 1189 1190 1190 1191 1192 1193 1194 1195 1168 1196 1197
1198 1198 1170 1199 1200 1201 1202 1203 1203 1204 1173 1174 1205 1205 1176 1177 1206 1207 1208 1209 1209 1210 1211 1211 1212 1182 1213 1183 1214 1214 1215 1216 1216 1217 1218 1219 1188 1220 1221 1222 1222 1223 1191 1192 1193 1194 1195 1224 1196 1197
1225 1226 1226 1199 1200 1227 1202 1228 1228 1204 1229 1229 1230 1231 1231 1232 1206 1207 1208 1233 1233 1210 1234 1234 1212 1235 1235 1236 1237 1238 1215 1239 1240 1240 1218 1241 1242 1220 1221 1243 1244 1245 1245 1246 1247 1247 1248 1224 1249 1250
1225 1251 1251 1252 1253 1227 1254 1255 1255 1256 1257 1258 1230 1259 1259 1232 1260 1260 1261 1262 1263 1263 1264 1264 1265 1266 1267 1268 1237 1238 1269 1270 1271 1272 1272 1241 1242 1273 1273 1243 1274 1275 1276 1246 1277 1278 1279 1279 1249 1250
1280 1281 1281 1252 1253 1282 1282 1283 1283 1256 1257 1258 1284 1285 1285 1286 1286 1287 1287 1262 1288 1288 1289 1290 1265 1266 1267 1268 1291 1292 1292 1270 1293 1293 1294 1294 1295 1295 1296 1297 1274 1275 1276 1298 1298 1278 1299 1299 1300 1300
1280 1301 1302 1302 1303 1303 1304 1305 1306 1307 1308 1309 1284 1310 1310 1311 1311 1312 1312 1313 1314 1314 1289 1315 1316 1317 1317 1318 1291 1319 1319 1320 1320 1321 1322 1323 1323 1324 1325 1297 1326 1326 1327 1327 1328 1329 1330 1330 1331 1331
1332 1332 1333 1333 1334 1334 1304 1305 1306 1307 1308 1309 1335 1336 1336 1337 1337 1338 1338 1313 1339 1339 1340 1315 1316 1341 1341 1318 1342 1343 1343 1344 1345 1345 1322 1346 1346 1324 1325 1347 1347 1348 1348 1349 1328 1329 1350 1350 1351 1351
44 92 47 95 95 48 13 11 22 71 85 52 77 99 88 25 53 59 88 39 1 90 80 97 77 66 9 51 30 97 17 78 38 6 75 51 73 99 35 81 73 38 15 36 37 77 90 33 17 77
94 68 9 94 80 91 7 72 56 98 60 2 55 39 20 95 77 29 30 25 79 81 28 6 87 69 56 16 64 29 54 44 37 81 26 61 70 21 54 59 2 97 1 98 57 79 42 22 22 28
49 21 57 69 90 15 59 44 99 12 20 14 10 87 23 16 52 92 49 94 69 3 67 36 55 61 92 12 88 12 68 52 72 93 78 31 17 94 89 9 23 36 17 50 82 84 45 83 51 26
50 19 78 52 70 79 10 42 79 16 34 24 55 26 27 31 83 39 61 54 3 5 21 65 85 56 45 97 51 83 17 37 96 10 64 45 90 2 95 82 25 83 31 59 1 39 87 92 22 77
53 23 55 19 30 7 5 76 24 12 30 97 4 1 73 29 89 76 85 20 12 33 81 76 94 16 73 56 40 25 15 90 38 30 94 39 61 60 2 8 74 72 30 73 75 1 57 2 96 27
69 58 46 64 65 94 34 50 64 66 77 50 51 36 86 78 45 19 80 57 16 84 28 32 28 78 71 49 45 60 9 5 15 43 36 98 45 96 54 42 42 31 27 3 78 79 72 56 4 55
32 21 10 66 81 10 69 28 29 78 45 91 67 50 50 89 3 39 37 11 56 33 45 87 31 74 18 74 58 70 77 29 60 82 95 22 43 39 76 70 27 92 62 97 35 37 97 94 49 50
25 75 75 95 16 92 86 98 33 47 1 14 74 33 19 23 77 50 38 90 25 26 18 86 12 11 18 5 9 74 92 13 20 39 32 13 0 3 85 18 6 81 91 11 60 46 58 62 77 21
60 18 8 60 92 24 50 4 38 82 80 99 61 48 26 44 47 59 78 20 54 69 37 39 51 22 17 96 95 0 50 22 57 30 34 67 83 51 1 40 87 11 84 43 78 14 73 18 37 9
69 29 32 81 26 71 69 4 10 14 33 71 39 56 52 49 99 77 38 36 15 54 33 63 52 41 42 25 92 20 34 74 44 35 68 11 79 32 38 0 35 3 84 72 72 95 40 99 0 40
54 27 78 96 7 49 53 83 83 90 94 87 79 93 54 46 89 37 74 74 4 16 84 95 79 2 21 19 73 7 49 11 38 22 53 77 22 32 85 57 40 2 86 51 40 49 40 54 61 99
13 97 31 77 59 59 55 53 31 9 92 56 59 65 57 66 0 66 79 14 87 97 45 35 0 44 81 61 40 48 75 76 81 77 67 33 34 64 93 88 8 53 80 97 4 83 93 77 66 0
13 64 82 67 57 7 73 88 68 55 28 45 24 25 93 62 67 95 43 3 77 77 75 23 21 44 94 66 90 63 23 14 49 2 84 91 99 2 93 30 64 6 43 84 57 75 24 85 15 64
20 85 92 56 69 81 8 44 48 76 16 46 59 80 0 60 85 85 24 42 53 44 55 27 39 66 41 78 75 58 3 93 57 15 63 22 72 21 22 35 11 97 55 89 3 92 54 76 14 24
21 77 74 21 14 85 93 73 87 20 11 15 85 48 59 62 88 24 54 6 50 10 52 26 9 62 85 27 20 13 61 81 19 53 81 90 59 53 48 27 6 79 80 47 78 51 97 62 25 99
94 72 98 91 88 80 9 98 20 74 79 72 8 51 88 58 89 7 80 24 33 18 79 50 41 91 71 37 33 73 65 68 81 58 39 41 17 34 73 52 93 63 0 18 69 45 62 35 31 0
84 98 65 32 74 5 60 97 14 81 54 27 44 47 27 59 53 55 39 94 6 34 39 39 34 66 87 89 10 71 98 20 40 49 54 15 2 19 46 24 90 14 64 99 20 35 71 87 97 86
44 33 64 65 61 79 31 53 74 70 43 9 60 77 96 64 29 50 67 90 79 4 18 17 99 90 87 25 31 43 5 87 4 3 1 54 23 77 46 66 40 99 56 1 69 55 48 29 96 70
54 75 78 21 42 13 58 22 91 64 49 53 57 85 15 74 23 46 13 24 87 85 57 0 5 66 12 94 6 18 9 13 9 63 97 35 13 4 19 62 9 90 55 7 19 71 30 2 91 78
61 46 37 74 15 74 96 39 34 40 5 51 12 90 66 28 9 35 75 95 83 58 53 25 5 13 11 45 81 15 33 56 93 15 34 89 88 77 85 1 46 80 13 11 68 61 43 21 28 76
23 8 99 53 4 77 87 67 91 95 85 30 47 81 48 95 34 65 51 75 0 95 48 78 72 96 57 93 89 98 6 50 25 13 99 83 59 81 44 94 2 30 51 13 32 82 15 81 26 7
4 12 71 98 83 12 50 46 2 87 93 61 25 31 46 82 0 70 79 35 9 57 14 22 19 41 69 81 73 82 43 62 13 26 84 31 71 91 42 7 23 6 96 99 58 3 68 56 82 23
59 84 10 47 35 25 12 74 54 50 98 6 22 74 51 93 26 3 54 25 10 8 94 12 26 93 74 35 78 63 94 63 12 91 60 73 60 13 66 47 33 63 5 49 14 52 61 77 77 76
38 33 8 6 12 41 64 1 24 91 14 68 8 0 86 30 91 36 67 42 20 50 75 5 23 87 92 46 89 4 61 71 19 46 17 26 45 23 12 88 64 56 96 55 56 68 28 28 6 66
57 12 64 76 11 33 93 17 46 6 6 96 55 21 66 41 0 69 21 93 95 12 90 27 24 0 70 22 56 37 72 17 11 24 86 17 38 3 54 10 63 90 20 47 27 30 27 41 85 59
19 46 39 12 66 13 73 17 83 52 44 2 61 82 28 77 12 36 55 58 81 48 3 27 95 5 93 73 6 23 9 17 19 43 60 53 82 36 60 90 30 4 34 30 8 34 62 21 36 72
66 87 70 17 15 97 83 80 36 29 86 13 15 79 9 77 99 59 96 21 78 6 13 77 6 7 96 93 88 38 50 22 81 88 45 12 57 3 24 24 92 15 47 94 93 85 85 11 34 63
18 78 90 6 12 6 97 24 33 28 21 35 99 96 30 8 37 7 96 57 96 10 39 99 27 31 82 44 91 63 88 23 68 87 24 87 59 7 13 35 12 26 93 48 48 41 13 86 59 43
70 50 24 72 79 39 63 9 42 31 59 4 76 79 67 25 76 96 83 93 96 15 63 36 54 91 90 75 40 47 49 28 37 70 44 2 21 95 28 72 42 17 68 53 30 44 59 27 25 52
55 93 59 41 94 63 19 5 20 76 49 8 61 11 79 82 54 55 0 44 84 35 82 51 74 12 68 24 14 65 83 85 42 64 34 20 96 56 12 42 2 11 22 80 82 59 42 47 13 40
86 3 47 2 21 78 91 44 78 46 77 4 51 10 93 0 46 54 19 62 49 53 46 91 63 61 65 30 3 11 97 73 0 82 46 22 86 51 81 1 73 7 99 92 41 22 79 20 75 35
23 94 28 2 12 63 73 15 16 79 43 87 36 74 47 45 37 34 69 13 19 63 39 3 76 7 89 37 30 52 86 92 37 82 1 68 6 51 53 23 45 10 60 7 17 13 75 77 88 27
36 37 83 56 62 3 70 25 97 59 33 78 51 42 97 43 67 76 62 39 82 37 42 8 85 36 72 85 56 79 23 77 87 32 36 50 11 5 17 5 20 32 51 93 83 55 27 71 27 14
38 79 5 23 6 32 88 84 91 33 71 60 17 82 37 94 33 3 34 42 41 84 30 19 87 94 27 0 78 97 16 25 6 96 83 38 35 84 23 43 62 71 53 43 73 76 40 73 70 97
19 4 48 57 85 71 63 27 9 35 85 85 77 32 63 53 48 72 20 93 41 88 15 56 75 1 31 38 14 64 36 54 36 8 37 77 29 87 16 78 1 22 73 87 59 94 99 16 52 30
56 58 72 10 45 80 78 18 43 20 39 67 16 91 64 72 40 59 78 23 13 70 35 43 79 23 57 63 11 26 49 39 18 98 53 81 41 99 70 50 63 26 10 25 98 18 34 20 82 51
78 79 19 96 87 44 38 60 12 9 3 1 47 27 16 34 0 25 99 16 8 1 0 40 60 57 67 62 64 15 53 18 87 68 9 74 13 0 38 32 8 58 19 48 26 18 89 72 18 49
15 42 83 44 63 62 23 97 93 22 15 20 19 47 13 92 88 86 10 72 83 30 64 25 30 95 99 67 68 0 16 76 5 70 3 43 8 23 62 27 62 21 57 30 63 80 9 23 70 84
37 43 42 28 60 30 37 42 40 94 5 32 52 51 50 13 48 4 93 97 39 29 74 0 78 13 8 71 87 64 66 46 65 58 40 45 66 32 48 65 7 90 41 45 76 8 9 74 25 88
95 92 62 55 90 9 57 76 65 28 95 64 40 26 80 6 83 34 64 21 56 89 3 48 11 85 11 51 55 13 96 24 30 35 97 96 45 81 66 87 39 41 75 35 67 84 43 68 53 22
87 97 50 57 29 79 82 28 3 67 93 58 30 84 27 74 57 75 47 62 66 16 77 23 23 90 19 24 63 65 59 51 42 14 2 57 92 7 59 59 9 64 95 16 72 7 5 33 19 64
26 58 75 12 3 76 44 10 98 92 75 28 72 57 79 81 35 93 39 25 58 10 76 70 0 9 31 44 67 79 87 77 22 64 81 8 39 96 21 53 3 77 35 24 12 97 61 38 64 17
73 14 68 9 3 87 62 66 28 46 79 42 18 44 32 12 43 26 48 91 65 93 46 43 82 27 38 85 78 37 27 23 15 95 21 44 2 96 32 54 3 49 3 40 98 69 24 9 16 51
33 16 29 39 5 30 26 20 96 66 66 56 64 30 7 10 17 44 7 93 62 66 73 22 65 45 27 29 16 88 46 29 91 38 48 3 29 8 32 69 39 86 34 99 6 0 36 90 40 74
59 94 70 30 46 47 88 40 96 98 59 74 60 35 45 86 86 78 4 20 82 11 18 38 87 12 54 35 3 99 15 9 89 30 31 26 72 43 91 96 84 35 8 5 96 38 8 5 66 10
19 69 7 86 93 58 78 79 58 91 2 23 59 54 77 5 1 53 0 92 98 0 49 27 85 15 85 55 1 15 73 38 28 66 53 26 27 44 85 28 96 19 40 32 63 25 27 2 56 15
33 4 25 75 32 48 6 5 26 92 94 79 46 87 4 69 43 98 85 61 67 28 33 76 46 78 6 5 1 64 66 16 72 55 10 73 59 70 60 45 68 37 76 59 40 29 4 62 97 28
79 41 47 98 71 57 8 29 27 43 52 9 43 56 54 44 10 41 7 28 34 91 36 22 77 61 16 40 95 98 48 47 72 81 41 20 67 42 30 0 3 94 64 83 47 79 22 89 56 58
85 15 10 14 80 16 73 36 81 3 37 60 85 55 48 30 28 41 44 69 37 38 9 50 92 6 6 29 64 95 36 20 63 15 53 60 76 58 82 91 10 78 89 20 8 94 50 48 15 37
81 87 18 45 98 42 81 11 90 87 69 56 42 86 61 73 59 70 26 99 30 33 15 79 98 12 31 20 97 53 86 70 25 87 37 13 44 23 14 96 51 45 90 72 97 49 53 81 30 16
