20 25
0 0 1 2 2 3 3 4 5 6 7 8 9 10 11 11 12 13 14 15 15 16 16 17 17 18 19 19 20 20 21 21 22 22 23 24 24 25 25 26 26 27 27 28 29 29 30 31 32 32
33 33 1 34 35 36 37 37 5 6 7 38 9 10 39 39 12 13 14 40 41 42 43 43 44 18 45 45 46 46 47 47 48 48 23 49 50 50 51 52 53 53 54 55 55 56 30 57 58 59
60 61 61 34 35 36 62 62 63 64 64 38 65 66 67 67 68 68 69 69 41 42 70 70 44 71 72 73 74 75 75 76 77 78 79 49 80 80 51 81 81 82 83 83 84 56 85 57 58 59
60 86 86 87 88 89 90 90 91 91 92 93 65 66 94 95 96 97 98 99 100 101 102 103 104 71 72 73 74 105 106 106 77 78 79 107 108 108 109 109 110 110 111 111 84 112 112 113 114 114
115 115 116 116 88 117 118 119 120 120 92 93 121 122 94 95 96 97 98 99 123 101 102 103 104 124 125 126 126 127 127 128 128 129 130 131 131 132 133 133 134 134 135 135 136 136 137 113 138 138
139 139 140 141 141 117 118 119 142 142 143 143 121 122 144 144 145 146 146 147 123 148 148 149 150 124 125 151 151 152 152 153 153 129 154 154 155 132 156 157 158 159 160 160 161 161 137 162 162 163
164 165 140 166 166 167 168 168 169 170 170 171 171 172 172 173 145 174 175 147 176 177 177 178 150 179 179 180 181 181 182 183 184 185 186 186 187 187 156 188 158 159 189 190 191 192 193 194 194 163
164 165 195 195 196 167 197 197 169 198 199 200 201 202 203 204 205 174 175 206 176 207 208 178 209 210 211 212 212 213 213 183 184 185 214 214 215 215 216 188 217 217 189 190 191 192 218 218 219 219
220 220 221 222 196 223 223 224 224 225 199 226 201 202 203 204 205 227 228 206 229 207 208 230 209 210 211 231 232 232 233 233 234 235 236 237 238 238 216 239 239 240 241 242 243 243 244 245 245 246
247 247 221 222 248 249 250 251 252 225 253 226 254 255 255 256 257 227 258 258 229 259 260 261 262 262 263 231 264 265 266 266 234 235 236 267 267 268 268 269 270 240 241 242 271 271 272 273 273 274
275 275 276 277 248 249 250 251 252 278 279 280 254 281 282 256 283 283 284 284 285 259 286 261 287 288 263 289 290 265 291 291 292 292 293 294 294 295 296 269 297 298 298 299 300 300 272 301 302 274
303 304 276 277 305 306 307 308 308 278 279 309 309 281 310 310 311 312 312 313 285 314 286 315 315 288 316 316 290 317 317 318 318 319 319 320 320 295 296 321 297 322 323 299 324 325 325 301 302 326
303 327 327 328 329 306 307 330 330 331 332 333 333 334 335 336 311 337 338 338 339 314 340 340 341 341 342 342 343 344 344 345 345 346 347 348 348 349 349 321 350 350 323 351 324 352 353 354 355 326
356 357 357 328 329 358 358 359 359 331 332 360 361 334 335 362 363 337 364 364 339 365 365 366 366 367 368 368 369 370 371 371 372 372 347 373 373 374 374 375 375 376 376 377 377 352 353 354 355 378
356 379 380 380 381 381 382 382 383 383 384 360 385 385 386 362 363 387 387 388 388 389 389 390 390 391 392 393 369 370 394 394 395 395 396 396 397 398 398 399 399 400 401 401 402 403 403 404 405 405
406 407 407 408 409 410 410 411 411 412 384 413 413 414 415 415 416 417 418 418 419 420 421 422 423 391 392 393 424 425 426 426 427 427 428 429 397 430 430 431 432 432 433 434 435 436 437 404 438 438
406 439 439 408 409 440 440 441 441 412 442 443 444 414 445 445 446 417 447 448 448 420 421 422 423 449 449 450 424 451 452 453 454 454 455 429 456 457 457 431 458 459 459 434 435 436 460 461 462 462
463 464 465 466 466 467 468 469 470 470 442 443 444 471 472 473 446 474 447 475 476 477 477 478 479 479 480 450 481 451 452 482 483 484 455 485 456 486 486 487 488 488 489 490 491 491 460 461 492 492
463 493 465 494 495 467 468 496 497 497 498 498 499 500 472 473 501 474 502 475 476 503 503 478 504 505 480 506 481 507 508 482 483 484 509 485 510 511 511 512 513 514 514 490 515 515 516 517 517 518
519 493 520 520 495 521 521 496 522 523 523 524 499 500 525 525 501 526 527 528 528 529 530 531 504 505 532 533 533 507 508 534 534 535 536 537 510 538 538 512 513 539 540 540 541 541 542 542 543 518
519 544 544 545 545 546 546 547 522 548 548 549 549 550 551 551 552 526 527 553 553 529 530 531 554 554 532 555 556 556 557 558 558 559 536 537 560 560 561 562 562 563 564 564 565 566 567 568 543 569
570 571 572 572 573 573 574 547 575 575 576 577 577 550 578 578 552 579 579 580 580 581 581 582 583 584 585 555 586 586 557 587 588 559 589 589 590 590 591 592 593 563 594 595 565 566 567 568 596 569
597 571 598 598 599 599 574 600 601 602 602 603 603 604 605 605 606 606 607 608 608 609 610 582 583 584 611 611 612 613 614 587 588 615 616 617 618 618 591 592 593 619 619 595 620 621 622 623 623 624
597 625 625 626 627 628 629 600 601 630 630 631 632 633 633 634 634 635 607 636 636 609 610 637 638 639 640 641 612 613 642 642 643 615 616 617 644 644 645 646 646 647 647 648 620 621 622 649 650 624
651 652 652 626 627 628 653 653 654 655 655 631 632 656 656 657 658 659 659 660 661 662 662 637 638 639 640 641 663 664 665 666 643 667 667 668 669 670 645 671 672 672 673 673 674 674 675 649 650 676
677 678 679 679 680 680 681 681 654 682 683 683 684 684 685 657 658 686 687 660 661 688 689 689 690 691 691 692 692 664 665 666 693 694 695 695 669 670 696 697 697 698 699 700 701 702 675 703 703 676
677 678 704 705 705 706 707 708 709 709 710 711 711 712 712 713 714 686 687 715 716 717 718 719 719 720 721 721 722 723 723 724 693 694 725 726 727 727 696 728 728 698 699 700 701 729 730 730 731 731
732 732 704 733 733 734 707 708 735 735 710 736 737 738 739 713 740 740 741 715 716 717 718 742 742 743 744 744 745 746 747 724 748 749 749 726 750 750 751 751 752 753 753 754 755 729 756 756 757 757
758 759 759 760 760 734 761 762 763 764 765 736 737 766 739 767 768 768 741 769 770 770 771 771 772 743 773 774 745 746 747 775 775 776 777 777 778 778 779 779 752 780 781 782 755 783 783 784 784 785
758 786 786 787 787 788 761 789 763 764 790 791 791 766 792 792 793 793 794 769 795 795 796 797 797 798 773 774 799 800 801 801 802 802 803 804 804 805 805 806 807 807 781 782 808 808 809 810 811 785
812 813 814 815 815 788 816 789 817 817 790 818 819 819 820 821 822 822 794 823 824 824 825 826 827 798 828 829 829 800 830 831 831 832 832 833 834 835 835 806 836 836 837 838 838 839 840 810 811 841
812 813 814 842 842 843 816 844 845 845 846 818 847 848 820 821 849 850 851 852 852 853 825 826 854 855 828 856 857 858 859 859 860 861 862 833 834 863 864 865 866 867 867 868 868 839 840 869 870 870
871 872 873 873 874 843 875 844 876 876 846 877 877 848 878 879 849 850 880 880 881 882 882 883 854 855 884 884 857 858 885 886 886 861 862 887 887 863 864 865 866 888 889 890 891 892 892 869 893 893
871 872 894 894 895 896 875 897 897 898 898 899 900 900 878 879 901 902 903 903 881 904 904 905 905 906 907 907 908 909 910 910 911 912 912 913 914 915 916 916 917 888 889 890 891 918 919 920 920 921
922 923 924 925 895 926 926 927 927 928 928 899 929 930 931 931 901 902 932 933 933 934 934 935 936 936 937 938 908 939 939 940 940 941 942 913 914 915 943 943 944 944 945 945 946 946 919 947 947 921
922 923 924 925 948 948 949 949 950 950 951 952 929 953 953 954 954 955 956 956 957 957 958 935 959 960 937 961 961 962 962 963 963 941 964 964 965 966 966 967 967 968 969 970 970 971 971 972 972 973
974 975 976 976 977 978 978 979 980 980 951 952 981 981 982 982 983 955 984 985 986 987 987 988 959 960 989 989 990 990 991 992 993 993 994 995 965 996 996 997 997 968 969 998 999 999 1000 1001 1002 1002
974 975 1003 1004 977 1005 1005 979 1006 1006 1007 1008 1009 1010 1011 1012 983 1013 984 985 986 1014 1015 1016 1017 1018 1019 1019 1020 1020 991 992 1021 1022 994 1023 1024 1024 1025 1025 1026 1027 1028 998 1029 1029 1000 1001 1030 1031
1032 1032 1003 1004 1033 1034 1035 1036 1036 1037 1007 1008 1009 1010 1011 1012 1038 1038 1039 1039 1040 1040 1015 1016 1017 1018 1041 1041 1042 1042 1043 1043 1021 1022 1044 1023 1045 1045 1046 1047 1048 1027 1028 1049 1050 1051 1051 1052 1030 1053
1054 1055 1055 1056 1033 1034 1035 1057 1057 1058 1059 1060 1061 1061 1062 1062 1063 1064 1064 1065 1065 1066 1067 1068 1069 1069 1070 1070 1071 1072 1072 1073 1074 1074 1044 1075 1076 1077 1046 1047 1048 1078 1078 1049 1050 1079 1080 1081 1081 1053
1054 1082 1082 1083 1084 1084 1085 1085 1086 1058 1059 1060 1087 1088 1088 1089 1063 1090 1090 1091 1092 1093 1067 1068 1094 1094 1095 1096 1096 1097 1098 1073 1099 1099 1100 1100 1076 1077 1101 1101 1102 1103 1103 1104 1104 1079 1080 1105 1105 1106
1107 1107 1108 1083 1109 1110 1111 1111 1086 1112 1112 1113 1114 1114 1115 1089 1116 1117 1117 1091 1092 1093 1118 1118 1119 1119 1095 1120 1120 1097 1098 1121 1122 1122 1123 1123 1124 1125 1125 1126 1126 1127 1128 1128 1129 1130 1130 1131 1131 1106
1132 1133 1134 1134 1109 1135 1136 1136 1137 1138 1139 1140 1140 1141 1142 1142 1116 1143 1143 1144 1145 1146 1146 1147 1148 1148 1149 1150 1151 1151 1152 1152 1153 1154 1154 1155 1155 1156 1157 1158 1158 1127 1159 1160 1129 1161 1162 1162 1163 1164
1132 1133 1165 1166 1167 1135 1168 1168 1137 1138 1169 1169 1170 1170 1171 1171 1172 1172 1173 1144 1145 1174 1174 1147 1175 1175 1149 1150 1176 1177 1178 1178 1179 1179 1180 1181 1181 1156 1157 1182 1182 1183 1159 1160 1184 1161 1185 1185 1186 1164
1187 1187 1165 1166 1167 1188 1189 1190 1191 1191 1192 1192 1193 1193 1194 1195 1195 1196 1173 1197 1197 1198 1199 1200 1201 1202 1202 1203 1203 1177 1204 1205 1205 1206 1207 1207 1208 1209 1210 1211 1211 1183 1212 1212 1184 1213 1213 1214 1186 1215
1216 1217 1218 1219 1220 1188 1221 1190 1222 1223 1224 1224 1225 1225 1226 1226 1227 1227 1228 1228 1229 1198 1199 1230 1201 1231 1232 1233 1234 1235 1235 1236 1237 1206 1238 1239 1208 1209 1210 1240 1241 1242 1243 1243 1244 1245 1245 1214 1246 1215
1216 1217 1218 1219 1247 1247 1221 1248 1222 1249 1249 1250 1251 1252 1252 1253 1254 1255 1255 1256 1256 1257 1257 1230 1258 1258 1232 1233 1234 1259 1260 1236 1261 1261 1238 1262 1262 1263 1264 1240 1241 1242 1265 1266 1266 1267 1268 1268 1269 1270
1271 1272 1272 1273 1274 1275 1275 1248 1276 1277 1277 1250 1251 1278 1278 1253 1279 1280 1281 1282 1282 1283 1284 1284 1285 1286 1287 1287 1288 1259 1260 1289 1290 1291 1292 1293 1294 1295 1264 1296 1296 1297 1265 1298 1298 1267 1299 1300 1269 1270
1301 1301 1302 1273 1274 1303 1303 1304 1276 1305 1306 1306 1307 1307 1308 1308 1279 1280 1281 1309 1310 1311 1312 1313 1285 1314 1315 1316 1288 1317 1317 1289 1290 1291 1292 1293 1294 1295 1318 1318 1319 1319 1320 1321 1322 1322 1299 1300 1323 1324
1325 1325 1302 1326 1327 1327 1328 1328 1329 1329 1330 1330 1331 1332 1332 1333 1334 1334 1335 1309 1310 1311 1312 1313 1336 1314 1315 1316 1337 1337 1338 1339 1339 1340 1340 1341 1341 1342 1342 1343 1344 1344 1320 1321 1345 1345 1346 1347 1347 1324
5 94 52 82 72 92 20 2 21 69 3 72 28 81 17 68 14 25 98 70 71 32 2 14 58 36 97 4 31 19 67 33 80 8 55 70 83 59 78 29 26 64 67 9 72 90 19 39 37 76
70 56 22 58 89 56 34 54 94 45 95 59 58 86 53 52 26 11 80 45 78 84 22 65 27 45 14 83 21 78 85 57 52 63 18 20 48 44 51 59 80 58 46 73 57 69 36 21 45 38
5 61 6 8 91 90 82 50 97 89 0 7 64 75 96 75 77 23 81 84 78 71 77 13 89 66 77 39 92 30 47 97 21 38 60 51 58 98 63 62 52 85 40 64 10 51 64 95 45 8
5 29 23 88 62 91 79 87 48 93 93 81 66 73 44 48 46 36 6 55 36 92 21 67 33 76 15 78 78 69 11 16 47 93 50 17 32 17 87 14 49 11 92 89 3 20 69 42 92 25
27 53 85 61 4 57 97 98 63 23 93 41 27 60 57 96 7 70 16 81 74 71 44 72 22 95 48 0 90 95 36 92 98 82 74 10 42 90 17 45 5 65 62 9 58 3 36 86 72 45
99 87 4 80 88 40 61 87 31 14 87 86 39 89 64 78 11 0 10 86 3 18 39 61 47 51 15 28 23 41 67 62 37 80 27 56 79 12 95 80 92 6 50 88 13 5 79 45 35 87
92 93 48 12 92 17 31 94 58 69 21 42 37 64 9 93 6 82 86 98 41 99 36 70 71 78 54 10 23 27 66 73 85 64 74 79 90 8 81 36 89 69 74 20 72 57 59 89 78 35
15 95 8 51 46 98 90 69 49 7 39 9 18 11 79 67 46 42 9 48 82 21 66 10 78 97 13 43 69 62 43 19 83 69 13 16 4 3 81 10 98 11 78 45 66 81 61 34 96 54
44 43 65 38 57 51 78 66 31 16 54 48 22 37 53 87 1 18 81 9 70 25 78 83 1 32 37 96 0 74 45 36 74 1 57 66 12 16 26 48 49 74 75 90 68 37 15 16 10 3
77 13 89 27 48 51 36 6 47 91 18 15 99 83 4 63 11 17 56 25 82 71 61 26 32 64 96 28 78 40 62 63 32 58 61 96 51 62 93 54 35 88 42 79 40 17 82 83 31 3
20 68 14 31 52 54 40 74 52 12 3 88 22 80 83 39 94 85 63 7 46 34 21 7 87 52 28 59 34 8 0 1 66 63 12 72 45 94 12 7 99 14 37 86 4 90 71 56 85 32
25 40 2 34 69 40 4 5 27 15 61 93 18 14 9 28 84 75 50 65 66 2 93 47 42 20 74 10 51 94 96 8 39 10 33 65 30 96 38 74 87 28 70 74 60 28 75 98 90 95
83 64 52 33 2 75 7 46 40 14 40 75 39 9 97 16 5 62 35 20 59 71 24 17 85 85 71 83 6 28 71 84 29 19 20 41 66 27 36 63 29 85 2 15 63 13 48 51 78 5
57 86 46 5 69 98 53 24 22 72 97 29 11 37 75 85 13 0 41 50 22 7 51 7 17 4 96 35 20 52 31 94 3 23 21 83 84 53 55 96 43 39 28 1 28 33 61 35 38 69
71 23 41 29 74 75 42 1 31 58 23 31 92 21 6 83 70 98 98 53 7 35 3 92 25 30 89 5 14 29 63 54 63 11 59 82 70 81 19 88 95 81 23 61 44 93 90 56 80 41
53 20 92 22 55 24 24 90 35 98 99 34 52 0 9 46 66 96 50 99 64 80 26 12 56 0 28 45 76 36 49 70 35 43 62 68 47 4 2 30 34 39 15 18 71 44 2 25 24 40
53 82 64 72 42 94 61 46 25 12 39 14 11 90 93 28 59 48 40 74 81 74 48 50 31 26 76 47 33 67 32 23 31 51 62 62 21 29 77 73 41 19 82 92 17 79 13 15 98 78
11 39 42 74 43 74 2 69 86 88 36 75 31 58 19 79 53 87 99 79 44 44 87 45 98 86 1 78 17 16 31 92 78 8 56 99 28 4 51 88 73 91 73 89 21 82 37 74 41 82
27 31 69 2 17 87 23 37 95 9 61 49 76 39 49 92 57 18 19 53 97 55 3 11 42 47 57 44 47 74 22 88 23 22 9 96 22 90 59 65 20 55 40 97 58 84 19 93 77 64
10 27 30 63 39 64 19 14 55 2 63 61 55 77 71 69 65 73 38 56 32 31 71 75 93 7 24 5 91 26 62 59 46 81 78 36 28 12 12 17 28 21 9 26 31 26 32 61 15 70
19 57 54 64 83 80 98 32 40 83 9 22 22 47 79 85 4 63 83 35 45 23 69 53 30 82 96 97 17 32 19 44 37 20 72 93 8 38 65 78 80 50 41 58 50 3 58 72 64 64
39 76 81 87 33 75 28 75 64 91 55 56 89 1 91 36 12 81 14 22 88 92 89 26 27 75 41 1 34 27 81 87 33 83 46 64 86 26 92 83 91 27 42 27 27 59 85 20 36 89
42 73 51 23 49 92 27 25 14 52 54 81 3 99 17 10 65 24 82 11 49 52 43 52 27 19 56 63 96 66 35 11 82 16 13 5 37 49 32 14 26 99 65 46 8 8 42 75 92 3
13 99 99 8 41 85 78 69 84 92 12 30 38 96 87 15 60 21 65 81 44 9 38 94 80 95 61 59 96 71 36 75 30 99 15 65 67 42 65 33 48 10 82 22 70 66 92 49 91 83
7 62 48 92 29 79 69 42 83 11 9 88 53 48 21 1 64 25 84 11 18 13 47 93 96 98 37 40 59 95 88 59 9 96 74 37 23 72 49 95 62 43 98 92 39 68 27 16 86 17
17 9 33 96 21 62 98 8 85 17 7 88 19 16 45 34 88 67 50 4 88 15 93 48 87 92 74 27 57 44 21 55 52 48 30 93 71 12 93 16 68 75 95 55 1 82 42 52 94 15
78 29 81 49 30 23 46 67 34 29 91 74 66 16 3 19 94 20 4 57 93 9 59 22 51 58 35 59 71 77 8 87 91 28 25 7 97 65 68 98 46 50 18 25 54 23 28 69 86 98
65 73 33 94 25 83 49 14 67 93 68 99 84 0 86 52 78 74 11 4 57 75 49 31 46 98 96 1 54 58 56 70 52 48 4 87 68 54 80 79 3 97 57 41 15 9 67 46 26 6
36 64 45 66 71 89 21 96 70 75 28 8 81 86 76 56 14 44 55 51 87 20 74 82 93 40 93 79 75 15 51 17 34 40 40 54 61 0 70 4 69 1 69 4 31 83 87 91 86 23
59 0 24 82 89 94 21 87 68 33 54 15 61 48 71 81 80 42 94 85 80 42 12 87 15 26 63 50 49 12 70 57 92 45 95 49 5 65 57 39 96 5 69 99 22 12 9 34 98 40
67 9 42 74 31 74 28 17 35 32 53 17 81 32 32 8 92 69 11 77 0 95 69 77 93 45 50 93 87 30 67 32 88 96 49 96 60 18 37 47 86 34 32 62 42 35 83 95 89 63
52 92 14 63 81 50 0 73 80 38 33 93 83 53 75 42 62 84 54 79 99 20 98 56 90 84 79 43 61 8 95 83 76 62 72 53 95 13 40 49 73 50 77 51 95 71 78 25 21 28
98 79 52 78 63 36 41 91 8 58 95 49 96 69 74 62 71 27 97 47 41 58 9 64 67 43 28 91 13 75 79 47 39 78 0 53 55 5 56 38 67 59 14 41 32 70 72 50 62 77
59 28 69 43 7 93 62 15 3 52 98 41 79 93 22 94 59 71 31 45 22 71 43 98 61 44 70 51 96 39 28 70 17 84 18 15 62 0 64 92 46 1 34 93 50 89 68 64 73 67
16 7 28 30 30 69 40 62 13 83 14 37 40 91 32 61 47 88 99 55 38 47 25 75 63 55 32 15 49 10 66 97 87 4 74 10 65 2 66 34 39 56 58 62 16 13 9 17 2 66
60 85 80 45 41 3 32 61 60 56 61 21 97 65 88 64 80 23 18 1 5 2 31 9 43 27 28 69 11 11 37 31 83 28 93 81 60 0 81 25 38 40 21 9 91 12 40 3 9 18
0 27 44 78 40 86 20 2 93 90 67 71 68 53 84 27 48 27 67 53 38 40 62 48 47 47 25 49 67 18 19 56 59 3 84 40 98 60 25 93 44 15 49 10 62 79 69 35 51 46
99 28 28 64 28 61 92 79 94 33 10 98 33 39 22 59 46 34 74 58 16 79 44 49 4 42 16 33 85 26 42 71 34 64 54 33 37 41 19 40 25 94 78 13 80 27 94 84 19 23
42 49 13 57 84 63 90 3 67 19 44 69 86 43 68 61 73 19 82 26 13 76 32 20 44 72 53 25 5 5 88 43 77 42 52 67 72 99 42 44 25 94 45 55 80 7 27 64 7 20
8 50 28 35 73 73 95 55 69 0 57 75 31 32 57 33 54 85 30 72 84 31 30 3 58 83 8 58 70 17 55 51 71 99 54 36 92 60 55 55 79 44 89 32 85 38 17 69 96 62
97 94 55 66 76 80 94 72 19 64 68 96 74 56 85 43 34 51 31 27 25 39 33 76 23 41 54 35 24 31 69 88 38 16 25 57 44 45 11 5 54 38 50 45 59 77 10 87 38 70
13 22 51 14 65 71 58 75 39 47 35 63 75 80 14 11 13 72 48 13 33 21 54 81 13 69 67 24 19 86 55 84 19 65 42 47 45 45 54 32 18 24 70 1 58 44 46 66 32 61
78 51 48 25 3 87 69 75 79 46 5 57 18 2 12 19 25 40 27 6 74 68 33 40 50 65 84 65 42 79 87 84 97 46 9 77 17 72 75 36 66 54 27 70 20 5 53 77 54 28
2 43 63 5 26 80 37 85 33 14 19 50 26 39 9 98 43 18 48 0 58 98 79 37 9 90 95 94 25 91 2 30 32 56 57 67 40 49 28 38 41 30 58 50 9 82 55 73 52 92
88 34 93 32 58 51 61 86 5 55 64 66 56 11 43 8 18 9 82 49 1 41 74 13 37 77 78 35 5 54 64 63 79 26 4 85 45 60 9 48 93 79 47 73 46 70 11 57 1 9
93 46 62 18 53 96 47 29 54 84 80 59 77 76 64 11 55 77 75 38 29 34 68 4 74 1 94 66 8 48 78 32 59 1 11 75 71 85 13 53 47 58 46 52 20 66 19 82 65 70
93 69 92 87 92 68 34 58 54 20 20 53 56 76 79 27 67 68 32 17 1 86 80 70 91 24 71 75 34 2 26 8 83 69 48 32 66 20 43 44 24 69 91 38 91 55 56 2 32 13
36 34 43 38 22 29 32 67 69 32 87 61 21 77 57 19 75 67 94 31 21 19 42 46 60 11 54 46 47 35 17 47 87 91 18 86 61 3 22 57 88 25 46 88 96 80 68 70 67 88
53 15 96 97 40 80 67 68 33 43 13 72 56 25 72 70 84 67 15 13 19 64 44 44 86 54 36 31 57 22 79 77 15 42 4 77 0 80 71 71 22 54 79 95 56 41 28 57 99 50
82 94 19 99 94 32 98 89 11 36 71 16 18 52 37 87 0 54 55 51 65 50 63 90 84 75 94 66 6 21 3 16 13 26 4 90 21 5 58 70 55 74 6 24 95 25 45 95 37 70
