33 23
0 0 1 2 2 3 4 5 5 6 7 8 9 10 10 11 12 13 13 14 14 15 15 16 16 17 18 18 19 20 21 22 23 24 25 26 26 27 28 29 30 30 31 31 32 32 33 34 34 35
36 37 1 38 38 3 4 39 40 40 7 8 9 41 41 11 12 42 43 44 45 46 46 47 47 17 48 48 19 20 49 22 23 24 25 50 51 51 28 52 53 53 54 55 56 57 33 58 59 35
36 37 60 60 61 61 62 62 63 64 64 65 65 66 67 67 68 42 43 44 45 69 70 71 72 72 73 73 74 74 49 75 76 76 77 77 78 79 79 52 80 80 54 81 56 57 82 58 83 84
85 85 86 86 87 87 88 88 63 89 89 90 91 66 92 93 93 94 94 95 95 69 70 71 96 97 97 98 99 100 100 75 101 102 102 103 78 104 105 106 106 107 107 81 108 108 109 109 83 84
110 111 111 112 112 113 114 114 115 115 116 90 91 117 92 118 118 119 120 121 121 122 122 123 124 125 126 98 99 127 127 128 128 129 129 130 130 104 105 131 132 133 133 134 134 135 136 136 137 137
110 138 138 139 140 140 141 141 142 142 116 143 144 145 145 146 147 147 120 148 149 150 150 123 124 125 126 151 151 152 153 153 154 154 155 156 157 157 158 158 132 159 159 160 160 161 161 162 162 163
164 164 165 166 166 167 167 168 168 169 170 170 144 171 171 146 172 172 173 174 149 175 176 176 177 178 178 179 179 152 180 181 182 183 155 184 185 186 186 187 187 188 189 190 191 191 192 192 193 163
194 194 195 195 196 196 197 197 198 169 199 200 200 201 201 202 202 203 204 174 205 175 206 207 208 209 210 211 212 212 180 181 182 183 213 184 214 215 215 216 217 217 189 190 218 218 219 219 220 221
222 222 223 224 225 225 226 226 198 227 227 228 228 229 229 230 230 203 204 231 232 232 206 207 208 209 210 211 233 234 234 235 236 236 213 237 214 238 239 216 240 241 241 242 243 244 244 245 220 221
246 246 223 224 247 248 249 250 251 252 253 254 255 256 257 257 258 258 259 259 260 260 261 262 263 263 264 265 233 266 266 235 267 268 268 237 269 238 239 270 270 271 272 242 273 274 274 245 275 275
276 277 278 279 247 248 280 250 251 252 253 281 255 256 282 282 283 283 284 284 285 285 261 286 287 287 264 265 288 288 289 290 291 292 292 293 294 295 295 296 297 298 272 299 273 300 301 302 303 303
276 304 278 279 305 305 280 306 307 308 308 281 309 310 310 311 311 312 312 313 314 314 315 286 316 317 318 319 319 320 289 290 291 321 322 293 294 323 324 324 297 298 325 299 326 300 301 302 327 327
328 304 329 329 330 330 331 331 307 332 333 333 334 335 336 337 337 338 339 340 340 341 315 342 316 343 318 344 344 320 345 346 346 321 322 347 348 348 349 350 351 351 352 352 353 354 355 356 357 357
328 358 358 359 359 360 361 362 363 364 364 365 334 366 336 367 368 368 339 369 369 341 370 370 371 343 372 372 373 373 345 374 375 376 376 377 378 378 349 379 379 380 381 381 353 354 355 382 383 383
384 385 385 386 386 387 361 362 363 388 389 389 390 366 391 391 392 393 394 395 396 396 397 397 371 398 398 399 399 400 400 374 401 401 402 377 403 404 405 405 406 380 407 408 409 409 410 382 411 412
384 413 414 415 416 387 417 418 418 419 420 421 421 422 422 423 423 393 394 395 424 425 426 427 428 429 429 430 430 431 431 432 432 433 402 434 403 404 435 435 406 436 437 408 438 438 410 439 411 412
440 440 414 415 416 441 417 442 443 419 444 445 446 447 447 448 449 449 450 451 424 425 426 427 428 452 452 453 454 454 455 455 456 433 457 434 458 459 460 461 462 462 437 463 464 465 465 466 466 467
468 468 469 469 470 470 471 442 443 472 444 445 473 473 474 448 475 475 450 451 476 476 477 477 478 478 479 453 480 480 481 481 482 483 457 484 458 459 460 485 486 487 487 463 464 488 488 489 489 490
491 491 492 492 493 493 471 494 495 472 496 496 497 497 474 498 498 499 499 500 501 501 502 503 503 504 479 505 505 506 507 508 482 483 509 509 510 511 511 485 512 512 513 514 515 515 516 517 517 490
518 519 519 520 520 521 522 494 523 524 524 525 525 526 526 527 528 528 529 500 530 530 502 531 531 532 532 533 533 506 507 534 534 535 536 536 537 537 538 538 539 539 513 514 540 540 516 541 542 542
543 544 544 545 545 521 522 546 523 547 547 548 548 549 549 527 550 550 529 551 552 553 554 555 555 556 557 557 558 558 559 560 561 535 562 562 563 564 564 565 565 566 566 567 567 568 568 541 569 569
543 570 570 571 571 572 573 574 574 575 576 576 577 577 578 579 579 580 580 551 552 553 581 581 582 556 583 584 585 585 559 560 586 586 587 588 563 589 589 590 591 591 592 593 594 594 595 595 596 596
597 598 599 600 601 572 573 602 602 575 603 604 604 605 606 607 608 609 610 611 611 612 612 613 582 614 614 584 615 616 617 617 618 618 619 588 620 620 621 590 622 623 592 624 624 625 625 626 627 628
597 598 629 600 630 631 631 632 632 633 603 634 634 605 606 607 608 609 610 635 635 636 637 637 638 638 639 639 615 640 640 641 642 643 619 644 645 645 646 646 622 623 647 648 648 649 649 626 627 628
650 650 629 651 630 652 653 654 655 633 656 657 658 658 659 660 661 661 662 662 663 636 664 665 666 667 668 669 670 670 671 641 642 672 672 673 674 674 675 676 676 677 677 678 679 679 680 681 681 682
683 683 684 685 685 652 653 654 655 686 687 657 688 688 659 660 689 689 690 691 691 692 693 665 666 667 668 669 694 695 671 696 696 697 697 673 698 698 699 700 701 701 702 703 703 704 704 705 706 707
708 709 709 710 710 711 712 712 713 713 687 714 714 715 716 716 717 717 690 718 718 692 693 719 720 720 721 721 694 695 722 723 723 724 725 725 726 727 699 700 728 729 730 730 731 732 732 733 706 707
734 735 736 737 737 711 738 739 740 740 741 742 742 715 743 744 745 745 746 746 747 747 748 748 749 750 751 752 752 753 754 755 755 756 756 757 757 727 758 758 728 729 759 759 731 760 760 733 761 761
734 735 762 762 763 764 738 739 765 766 766 767 767 768 743 744 769 770 770 771 771 772 773 774 775 750 776 777 778 753 754 779 780 780 781 782 782 783 784 785 785 786 787 788 788 789 789 790 791 791
792 793 794 794 763 764 795 795 765 796 797 797 798 768 799 800 769 801 802 802 803 772 773 774 775 804 776 777 805 806 807 779 808 808 809 810 810 783 784 811 812 786 787 813 814 815 816 790 817 817
792 793 818 819 820 820 821 822 823 796 824 824 825 825 799 800 826 801 827 827 803 828 829 829 830 804 831 832 805 806 833 833 834 835 809 836 836 837 838 838 812 839 839 840 814 815 816 841 842 842
843 843 818 819 844 844 845 822 823 846 846 847 847 848 848 849 850 851 851 852 852 828 853 853 854 854 831 832 855 855 856 857 834 858 859 860 860 837 861 862 862 863 863 840 864 865 865 866 866 867
868 869 870 871 871 872 845 873 874 875 875 876 877 878 879 879 850 880 880 881 881 882 882 883 884 885 885 886 886 887 856 888 888 858 859 889 889 890 890 891 892 893 894 895 864 896 896 897 898 899
868 869 870 900 901 901 902 903 874 904 904 876 877 878 905 906 907 907 908 909 909 910 910 883 884 911 912 912 913 887 914 915 915 916 917 917 918 919 920 920 892 893 894 895 921 922 922 897 898 899
923 923 924 900 925 926 902 903 927 928 929 930 930 931 905 906 932 933 908 934 935 935 936 937 938 938 939 940 913 941 914 942 942 916 943 944 918 919 945 946 947 947 948 949 921 950 951 952 953 953
954 955 955 956 956 926 957 958 927 928 929 959 959 931 960 960 932 961 962 934 963 963 936 937 964 965 965 940 966 966 967 967 968 969 943 970 970 971 945 972 973 974 948 975 975 950 951 976 976 977
954 978 979 979 980 981 957 958 982 983 983 984 985 986 986 987 988 961 962 989 990 991 992 993 993 994 994 995 996 997 997 998 968 999 999 1000 1000 971 1001 972 973 974 1002 1002 1003 1004 1004 1005 1005 977
1006 978 1007 1008 980 981 1009 1009 982 1010 1011 1012 985 1013 1013 987 988 1014 1014 989 990 991 992 1015 1015 1016 1016 995 1017 1018 1019 1020 1020 1021 1021 1022 1023 1023 1001 1024 1025 1025 1026 1027 1027 1028 1028 1029 1030 1030
1031 1032 1007 1008 1033 1034 1034 1035 1036 1010 1011 1012 1037 1038 1039 1040 1041 1042 1042 1043 1043 1044 1044 1045 1046 1046 1047 1048 1017 1018 1019 1049 1050 1051 1051 1052 1053 1053 1054 1055 1055 1056 1056 1057 1057 1058 1058 1059 1060 1061
1031 1032 1062 1062 1063 1063 1064 1035 1036 1065 1066 1067 1037 1038 1068 1040 1069 1069 1070 1070 1071 1072 1073 1045 1074 1074 1047 1048 1075 1075 1076 1049 1050 1077 1078 1052 1079 1079 1054 1080 1080 1081 1082 1082 1083 1083 1084 1059 1085 1061
1086 1087 1088 1089 1090 1090 1091 1091 1092 1065 1066 1093 1093 1094 1068 1095 1095 1096 1096 1097 1097 1072 1073 1098 1099 1100 1101 1102 1103 1104 1076 1105 1105 1077 1078 1106 1106 1107 1107 1108 1108 1081 1109 1110 1110 1111 1084 1112 1085 1113
1086 1087 1088 1089 1114 1115 1116 1117 1117 1118 1118 1119 1120 1094 1121 1121 1122 1123 1124 1124 1125 1126 1126 1098 1127 1100 1101 1102 1103 1128 1128 1129 1129 1130 1131 1131 1132 1133 1133 1134 1135 1135 1136 1137 1137 1111 1138 1112 1139 1139
1140 1141 1141 1142 1114 1115 1116 1143 1143 1144 1145 1119 1120 1146 1147 1147 1122 1123 1148 1149 1150 1150 1151 1152 1127 1153 1154 1155 1155 1156 1156 1157 1157 1130 1158 1159 1132 1160 1161 1134 1162 1162 1136 1163 1164 1164 1165 1166 1167 1167
1140 1168 1169 1142 1170 1170 1171 1172 1172 1144 1145 1173 1173 1174 1175 1176 1177 1177 1148 1149 1178 1178 1151 1152 1179 1153 1180 1180 1181 1181 1182 1182 1183 1183 1158 1159 1184 1160 1161 1185 1185 1186 1187 1163 1188 1188 1165 1189 1190 1191
1192 1168 1169 1193 1194 1195 1195 1196 1197 1198 1199 1200 1200 1174 1175 1176 1201 1201 1202 1202 1203 1204 1205 1206 1207 1207 1208 1209 1210 1210 1211 1212 1212 1213 1214 1214 1215 1215 1216 1217 1217 1186 1218 1218 1219 1220 1221 1189 1190 1191
1222 1223 1224 1193 1194 1225 1226 1196 1197 1198 1199 1227 1228 1229 1229 1230 1230 1231 1232 1233 1203 1204 1205 1206 1234 1235 1208 1209 1236 1236 1211 1237 1238 1239 1239 1240 1241 1241 1242 1243 1244 1244 1245 1246 1219 1220 1247 1248 1248 1249
1222 1223 1224 1250 1250 1225 1226 1251 1251 1252 1253 1227 1228 1254 1254 1255 1255 1231 1232 1256 1256 1257 1257 1258 1234 1259 1259 1260 1260 1261 1261 1237 1238 1262 1263 1240 1264 1264 1242 1265 1266 1266 1245 1246 1267 1267 1247 1268 1268 1249
1269 1270 1271 1271 1272 1273 1274 1275 1276 1276 1253 1277 1277 1278 1278 1279 1279 1280 1281 1282 1282 1283 1283 1284 1284 1285 1285 1286 1286 1287 1288 1289 1289 1262 1263 1290 1290 1291 1292 1265 1293 1294 1295 1296 1297 1298 1299 1299 1300 1300
1269 1270 1301 1301 1272 1273 1274 1275 1302 1302 1303 1304 1305 1306 1306 1307 1307 1280 1281 1308 1309 1309 1310 1310 1311 1312 1312 1313 1314 1287 1288 1315 1316 1316 1317 1318 1319 1291 1292 1320 1320 1294 1295 1321 1297 1322 1323 1324 1325 1326
1327 1327 1328 1329 1329 1330 1330 1331 1332 1332 1303 1304 1305 1333 1333 1334 1334 1335 1335 1336 1336 1337 1337 1338 1311 1339 1339 1313 1314 1340 1340 1315 1341 1342 1342 1318 1319 1343 1343 1344 1344 1345 1345 1321 1346 1322 1323 1324 1325 1326
24 59 79 54 75 42 66 81 63 32 63 8 97 59 32 7 62 69 4 86 44 65 45 47 70 4 17 89 37 56 26 7 23 38 67 79 64 28 14 90 68 31 88 17 9 94 74 28 48 70
97 69 12 58 75 57 78 20 51 74 58 53 84 28 52 32 44 10 70 58 38 41 57 68 62 10 43 93 77 19 38 16 35 21 11 60 27 5 56 64 13 17 96 4 17 23 39 0 3 39
56 24 2 32 18 55 60 79 99 36 51 40 96 92 33 21 81 7 54 14 30 0 16 1 47 70 36 82 45 12 60 85 76 19 39 98 67 64 53 67 21 27 88 64 36 10 11 0 15 71
28 89 0 61 92 48 95 90 8 86 82 58 0 6 33 88 14 6 17 71 46 79 4 46 33 88 30 81 71 21 26 6 90 5 91 94 90 56 94 75 84 4 20 58 21 26 21 1 59 26
45 82 16 83 84 8 66 96 1 56 65 32 35 34 76 89 76 2 50 41 34 63 43 39 64 11 62 90 39 36 9 4 91 17 79 15 80 62 41 71 88 3 65 81 76 95 3 39 65 17
61 67 85 18 17 30 86 62 39 25 53 7 3 30 56 71 39 65 49 75 90 34 69 53 24 78 39 93 49 67 63 39 48 51 97 79 39 82 8 75 23 50 94 25 98 18 24 15 45 0
88 0 45 31 40 26 59 13 81 7 48 47 73 19 45 54 28 10 27 63 73 77 39 54 26 52 56 78 18 52 70 63 11 56 67 36 67 38 66 67 46 18 89 42 99 97 55 11 18 51
86 31 73 98 17 13 2 72 23 59 18 63 69 15 90 6 26 46 27 58 46 40 99 61 82 13 67 38 7 95 97 18 70 94 49 44 61 38 26 72 65 27 53 67 66 24 64 87 52 47
93 83 30 46 60 66 30 8 22 18 60 29 92 38 44 12 81 40 15 70 6 31 76 40 85 2 23 99 26 79 69 73 57 40 98 56 15 66 71 62 79 95 3 27 20 64 90 37 9 68
40 31 43 37 7 78 89 81 58 16 82 31 77 12 10 31 37 12 30 15 66 28 55 88 38 19 80 31 79 43 2 42 74 4 43 11 46 68 28 27 64 19 90 17 90 94 99 18 68 82
63 36 28 85 65 17 70 9 15 21 86 57 21 77 81 34 84 50 55 29 95 63 6 98 98 36 31 71 18 21 95 13 70 77 44 26 82 74 84 81 85 77 94 81 6 5 93 33 70 25
28 88 72 42 83 30 10 36 44 71 76 43 29 54 90 35 67 37 65 4 68 9 60 56 28 35 8 89 91 17 62 9 35 41 66 17 56 47 36 96 22 28 60 38 1 36 83 48 81 20
21 53 3 50 77 48 31 32 82 60 58 21 87 56 57 28 64 14 26 56 3 10 15 24 3 25 26 76 24 93 55 20 4 65 58 58 25 0 4 20 32 20 95 7 9 30 21 67 39 76
18 27 25 59 23 83 32 66 91 24 47 72 5 74 80 59 9 25 60 83 75 88 26 58 82 50 80 95 76 3 57 10 14 54 7 7 27 24 22 0 0 1 38 8 12 64 27 23 93 78
65 26 41 21 12 65 34 66 27 18 42 42 46 2 58 19 87 69 24 16 87 87 87 86 25 31 13 46 63 0 96 40 99 83 87 0 2 46 47 55 11 26 41 84 68 84 67 74 88 47
74 0 26 94 51 55 22 20 63 82 81 6 30 4 42 44 5 3 66 61 75 31 85 12 12 33 81 95 86 39 28 66 42 46 28 16 91 76 26 15 56 96 34 72 57 36 29 99 36 27
75 69 24 87 37 59 97 37 39 16 27 11 9 41 85 2 35 88 76 79 78 90 8 76 12 67 45 76 80 80 60 86 20 98 97 51 48 43 1 48 46 81 77 80 59 27 6 81 0 54
73 55 38 97 64 12 47 53 43 30 96 16 63 4 74 67 30 98 29 35 95 97 39 11 92 78 99 14 31 75 31 45 74 88 71 20 57 86 51 14 68 70 49 48 64 27 40 0 13 6
54 20 22 80 48 67 44 40 95 29 37 70 76 18 36 7 70 53 90 11 69 29 37 58 24 94 2 99 88 64 60 96 13 19 98 97 72 33 44 62 59 84 16 26 46 74 51 85 31 39
40 4 10 96 18 33 91 35 22 83 49 2 3 74 30 42 46 2 47 34 15 58 97 22 19 32 27 77 72 50 33 72 88 10 8 32 96 6 3 75 39 84 58 28 22 47 22 86 92 18
89 25 38 38 24 30 28 20 75 91 66 67 6 30 24 44 61 39 86 15 16 10 72 33 90 86 42 19 24 25 37 53 21 84 92 10 11 88 44 72 29 10 4 35 78 17 81 81 13 0
71 32 47 32 86 38 91 89 83 6 9 63 43 39 38 24 19 41 94 77 54 49 40 79 7 15 88 84 81 29 29 16 45 25 61 43 53 42 10 37 45 59 71 8 88 48 4 81 22 43
76 49 25 75 69 87 4 0 52 63 27 57 86 95 43 63 0 9 74 67 1 99 31 77 13 62 19 54 57 79 3 71 48 94 51 65 80 97 2 33 49 89 3 72 69 18 27 73 26 83
68 59 47 24 10 24 58 51 39 83 15 59 22 22 19 10 12 97 50 24 11 22 92 53 54 86 29 21 49 81 79 6 12 70 91 50 40 48 81 15 79 78 31 48 89 62 47 10 35 84
12 60 26 24 3 46 57 32 69 13 85 14 84 89 56 1 58 34 38 1 86 55 86 14 91 42 8 53 15 8 61 2 45 33 12 79 65 54 69 41 25 96 26 66 92 98 10 89 65 92
57 23 4 89 35 6 56 12 43 45 79 24 42 69 19 26 56 95 54 97 41 95 62 88 50 5 14 60 78 50 7 65 59 32 7 36 18 33 14 6 30 78 91 19 17 9 5 68 50 20
92 55 76 22 29 77 86 60 37 57 19 64 44 33 12 82 99 66 89 96 30 59 41 89 57 72 84 29 94 97 69 55 1 24 31 49 93 73 96 36 46 95 96 89 17 65 60 46 8 44
30 37 16 37 36 93 20 48 61 46 23 47 58 40 16 85 25 25 77 92 36 48 19 59 69 96 55 54 40 27 56 64 36 22 90 3 72 38 73 87 7 75 35 32 30 64 78 4 27 89
25 63 76 21 86 35 16 99 27 8 56 81 31 62 61 85 20 65 70 48 29 23 8 42 58 24 9 54 57 16 37 75 59 51 64 51 74 22 35 44 84 90 32 18 0 60 93 96 71 99
74 76 47 10 81 42 90 18 6 50 44 71 86 27 77 90 99 91 4 15 14 86 91 80 41 40 96 99 97 34 36 68 81 33 46 66 39 64 43 78 34 42 60 99 16 63 9 43 0 72
23 68 22 88 83 31 81 20 83 41 96 83 99 60 36 81 71 39 9 15 44 93 11 10 13 90 73 33 40 87 52 85 11 0 67 22 58 19 59 1 32 8 96 15 22 37 95 33 68 23
49 64 10 89 9 86 75 19 35 71 57 73 90 8 90 26 11 72 38 55 77 31 88 90 86 13 56 22 98 9 48 43 88 66 50 92 76 38 17 0 2 30 12 56 27 68 40 96 36 30
94 20 57 55 99 23 85 32 46 43 56 47 59 55 52 38 29 80 72 84 52 23 85 36 66 51 68 19 73 37 80 44 17 83 83 88 93 77 52 96 19 51 51 47 33 71 3 33 35 45
44 36 62 23 18 70 96 77 28 58 76 19 42 88 22 36 34 13 90 51 28 60 38 40 88 60 48 54 24 59 28 37 56 83 18 62 30 11 15 48 39 44 22 65 50 86 82 77 84 25
28 1 80 48 42 37 32 79 92 10 38 68 90 73 43 1 55 29 82 59 22 30 16 53 35 82 77 35 95 57 0 37 8 63 28 82 93 78 8 34 95 62 12 32 49 50 75 31 4 56
1 64 87 47 7 51 66 76 88 82 74 77 1 9 5 6 87 72 50 18 9 97 36 3 93 41 22 95 41 63 31 55 15 89 1 94 66 78 52 24 86 80 0 26 64 83 88 52 73 22
20 84 27 45 1 57 49 81 32 56 47 34 67 26 47 27 55 13 93 99 3 91 56 38 63 24 9 86 83 64 1 60 13 0 73 17 88 9 42 28 39 54 99 24 82 36 6 16 30 10
95 66 95 3 75 29 32 20 26 29 19 30 19 37 28 82 55 71 62 31 99 54 45 11 98 88 78 26 90 36 39 15 99 42 38 42 55 2 6 93 40 36 55 35 22 62 84 15 43 25
8 20 0 1 5 37 19 54 78 89 17 64 94 76 42 53 64 63 16 31 67 81 83 79 67 94 19 64 37 41 5 49 31 42 69 26 74 2 18 52 58 88 65 37 97 10 94 94 70 57
56 31 93 51 29 71 34 89 37 89 52 18 67 34 98 30 75 88 47 18 99 7 72 38 89 58 91 82 6 94 51 95 92 64 89 16 10 98 24 68 87 16 9 0 22 84 59 34 87 18
95 78 46 50 32 88 95 96 16 18 89 94 56 15 28 49 22 67 40 65 98 90 0 51 45 17 61 79 17 98 7 36 26 7 80 18 71 55 30 3 2 51 75 11 27 1 78 36 13 57
75 10 41 24 47 48 98 77 11 52 8 17 59 29 40 74 80 2 43 63 25 54 63 36 24 70 53 43 16 16 29 91 87 89 69 37 4 22 61 99 23 49 94 89 48 78 52 55 79 51
49 87 88 82 51 42 88 79 13 76 53 63 93 44 31 62 61 6 88 7 57 25 77 86 79 87 68 46 34 86 68 49 5 55 66 64 67 39 62 2 10 65 69 9 91 63 76 52 89 31
49 77 6 70 4 19 67 80 12 17 58 59 34 95 92 92 52 10 92 75 94 2 57 59 81 69 79 58 56 33 87 87 94 36 91 12 78 38 66 67 21 99 11 95 26 3 14 54 61 44
95 22 91 69 81 42 9 49 99 6 90 18 98 64 18 37 24 51 64 54 23 70 85 88 80 66 64 19 32 34 75 41 75 32 40 0 78 26 72 22 49 5 41 79 6 79 28 86 77 29
40 73 12 47 55 75 94 83 92 1 86 54 85 28 98 79 32 65 48 81 26 14 88 90 20 9 88 25 53 43 34 42 42 78 61 58 75 65 77 84 30 76 32 44 84 37 71 88 67 13
16 68 20 38 79 53 39 58 70 85 85 92 11 35 55 20 5 58 71 49 95 98 43 28 68 89 24 79 45 20 1 10 32 18 28 98 73 98 63 21 20 96 60 27 8 25 5 47 53 65
7 68 83 45 6 80 77 47 67 12 2 10 47 31 30 70 38 7 15 44 20 52 85 27 81 49 84 44 26 70 61 49 57 59 41 67 70 10 95 44 81 31 62 41 54 6 55 11 1 33
57 98 2 10 17 23 13 71 63 58 71 10 64 75 44 17 50 74 14 76 58 93 71 85 96 33 93 13 15 19 33 61 2 97 50 23 33 25 60 82 44 98 51 65 57 72 71 41 2 87
76 40 69 41 80 4 22 27 25 13 89 60 53 55 3 43 3 49 2 73 15 32 55 25 38 22 26 95 41 31 43 11 61 63 84 56 47 15 90 94 60 95 7 64 57 84 86 60 4 56
