22 22
0 1 1 2 2 3 4 5 5 6 7 8 9 9 10 10 11 12 12 13 13 14 14 15 15 16 17 17 18 19 20 21 21 22 22 23 23 24 25 26 26 27 28 29 29 30 31 32 32 33
0 34 35 36 37 3 4 38 38 6 7 39 39 40 40 41 42 42 43 43 44 45 46 46 47 48 48 49 18 19 20 50 50 51 51 52 52 24 53 53 54 27 28 55 55 30 31 56 56 33
57 34 58 36 37 59 60 61 62 63 64 65 65 66 66 41 67 68 69 70 44 45 71 72 47 73 73 49 74 75 75 76 77 78 79 80 81 81 82 83 54 84 84 85 86 87 87 88 89 89
57 90 58 91 92 92 60 93 62 63 64 94 94 95 95 96 97 68 69 70 98 98 71 99 99 100 100 101 101 102 103 76 77 78 79 80 104 104 82 83 105 106 107 85 108 108 109 88 110 110
111 90 112 91 113 113 114 93 115 116 117 118 119 120 121 96 97 122 122 123 124 124 125 125 126 127 127 128 129 102 103 130 131 131 132 133 134 134 135 136 105 106 107 137 137 138 109 139 140 140
111 141 112 142 143 144 144 145 115 116 117 118 119 120 121 146 147 148 149 123 150 150 151 151 126 152 152 128 129 153 154 155 156 157 132 133 158 158 135 136 159 160 160 161 161 138 162 139 163 163
164 141 165 142 166 167 168 145 169 169 170 171 171 172 173 146 147 148 174 174 175 176 177 178 179 180 181 182 183 153 154 155 156 157 184 185 186 187 187 188 188 189 189 190 191 191 192 192 193 193
164 194 194 195 166 167 196 196 197 198 198 199 199 172 173 200 201 202 202 203 175 176 177 178 179 180 181 182 183 204 204 205 206 206 184 185 207 207 208 209 209 210 210 190 211 212 212 213 214 214
215 215 216 216 217 218 218 219 197 220 221 222 222 223 224 224 201 225 226 227 228 229 229 230 230 231 231 232 232 233 233 234 234 235 236 236 237 238 208 239 240 241 242 243 211 244 245 213 246 246
247 247 248 249 249 250 250 219 251 220 221 252 252 223 253 253 254 225 226 227 255 255 256 256 257 258 259 260 260 261 262 262 263 264 265 266 237 238 267 267 240 241 242 268 268 244 269 269 270 271
272 272 248 273 274 274 275 276 251 277 278 279 280 281 282 283 254 284 284 285 286 287 288 288 257 258 289 290 290 261 291 292 263 264 265 266 293 293 294 295 296 297 298 298 299 300 301 302 270 303
304 305 306 307 307 308 275 276 309 277 278 279 280 281 282 283 310 310 311 285 286 287 312 313 313 314 289 315 316 317 291 292 318 318 319 319 320 321 294 322 296 297 323 323 324 300 301 302 325 303
326 305 306 327 327 308 328 328 309 329 330 330 331 332 332 333 333 334 311 335 336 336 337 338 339 339 340 315 316 317 341 342 342 343 343 344 320 345 345 322 346 347 348 349 324 350 351 351 325 352
326 353 353 354 354 355 356 356 357 329 358 359 360 361 362 363 364 364 365 335 366 367 337 368 368 369 340 370 371 371 341 372 372 373 374 375 375 376 377 378 346 347 348 349 379 350 380 380 381 352
382 383 384 384 385 385 386 386 357 387 358 359 360 361 362 388 389 389 390 390 366 367 391 391 392 392 393 394 395 396 397 398 399 373 400 400 401 401 377 378 402 403 404 404 405 405 406 406 381 407
382 408 408 409 409 410 411 412 413 413 414 415 415 416 416 388 417 418 419 420 420 421 422 423 424 424 393 394 395 425 397 398 399 426 426 427 427 428 429 430 402 431 431 432 433 433 434 435 436 436
437 437 438 439 439 410 411 412 440 441 442 443 444 444 445 445 417 418 419 446 446 421 422 447 448 448 449 450 451 425 452 453 453 454 455 455 456 428 429 430 457 458 458 459 459 460 434 461 461 462
463 464 464 465 466 466 467 467 440 441 442 443 468 469 470 471 471 472 473 474 474 475 475 447 476 476 449 450 451 477 477 478 479 454 480 481 481 482 483 483 457 484 485 486 486 487 488 489 490 491
463 492 492 465 493 493 494 495 496 496 497 497 468 469 470 498 499 472 500 501 502 503 504 504 505 506 506 507 508 509 509 510 479 511 480 512 512 482 513 514 514 484 515 515 516 487 488 489 490 491
517 518 518 519 520 520 494 521 521 522 522 523 524 524 525 498 526 526 500 501 502 503 527 527 528 528 529 507 530 530 531 510 532 511 533 533 534 535 536 536 537 537 538 539 516 540 541 542 543 544
517 545 545 546 546 547 548 549 549 550 550 551 552 553 554 554 555 556 556 557 558 559 559 560 561 561 562 562 563 563 531 564 565 566 566 567 567 535 568 568 569 569 538 539 570 540 541 542 571 544
572 573 574 574 575 547 548 576 577 578 579 551 552 580 580 581 581 582 582 557 583 583 584 560 585 585 586 587 587 588 588 564 565 589 589 590 590 591 592 592 593 593 594 595 596 597 598 598 571 599
572 573 600 600 575 601 602 576 577 603 579 604 605 606 607 608 608 609 610 611 612 612 613 614 615 615 616 616 617 618 619 620 621 622 623 624 624 625 625 626 626 627 594 595 596 597 628 629 629 630
631 632 632 633 634 634 602 635 635 603 636 604 605 606 637 637 638 609 610 611 639 639 613 614 640 641 642 643 643 618 619 620 621 622 623 644 645 646 646 647 648 627 649 650 651 652 628 653 654 630
631 655 655 633 656 656 657 657 658 659 636 660 661 661 662 663 638 664 664 665 666 666 667 667 640 641 642 668 669 670 671 671 672 673 673 644 645 674 675 647 648 676 676 650 651 677 677 653 678 678
679 680 681 682 683 683 684 684 658 685 685 660 686 686 662 663 687 687 688 665 689 690 690 691 691 692 692 668 669 693 693 694 672 695 695 696 696 674 675 697 697 698 698 699 700 701 702 703 703 704
679 680 681 682 705 705 706 706 707 707 708 709 709 710 711 712 712 713 714 715 689 716 717 718 719 719 720 720 721 721 722 694 723 723 724 725 726 727 727 728 729 729 730 699 700 701 702 731 732 733
734 735 736 737 738 738 739 739 740 741 708 742 743 743 711 744 744 713 714 715 745 716 746 718 747 747 748 748 749 750 750 751 751 752 724 725 753 754 755 728 756 757 757 758 759 759 760 731 732 733
734 735 761 737 762 763 763 764 740 765 766 742 767 767 768 769 770 771 772 772 745 773 746 774 775 776 777 777 749 778 779 780 780 752 781 781 753 754 755 782 782 783 783 758 784 785 785 786 787 787
788 788 761 789 790 790 791 764 792 765 793 793 794 795 768 769 770 771 796 796 797 798 798 774 775 776 799 800 801 778 779 802 802 803 804 804 805 806 806 807 807 808 809 810 784 811 812 812 813 813
814 815 815 789 816 816 791 817 817 818 818 819 794 820 820 821 822 822 823 824 797 825 826 826 827 828 799 800 801 829 830 831 832 803 833 834 805 835 835 836 837 808 809 810 838 811 839 839 840 841
814 842 843 843 844 845 846 846 847 847 848 819 849 850 850 851 851 852 823 853 854 854 855 855 827 828 856 856 857 829 830 831 832 858 859 834 860 860 861 836 862 863 863 864 864 865 865 866 840 841
867 842 868 868 844 869 870 870 871 871 848 872 849 873 874 874 875 876 876 853 877 878 879 880 880 881 881 882 857 883 884 884 885 885 859 886 887 888 888 889 862 890 890 891 892 893 894 866 895 896
897 897 898 899 899 869 900 901 901 902 903 872 904 905 906 906 907 907 908 908 877 878 909 909 910 910 911 911 912 883 913 914 915 915 916 917 887 918 918 919 920 920 921 891 892 893 922 922 895 923
924 925 925 926 927 927 900 928 928 929 903 930 904 905 931 932 933 934 935 936 936 937 938 938 939 939 940 940 941 941 913 914 942 943 916 917 944 944 945 919 946 947 948 949 949 950 950 951 952 923
924 953 954 926 955 955 956 957 958 929 959 930 960 960 931 932 933 934 935 961 962 962 963 964 964 965 966 967 967 968 969 970 970 943 971 972 973 974 945 975 975 947 948 976 977 978 978 979 952 980
981 953 954 982 982 983 983 957 958 984 959 985 985 986 986 987 987 988 988 961 989 989 963 990 990 965 991 991 992 968 969 993 994 994 971 972 973 974 995 996 997 997 998 999 977 1000 1000 979 1001 1001
1002 1002 1003 1004 1004 1005 1006 1007 1008 1009 1009 1010 1011 1011 1012 1012 1013 1014 1014 1015 1016 1017 1018 1018 1019 1020 1021 1021 1022 1022 1023 1024 1025 1025 1026 1027 1027 1028 995 1029 1029 1030 1031 999 1032 1032 1033 1033 1034 1035
1036 1037 1003 1038 1038 1005 1006 1007 1008 1039 1040 1040 1041 1042 1043 1043 1044 1044 1045 1015 1016 1017 1046 1046 1019 1020 1047 1047 1048 1048 1023 1024 1049 1049 1026 1050 1050 1028 1051 1051 1052 1052 1031 1053 1054 1055 1055 1056 1057 1035
1036 1058 1059 1060 1060 1061 1061 1062 1062 1039 1063 1064 1041 1042 1065 1066 1067 1067 1045 1068 1069 1070 1071 1072 1072 1073 1074 1075 1075 1076 1076 1077 1077 1078 1078 1079 1080 1080 1081 1082 1082 1083 1084 1053 1085 1085 1086 1087 1057 1088
1089 1058 1059 1090 1090 1091 1092 1092 1093 1093 1063 1064 1094 1094 1065 1066 1095 1096 1097 1068 1069 1070 1071 1098 1098 1073 1074 1099 1100 1101 1102 1102 1103 1104 1104 1079 1105 1105 1081 1106 1107 1083 1084 1108 1108 1109 1109 1087 1110 1088
1089 1111 1112 1113 1114 1114 1115 1116 1116 1117 1117 1118 1118 1119 1119 1120 1095 1121 1097 1122 1122 1123 1123 1124 1124 1125 1125 1099 1100 1101 1126 1126 1103 1127 1128 1128 1129 1130 1130 1131 1107 1132 1132 1133 1133 1134 1135 1136 1110 1137
1138 1111 1112 1113 1139 1140 1141 1142 1142 1143 1144 1144 1145 1145 1146 1120 1147 1121 1148 1148 1149 1150 1151 1152 1152 1153 1153 1154 1154 1155 1155 1156 1157 1157 1158 1159 1129 1160 1161 1131 1162 1163 1163 1164 1165 1134 1166 1136 1167 1168
1169 1170 1170 1171 1139 1172 1141 1173 1174 1143 1175 1176 1176 1177 1178 1178 1147 1179 1180 1180 1149 1150 1151 1181 1182 1183 1183 1184 1185 1185 1186 1156 1187 1187 1158 1159 1188 1160 1161 1189 1190 1190 1191 1164 1165 1192 1166 1193 1193 1168
1169 1194 1195 1195 1196 1172 1197 1173 1174 1198 1198 1199 1200 1200 1201 1202 1202 1179 1203 1204 1205 1206 1206 1181 1182 1207 1207 1208 1209 1210 1186 1211 1212 1213 1214 1214 1215 1216 1216 1189 1217 1218 1191 1219 1219 1192 1220 1220 1221 1221
1222 1194 1223 1223 1196 1224 1225 1226 1227 1228 1229 1230 1231 1232 1233 1233 1234 1234 1235 1204 1236 1236 1237 1238 1239 1240 1241 1208 1209 1210 1242 1242 1212 1213 1243 1243 1215 1244 1245 1246 1217 1218 1247 1248 1248 1249 1249 1250 1250 1251
1252 1253 1254 1255 1256 1256 1225 1226 1227 1228 1229 1230 1231 1257 1257 1258 1259 1260 1235 1261 1261 1262 1237 1238 1239 1240 1263 1263 1264 1264 1265 1266 1266 1267 1267 1268 1269 1244 1245 1270 1271 1271 1247 1272 1273 1273 1274 1274 1275 1275
1252 1253 1254 1255 1276 1276 1277 1278 1279 1279 1280 1280 1281 1282 1282 1258 1259 1260 1283 1283 1284 1262 1285 1285 1286 1287 1287 1288 1289 1290 1290 1291 1292 1292 1293 1268 1269 1294 1295 1270 1296 1297 1298 1298 1299 1299 1300 1300 1301 1301
1302 1302 1303 1303 1304 1304 1277 1278 1305 1306 1307 1307 1281 1308 1309 1309 1310 1311 1311 1312 1313 1313 1314 1314 1286 1315 1315 1288 1289 1316 1317 1318 1319 1319 1293 1320 1321 1294 1295 1322 1296 1297 1323 1323 1324 1324 1325 1326 1326 1327
1328 1328 1329 1330 1330 1331 1332 1332 1305 1306 1333 1334 1334 1308 1335 1335 1310 1336 1336 1312 1337 1337 1338 1339 1339 1340 1341 1341 1342 1342 1317 1318 1343 1343 1344 1320 1321 1345 1345 1322 1346 1347 1347 1348 1349 1349 1325 1350 1351 1351
78 61 31 94 23 12 45 33 21 69 69 11 50 81 79 14 28 98 80 8 10 86 36 82 10 63 47 80 6 60 17 97 65 50 27 34 96 32 39 1 94 52 26 94 11 60 5 9 73 71
30 55 63 17 89 36 12 97 96 70 64 99 97 72 7 26 14 43 42 69 99 74 6 55 79 9 49 57 24 43 31 45 9 34 47 12 47 59 90 66 84 67 2 62 83 31 40 15 52 28
92 52 20 17 3 74 28 55 16 24 14 6 52 21 84 56 7 69 42 95 72 17 23 7 62 70 27 88 15 36 57 4 41 93 41 77 43 88 82 1 96 64 45 91 51 35 21 26 78 48
20 69 64 4 88 48 91 32 69 16 33 39 38 0 98 24 92 22 36 7 33 81 41 32 81 60 68 43 3 7 93 13 98 25 84 58 56 53 70 40 97 93 93 57 90 54 96 4 5 55
58 8 68 20 71 93 3 39 62 17 37 17 71 91 36 77 15 52 18 20 88 60 66 77 72 18 99 45 74 86 81 16 36 33 57 18 19 82 51 38 47 12 27 44 43 1 2 55 34 47
40 55 21 45 78 40 66 3 92 91 4 84 0 85 65 67 55 78 16 53 72 68 24 98 87 69 55 43 62 47 49 91 38 50 12 12 17 30 33 38 99 25 91 11 74 73 18 66 30 65
77 59 85 58 44 67 73 42 96 48 14 66 63 91 36 58 93 92 70 7 37 60 18 94 17 89 6 37 69 24 6 15 31 54 82 82 55 44 45 23 32 8 52 21 70 86 35 38 1 99
46 83 84 71 21 37 93 25 31 37 54 40 47 21 98 14 16 92 86 63 5 85 29 41 65 21 92 77 30 88 9 31 94 91 94 15 31 86 56 78 87 13 53 50 9 20 91 25 72 96
12 38 55 70 19 38 40 22 50 22 34 14 20 38 10 93 69 23 20 44 41 26 44 91 16 2 65 79 40 36 31 53 55 79 40 63 51 8 62 80 7 67 16 43 32 94 83 89 81 96
28 27 2 52 13 59 47 40 45 13 86 36 42 62 74 52 84 36 60 79 58 87 65 52 18 46 77 59 16 35 85 92 22 68 46 92 16 97 72 21 41 35 34 33 40 16 25 34 92 67
9 19 93 99 82 89 67 37 92 26 87 98 69 28 24 30 62 14 78 82 93 83 4 32 46 24 73 0 31 16 38 91 58 25 40 59 17 6 34 67 74 98 25 8 74 67 6 63 88 58
58 83 53 44 69 42 13 61 0 66 48 94 12 43 85 36 14 29 59 82 7 12 79 53 14 51 22 18 47 41 41 7 42 89 35 71 46 55 97 82 95 76 9 70 30 57 26 98 82 47
36 55 12 67 86 61 17 65 30 6 23 99 5 65 1 35 5 96 89 37 43 39 65 80 59 78 39 43 64 66 0 56 3 70 14 62 53 58 32 40 83 62 73 66 51 64 62 27 29 60
31 40 88 99 83 40 82 41 9 28 5 90 27 19 79 41 32 77 78 23 48 36 85 6 37 72 95 73 30 25 0 59 40 79 57 22 75 49 3 34 32 0 79 36 9 2 83 92 85 38
17 38 96 67 74 56 6 69 57 91 22 23 63 94 30 98 32 6 58 72 37 94 48 18 1 72 2 46 9 87 26 34 24 92 10 54 68 97 66 95 17 33 44 67 11 23 45 98 37 79
33 92 50 1 91 23 99 41 61 36 73 11 58 81 2 97 86 47 13 52 76 35 91 63 59 22 20 88 68 38 87 48 71 57 31 78 37 74 6 12 96 80 3 74 15 4 54 85 96 34
4 51 83 50 40 26 4 66 6 90 50 48 38 66 37 41 87 72 56 69 22 13 2 13 75 53 1 52 23 47 58 9 11 50 46 99 10 35 20 83 40 15 43 37 20 47 15 31 51 79
33 57 58 25 81 12 53 34 83 63 19 1 60 41 51 24 56 41 77 52 53 28 77 64 68 98 44 17 21 35 18 49 41 78 52 67 80 46 89 56 99 48 20 69 14 4 23 61 12 17
2 21 26 19 68 76 80 84 94 79 64 91 37 75 31 60 91 46 21 43 3 52 66 6 87 81 37 56 7 74 87 48 66 0 1 45 34 21 94 69 87 16 4 5 24 84 98 35 88 86
87 53 49 93 53 43 7 47 23 59 75 85 92 80 67 69 65 58 2 49 54 13 93 71 15 57 85 82 72 85 13 96 33 84 39 45 51 58 38 69 86 42 89 25 80 88 79 67 80 80
44 72 73 82 27 91 92 44 94 50 63 59 88 66 20 85 39 39 4 89 11 80 15 84 85 1 9 16 34 81 91 44 50 48 21 9 79 36 99 30 51 53 46 30 7 3 22 29 76 4
9 40 46 59 91 89 84 17 22 8 65 76 68 42 66 97 60 14 42 65 23 70 79 15 20 52 58 1 92 81 56 73 48 79 19 29 78 15 76 95 43 19 54 40 89 33 37 66 51 16
36 17 59 32 56 71 55 74 6 38 26 7 58 89 32 36 54 55 27 54 70 59 10 36 35 2 2 4 25 89 99 62 46 86 53 2 66 12 42 33 74 63 57 25 19 28 22 22 35 21
18 76 66 1 94 20 26 31 7 14 85 65 89 71 50 68 57 75 91 3 77 89 12 22 19 54 44 19 16 9 16 24 88 22 56 30 10 34 98 96 54 14 32 77 71 90 0 75 6 72
41 78 15 1 54 4 0 39 91 88 34 63 69 21 31 76 80 58 34 26 3 81 51 9 63 90 27 10 53 10 86 81 74 20 21 87 50 65 55 52 72 40 18 19 91 80 0 60 7 84
32 23 82 89 37 26 31 19 72 37 60 50 47 55 26 45 49 79 23 94 5 45 75 32 79 56 38 12 35 33 74 37 95 67 60 50 80 65 68 63 19 51 31 64 23 70 56 31 1 23
41 63 16 78 40 24 55 6 66 95 35 49 33 73 35 89 41 85 3 85 52 22 55 47 42 0 59 18 55 98 15 74 49 90 5 80 11 80 50 7 84 59 4 68 20 63 10 57 45 86
67 16 10 9 75 0 30 0 38 17 51 36 68 23 99 94 19 74 5 36 77 38 29 69 81 78 47 24 62 90 16 95 76 59 88 24 49 14 44 62 18 23 29 97 58 42 24 56 77 98
17 68 78 60 35 4 46 0 19 29 43 16 57 67 10 7 51 31 83 36 20 17 59 8 76 13 96 54 58 1 11 50 73 51 55 38 67 68 51 75 39 95 71 62 0 88 47 93 76 48
1 55 29 6 47 56 81 17 75 81 2 11 67 66 63 27 18 1 43 98 98 89 18 63 38 54 35 30 24 6 2 19 89 7 18 23 94 71 72 89 54 8 57 5 26 25 35 61 49 10
59 25 13 72 8 94 19 87 0 53 91 55 74 48 63 88 89 11 74 8 44 42 8 85 55 20 76 58 17 85 86 38 75 88 26 78 54 66 37 39 56 85 8 97 26 55 57 25 71 65
19 43 26 64 6 49 69 97 34 82 38 15 53 55 22 42 31 21 56 86 77 58 25 76 70 31 78 73 64 76 53 13 45 43 54 60 84 42 33 75 83 40 22 57 94 15 12 50 4 75
40 62 98 55 38 76 8 74 56 44 36 16 74 19 24 20 49 95 62 80 46 54 28 74 30 6 87 53 88 8 44 85 11 64 89 52 99 40 38 71 23 15 53 99 3 9 45 76 83 55
94 33 97 50 2 90 89 19 82 88 24 6 45 3 62 95 84 91 98 73 13 45 36 16 68 61 43 44 42 3 25 67 14 49 77 24 16 85 45 55 37 0 0 33 98 12 91 27 27 54
18 37 69 65 68 28 98 53 60 70 90 50 77 94 67 88 17 57 43 91 22 33 35 37 62 98 55 63 77 14 37 89 76 81 21 27 2 98 79 29 63 44 88 51 38 83 29 3 85 84
0 24 26 77 6 70 39 6 39 26 99 92 68 52 76 86 2 16 35 23 61 11 97 22 58 74 60 9 69 25 75 26 50 62 7 59 60 41 56 33 60 50 0 52 74 1 10 18 63 49
57 55 87 52 91 19 6 14 50 65 98 2 40 23 20 16 5 88 20 32 59 71 83 13 24 97 81 44 72 15 64 4 91 80 94 15 90 78 55 20 34 20 1 50 20 81 93 80 26 8
15 63 25 83 72 36 77 34 90 43 54 3 46 94 49 62 31 8 70 70 99 54 76 22 59 15 55 95 24 48 34 75 11 8 99 34 67 18 54 54 71 13 42 58 80 69 41 85 9 32
59 70 61 60 27 87 28 90 90 60 96 4 45 30 52 90 85 64 99 90 33 7 41 59 46 78 59 56 4 90 82 18 94 55 81 83 7 26 86 47 88 35 8 86 81 37 78 80 19 93
4 54 22 5 22 87 11 58 35 99 81 54 82 76 72 93 88 53 72 2 64 74 17 51 61 60 41 97 14 94 20 43 4 35 28 35 79 49 53 46 21 70 53 24 11 54 95 10 76 48
7 48 58 54 3 26 36 96 23 65 64 25 25 10 0 96 1 43 4 63 40 29 94 83 87 58 40 29 5 88 75 60 45 77 79 16 34 50 34 66 97 39 41 20 5 43 63 61 91 83
32 13 7 44 43 16 96 76 53 10 38 99 89 77 25 39 31 52 76 7 3 85 74 22 78 4 64 73 9 50 72 41 73 78 16 73 76 85 70 53 30 53 98 46 31 98 29 79 97 76
18 55 30 10 78 28 10 86 48 82 83 63 89 33 36 15 64 11 70 27 30 34 68 64 3 97 46 32 57 17 92 81 93 77 89 89 5 26 62 12 56 20 25 51 97 74 93 52 97 3
89 90 81 0 72 74 36 61 8 35 2 94 20 3 66 97 47 48 44 5 99 0 3 39 38 18 64 94 91 91 92 77 54 9 63 91 96 57 95 29 97 89 38 92 44 27 67 38 66 1
54 84 73 12 2 75 4 79 74 0 46 4 4 59 70 42 80 89 1 30 47 82 32 7 51 41 74 81 21 90 85 16 21 51 38 49 26 38 11 52 66 5 70 53 90 92 91 64 88 35
80 32 50 61 0 80 46 21 74 4 64 77 50 40 27 30 31 71 29 80 71 71 58 98 5 6 67 12 78 82 75 42 38 84 9 37 52 25 31 51 19 25 71 18 58 26 21 46 69 77
77 98 27 82 69 72 28 81 42 90 79 72 80 37 26 99 93 60 13 98 62 84 79 82 74 4 96 67 26 60 40 83 6 98 4 96 91 95 14 32 51 15 23 68 21 80 24 35 50 48
90 93 88 56 71 21 63 77 12 44 68 27 40 59 41 64 35 68 45 24 73 63 3 21 74 32 96 47 13 84 49 57 47 79 93 82 72 60 59 17 88 77 22 73 61 7 44 75 94 31
62 76 22 67 55 60 17 31 28 77 13 69 33 11 22 73 9 82 41 82 2 62 79 18 81 42 16 46 96 89 63 16 22 44 32 25 11 51 66 65 69 5 40 45 97 82 3 62 19 40
29 94 2 50 26 33 3 92 0 95 50 49 93 7 27 14 15 33 56 32 78 21 91 37 30 7 2 53 16 41 38 24 60 99 74 37 15 94 77 34 48 30 53 22 75 10 68 57 28 20
