44 13
0 0 1 2 2 3 3 4 5 6 7 8 9 10 11 11 12 12 13 14 14 15 16 16 17 17 18 18 19 19 20 21 22 23 24 24 25 26 27 28 29 29 30 30 31 32 32 33 34 34
35 36 37 37 38 39 40 41 5 6 7 8 9 42 43 44 44 45 46 46 47 15 48 48 49 50 50 51 52 52 20 21 53 23 54 55 55 26 27 56 57 58 59 60 60 61 61 33 62 63
35 36 64 64 38 39 40 41 65 65 66 67 68 42 43 69 69 45 70 70 47 71 71 72 49 73 74 75 76 76 77 78 53 79 54 80 81 82 83 56 57 58 59 84 84 85 85 86 62 63
87 87 88 89 90 90 91 91 92 93 66 67 68 94 94 95 96 97 98 99 100 100 101 72 102 73 74 75 103 103 77 78 104 79 105 80 81 106 83 107 107 108 109 109 110 111 111 86 112 113
114 114 88 89 115 115 116 117 117 93 118 119 119 120 120 95 96 121 98 122 122 123 101 124 102 125 125 126 126 127 128 128 129 130 131 132 132 106 133 134 135 108 136 136 110 137 138 139 139 113
140 141 142 142 143 143 116 144 145 145 146 146 147 148 149 150 150 121 151 152 153 123 154 124 155 155 156 156 157 127 158 159 129 130 131 160 161 161 133 162 135 163 164 165 165 137 166 167 168 169
140 141 170 171 171 172 172 144 173 174 175 175 147 148 176 177 178 179 151 152 153 180 180 181 181 182 182 183 184 185 158 186 186 187 187 160 188 189 189 162 190 163 164 191 191 192 166 193 168 169
194 194 195 195 196 197 197 198 199 174 200 201 201 202 176 203 178 204 205 205 206 206 207 207 208 208 209 209 184 185 210 211 212 212 213 213 188 214 215 216 217 218 219 220 221 192 222 193 223 223
224 225 225 226 196 227 228 198 199 229 200 230 231 202 232 203 233 204 234 234 235 236 237 237 238 238 239 239 240 241 210 242 242 243 244 245 246 214 215 247 217 248 219 220 221 249 249 250 251 252
224 253 253 226 254 227 255 256 257 229 258 230 231 259 259 260 260 261 262 263 235 264 265 265 266 267 267 268 240 269 270 271 272 273 244 245 246 274 274 247 275 248 276 277 277 278 279 279 251 252
280 280 281 281 282 282 255 283 257 284 258 285 286 287 287 288 289 289 262 290 291 264 292 292 266 293 293 294 294 269 270 271 272 273 295 295 296 297 298 299 275 300 300 301 301 278 302 302 303 303
304 305 306 307 308 309 309 283 310 311 311 285 286 312 312 313 314 315 315 290 291 316 316 317 317 318 318 319 319 320 321 322 323 324 325 326 327 297 298 328 328 329 329 330 331 331 332 332 333 334
304 335 306 307 336 337 338 339 310 340 341 342 343 343 344 313 345 345 346 346 347 347 348 349 349 350 350 351 351 352 321 322 353 324 325 326 327 354 354 355 355 356 357 330 358 359 360 360 333 334
361 335 362 362 336 337 338 339 363 363 341 342 364 364 344 365 365 366 367 368 368 369 369 370 371 371 372 373 373 352 374 374 353 375 376 377 377 378 378 379 380 380 357 381 358 359 382 383 384 384
385 385 386 387 387 388 389 389 390 390 391 392 392 393 393 394 394 395 367 396 397 398 398 399 400 400 401 401 402 402 403 403 404 404 376 405 406 406 407 407 408 408 409 381 410 410 382 383 411 412
413 413 386 414 414 415 415 416 417 417 391 418 418 419 419 420 421 395 422 422 397 423 423 399 424 424 425 426 427 427 428 429 429 430 430 405 431 432 433 434 435 435 409 436 436 437 438 438 411 412
439 439 440 441 441 442 443 444 445 446 447 448 448 449 450 450 421 451 452 452 453 453 454 455 455 456 456 426 457 458 428 459 460 461 461 462 431 432 433 463 463 464 464 465 466 467 468 468 469 469
470 471 471 472 472 442 473 444 445 446 447 474 474 475 475 476 477 477 478 479 480 480 454 481 481 482 483 483 457 458 484 484 460 485 485 462 486 487 487 488 488 489 490 465 466 467 491 491 492 493
494 494 495 496 497 497 473 498 499 500 501 502 503 503 504 476 505 505 478 479 506 506 507 508 508 509 510 511 511 512 513 514 515 515 516 517 486 518 518 519 519 489 490 520 521 522 522 523 523 493
524 525 525 496 526 526 527 498 499 500 501 502 528 528 529 529 530 531 531 532 533 533 507 534 534 509 510 535 535 512 513 514 536 537 537 517 538 538 539 540 541 541 542 520 521 543 543 544 545 546
547 547 548 549 550 551 527 552 553 553 554 555 555 556 557 558 530 559 560 532 561 562 563 564 564 565 565 566 567 567 568 569 536 570 571 571 572 572 539 540 573 574 574 575 576 577 578 544 545 546
579 579 548 549 580 551 581 552 582 583 554 584 584 556 557 558 585 559 560 586 561 562 563 587 587 588 588 566 589 590 590 569 591 570 592 593 593 594 595 596 596 597 597 575 598 577 578 599 599 600
601 602 603 603 580 604 605 605 582 583 606 607 607 608 608 609 609 610 611 612 613 614 615 615 616 617 618 619 619 620 620 621 591 622 622 623 624 624 595 625 625 626 626 627 598 628 629 629 630 630
601 631 632 633 633 604 634 635 636 637 606 638 638 639 640 641 642 610 611 612 613 643 643 644 616 617 618 645 646 646 647 647 648 648 649 650 651 652 653 654 654 655 656 657 657 628 658 659 659 660
661 631 632 662 662 663 634 635 636 637 664 665 666 639 667 641 642 668 669 669 670 671 671 672 672 673 673 645 674 675 675 676 676 677 677 650 651 652 678 679 680 655 656 681 681 682 682 683 683 660
684 685 686 687 688 689 690 691 691 692 692 665 693 693 667 694 694 668 695 695 670 696 696 697 698 699 699 700 674 701 702 703 704 704 705 706 706 707 678 679 680 708 708 709 710 710 711 712 712 713
684 685 714 687 688 689 690 715 716 716 717 717 718 718 719 720 721 722 723 724 725 725 726 726 698 727 727 700 728 701 702 703 729 729 730 731 732 707 733 734 734 735 736 736 737 737 711 738 738 713
739 739 714 740 741 742 743 744 745 746 746 747 748 749 719 720 721 750 723 751 751 752 753 754 754 755 756 757 728 758 758 759 760 761 730 731 732 762 733 763 764 735 765 765 766 767 768 768 769 770
771 772 772 740 741 742 743 744 773 773 774 775 748 776 776 777 777 750 778 779 779 752 753 780 780 755 756 757 781 782 782 759 760 783 783 784 784 785 786 763 764 787 788 789 766 790 791 791 769 770
792 793 793 794 794 795 795 796 797 797 798 775 799 799 800 801 801 802 778 803 803 804 805 806 806 807 808 809 781 810 810 811 811 812 813 814 814 785 786 815 816 816 788 817 817 790 818 819 820 820
792 821 821 822 823 824 825 796 826 826 798 827 827 828 800 829 829 802 830 830 831 832 805 833 833 807 808 834 834 835 835 836 837 812 813 838 839 840 840 815 841 842 843 844 845 846 818 819 847 847
848 849 849 822 823 824 825 850 851 851 852 852 853 828 854 855 856 857 857 858 858 832 859 859 860 860 861 861 862 862 863 863 837 864 865 838 866 867 867 868 841 842 843 844 845 846 869 869 870 870
848 871 871 872 873 873 874 850 875 876 877 878 853 879 854 855 856 880 881 882 883 884 884 885 885 886 887 887 888 888 889 889 890 890 865 891 866 892 892 893 894 895 895 896 896 897 898 899 899 900
901 902 902 872 903 903 874 904 875 876 877 878 905 879 906 906 907 907 881 882 883 908 908 909 909 886 910 911 911 912 913 913 914 914 915 916 917 918 918 893 894 919 920 921 922 923 898 924 925 900
901 926 927 927 928 928 929 904 930 930 931 931 905 932 932 933 933 934 935 936 936 937 938 939 940 940 910 941 941 912 942 942 943 943 915 916 917 944 944 945 945 919 920 921 922 923 946 946 925 947
948 926 949 949 950 950 929 951 951 952 952 953 954 954 955 955 956 934 935 957 957 937 938 939 958 959 959 960 961 962 963 963 964 964 965 965 966 967 968 969 970 970 971 972 972 973 974 974 975 975
948 976 976 977 977 978 978 979 980 981 981 953 982 982 983 983 956 984 984 985 986 987 988 988 989 989 990 960 991 962 992 993 993 994 994 995 995 967 968 996 997 997 971 998 999 973 1000 1000 1001 1001
1002 1002 1003 1003 1004 1005 1005 979 1006 1006 1007 1007 1008 1008 1009 1009 1010 1011 1011 985 986 987 1012 1012 1013 1014 990 1015 991 1016 992 1017 1018 1018 1019 1020 1020 1021 1022 996 1023 1024 1025 1025 999 1026 1027 1028 1028 1029
1030 1031 1032 1033 1004 1034 1035 1035 1036 1037 1038 1038 1039 1040 1040 1041 1010 1042 1043 1044 1045 1046 1047 1047 1013 1048 1048 1015 1049 1050 1051 1052 1052 1053 1053 1054 1055 1055 1022 1056 1023 1057 1058 1058 1059 1026 1027 1060 1060 1029
1030 1031 1032 1061 1062 1034 1063 1063 1064 1037 1065 1065 1066 1066 1067 1041 1068 1042 1043 1044 1045 1046 1069 1069 1070 1070 1071 1072 1072 1050 1073 1074 1074 1075 1075 1054 1076 1076 1077 1056 1078 1057 1079 1080 1081 1081 1082 1083 1083 1084
1085 1085 1086 1061 1062 1087 1088 1089 1064 1090 1090 1091 1091 1092 1092 1093 1093 1094 1095 1095 1096 1096 1097 1097 1098 1099 1099 1100 1101 1102 1073 1103 1103 1104 1105 1105 1106 1106 1077 1107 1108 1108 1079 1080 1109 1110 1082 1111 1112 1113
1114 1115 1086 1116 1116 1087 1088 1089 1117 1118 1119 1120 1120 1121 1122 1122 1123 1094 1124 1124 1125 1125 1126 1126 1098 1127 1128 1128 1101 1129 1130 1131 1132 1132 1133 1133 1134 1134 1135 1136 1137 1138 1138 1139 1109 1140 1141 1111 1112 1113
1142 1115 1143 1144 1144 1145 1145 1146 1117 1118 1147 1147 1148 1149 1150 1151 1123 1152 1153 1153 1154 1155 1156 1156 1157 1158 1158 1159 1159 1129 1130 1131 1160 1160 1161 1162 1162 1163 1135 1136 1164 1165 1166 1167 1167 1140 1141 1168 1169 1170
1142 1171 1143 1172 1172 1173 1174 1146 1175 1175 1176 1177 1148 1149 1150 1151 1178 1179 1180 1180 1181 1155 1182 1183 1157 1184 1184 1185 1186 1187 1188 1189 1189 1190 1191 1192 1193 1194 1194 1195 1164 1165 1196 1196 1197 1197 1198 1168 1169 1170
1199 1199 1200 1200 1201 1173 1174 1202 1202 1203 1203 1177 1204 1205 1205 1206 1206 1179 1207 1208 1181 1209 1182 1183 1210 1210 1211 1211 1186 1187 1188 1212 1212 1190 1191 1213 1193 1214 1214 1195 1215 1215 1216 1216 1217 1218 1198 1219 1219 1220
1221 1222 1222 1223 1201 1224 1225 1226 1227 1227 1228 1228 1204 1229 1230 1230 1231 1231 1207 1208 1232 1233 1234 1234 1235 1236 1237 1238 1239 1239 1240 1241 1241 1242 1242 1213 1243 1244 1244 1245 1246 1246 1247 1248 1217 1218 1249 1250 1251 1251
1221 1252 1252 1223 1253 1254 1225 1226 1255 1255 1256 1256 1257 1229 1258 1259 1259 1260 1261 1261 1232 1233 1262 1262 1235 1236 1237 1238 1263 1263 1240 1264 1265 1266 1266 1267 1268 1269 1269 1245 1270 1270 1247 1248 1271 1272 1249 1250 1273 1274
1275 1276 1277 1278 1278 1254 1279 1280 1280 1281 1282 1282 1257 1283 1284 1284 1285 1260 1286 1286 1287 1288 1288 1289 1290 1291 1292 1293 1294 1295 1296 1264 1265 1297 1297 1298 1268 1299 1299 1300 1301 1301 1302 1303 1304 1272 1305 1306 1273 1274
1275 1276 1277 1307 1308 1308 1279 1309 1309 1281 1310 1311 1312 1283 1313 1314 1315 1315 1316 1316 1287 1317 1318 1318 1290 1291 1292 1293 1319 1295 1320 1321 1322 1323 1323 1298 1324 1324 1325 1326 1326 1327 1302 1303 1304 1328 1305 1306 1329 1330
1331 1331 1332 1333 1333 1334 1335 1335 1336 1336 1310 1311 1337 1337 1313 1338 1338 1339 1340 1340 1341 1317 1342 1342 1343 1343 1344 1344 1319 1345 1320 1321 1322 1346 1346 1347 1348 1348 1325 1349 1349 1350 1350 1351 1351 1352 1352 1353 1353 1330
71 33 9 10 42 78 61 95 60 67 39 48 55 52 69 18 17 72 52 98 47 38 49 54 51 57 64 24 45 18 38 10 92 77 77 49 85 67 7 11 26 21 4 67 86 72 72 98 10 73
48 33 27 31 7 18 53 48 81 37 29 70 86 52 52 78 96 51 32 80 32 57 76 87 64 37 86 2 54 46 71 51 21 82 47 27 31 91 21 50 18 36 78 86 85 11 61 56 44 44
76 77 94 34 90 16 50 2 14 95 2 11 11 5 89 5 79 88 59 42 60 16 50 47 82 12 62 38 3 29 6 48 82 90 39 62 47 76 20 21 66 73 22 46 95 2 20 38 85 2
53 22 95 16 74 91 81 14 50 56 72 45 34 92 18 57 40 80 40 27 87 9 1 26 10 13 84 28 6 77 55 51 21 5 30 86 71 33 13 20 71 37 31 80 34 65 26 65 32 21
90 86 43 16 43 5 85 65 78 72 55 74 28 87 84 2 40 21 62 67 26 54 53 58 52 6 32 41 99 79 43 57 4 47 12 90 44 73 25 6 92 12 89 77 55 67 28 65 5 66
23 81 86 16 1 74 51 64 71 88 34 59 7 96 27 68 91 2 58 11 7 17 14 67 65 84 64 6 75 15 15 64 40 70 4 54 53 7 3 80 3 25 42 40 91 72 74 75 40 70
80 49 70 22 16 48 16 32 71 46 25 53 60 90 84 7 7 62 18 30 20 29 37 31 86 34 91 19 75 34 34 53 35 67 37 87 7 36 90 95 48 33 53 53 7 19 66 3 0 1
17 20 23 68 74 40 19 49 2 9 1 86 63 99 19 65 99 70 22 21 17 19 78 89 91 40 37 65 61 22 25 93 20 33 0 23 21 8 97 14 59 26 24 37 96 88 96 63 47 85
61 61 66 0 31 74 26 73 23 78 90 87 31 98 95 91 8 24 31 43 88 45 98 99 9 7 86 95 14 80 3 82 7 15 75 81 76 64 40 26 40 23 56 77 62 36 1 28 59 50
23 12 89 80 78 48 59 43 68 24 27 16 13 96 76 21 0 67 81 3 70 71 22 17 67 76 32 24 33 1 16 7 95 78 82 4 39 95 4 13 62 95 87 73 17 3 52 4 11 77
97 20 9 30 22 50 77 28 1 14 17 19 14 27 13 86 57 93 66 92 52 96 62 62 91 93 59 5 79 82 67 34 46 61 92 18 8 3 77 35 85 76 22 8 14 15 32 72 87 21
96 14 65 22 20 27 21 26 97 30 37 76 15 78 40 3 61 11 2 40 91 1 76 88 44 93 53 86 72 18 70 94 72 93 92 40 23 67 63 30 56 13 32 33 72 0 25 71 10 14
83 24 26 1 72 1 5 9 29 52 50 41 57 86 39 9 18 39 63 3 43 72 92 32 86 46 74 60 67 49 78 61 76 9 74 17 16 81 59 35 86 86 18 71 54 1 87 33 33 20
33 80 24 66 28 22 99 91 10 7 57 93 23 33 80 86 50 56 5 24 0 6 73 37 79 94 99 70 46 81 73 91 1 37 90 62 83 16 12 51 67 96 68 40 76 58 89 40 35 51
71 19 47 8 2 74 51 88 51 47 92 29 35 18 47 39 5 80 71 16 39 67 28 77 64 2 97 71 6 3 79 38 44 73 2 42 23 41 1 82 55 68 82 50 3 41 58 86 61 12
93 70 70 86 6 13 37 46 61 7 88 96 28 79 12 53 51 56 67 3 91 44 11 30 49 39 19 61 57 26 7 32 50 38 26 72 80 50 59 87 25 1 73 69 37 73 72 64 73 85
23 6 64 15 50 89 28 98 76 38 39 25 2 29 46 84 72 77 67 67 12 35 91 22 67 23 43 47 34 84 63 41 58 76 78 86 97 66 82 5 78 83 0 89 33 2 41 86 16 45
30 80 5 2 79 51 58 45 64 95 89 6 98 69 41 12 30 69 85 33 92 77 34 55 38 12 54 32 93 7 75 27 4 93 26 37 63 88 20 40 26 5 25 11 34 41 7 64 64 77
15 57 62 43 74 60 25 12 53 0 43 33 8 13 77 99 29 95 47 4 61 73 88 96 89 2 32 44 86 6 19 60 16 63 16 73 22 77 12 71 92 59 88 91 61 47 43 75 6 70
6 15 74 47 64 98 55 67 1 57 9 64 65 93 34 60 65 42 2 5 2 28 41 20 67 56 67 24 99 66 4 62 16 69 73 88 82 54 56 16 15 13 43 3 24 90 9 0 31 57
68 22 94 78 77 34 76 60 12 30 36 82 78 88 6 51 88 57 69 20 61 24 38 86 69 4 18 44 73 58 68 45 54 76 48 80 55 71 95 8 79 89 0 31 46 62 42 40 50 22
58 39 42 5 48 57 76 36 12 52 89 94 39 10 11 40 12 97 18 94 77 58 39 69 7 90 66 20 98 69 64 58 93 30 91 87 7 29 55 25 39 58 33 85 70 40 57 7 85 95
77 74 78 11 55 96 80 86 82 71 82 11 11 17 56 32 56 41 30 93 66 59 22 36 30 20 76 2 33 60 71 80 22 87 50 33 87 85 38 69 80 82 97 68 30 38 69 58 11 67
41 60 16 36 31 75 13 58 79 71 13 63 52 44 46 74 13 67 49 19 44 48 92 12 24 61 66 46 84 99 70 21 13 22 30 57 81 84 98 40 14 85 19 4 37 26 65 36 37 27
59 74 71 40 2 91 94 26 89 10 69 88 53 62 50 9 39 83 28 19 31 20 60 59 92 34 15 26 0 95 76 75 10 12 30 79 30 81 83 81 9 35 1 29 60 71 97 67 2 45
33 5 24 8 6 21 4 22 53 63 32 64 74 90 16 85 43 41 82 8 40 79 75 34 38 85 10 97 8 4 20 77 70 15 79 26 3 30 59 74 5 47 36 82 25 52 96 41 94 73
57 10 84 20 32 5 56 17 97 81 90 59 9 88 51 87 68 73 48 2 75 27 72 51 55 41 34 2 69 1 56 12 82 93 45 5 72 54 31 8 43 0 76 18 24 30 42 17 1 68
97 43 87 66 14 27 11 42 45 80 73 88 98 94 15 35 53 79 95 99 16 67 74 62 29 98 23 88 63 60 4 21 31 69 78 27 41 44 16 69 26 60 98 63 39 62 28 84 74 78
93 97 52 87 50 67 29 90 83 28 59 79 89 19 5 97 71 61 60 98 9 14 49 19 85 55 80 2 71 44 99 59 48 85 43 30 9 86 85 6 22 64 58 40 11 91 15 71 6 18
7 21 66 72 50 68 56 59 11 13 30 64 71 57 28 25 14 61 82 3 77 64 84 66 24 84 74 43 62 81 99 23 84 53 24 27 82 66 96 52 36 76 55 52 69 63 8 22 58 91
98 66 39 85 71 27 43 8 80 21 78 72 28 61 52 84 20 71 71 69 86 93 75 39 21 38 62 13 31 2 19 37 27 71 66 6 76 80 69 13 45 68 38 70 16 15 11 0 7 63
71 45 45 50 45 81 0 37 2 93 97 37 77 61 55 88 6 56 87 31 50 8 46 62 56 36 24 59 68 1 40 16 74 66 10 59 88 45 74 80 32 90 79 9 50 66 66 96 10 9
25 29 44 37 92 62 54 10 7 89 97 78 81 37 61 49 44 55 44 98 77 80 46 77 88 42 80 48 32 16 29 72 10 53 11 14 28 63 15 6 6 28 12 96 83 21 96 21 96 35
45 4 46 2 16 65 39 79 44 8 64 77 82 75 23 65 26 8 67 70 90 68 73 49 40 25 55 16 97 61 56 16 1 87 20 95 26 35 10 59 59 63 82 66 37 73 16 27 8 57
79 87 27 11 72 17 22 28 14 12 7 47 17 95 77 54 76 82 4 37 82 64 92 5 98 69 2 26 94 97 73 32 29 95 73 29 86 18 3 61 43 12 13 15 60 28 98 92 79 43
36 98 80 41 94 1 95 19 46 22 19 86 28 6 6 64 87 91 99 54 36 81 21 33 7 34 80 40 21 65 7 91 82 62 34 61 33 16 74 27 82 93 81 81 81 88 75 83 12 13
19 34 39 28 49 21 22 75 76 68 74 4 92 87 4 29 79 45 29 11 34 32 39 44 50 57 81 71 9 97 95 19 93 59 50 18 5 94 77 16 80 83 58 6 27 70 12 72 73 32
69 75 77 93 22 79 81 51 74 72 47 59 77 39 2 30 25 93 47 57 87 44 64 29 58 30 71 46 86 80 50 88 67 16 38 49 18 53 55 31 85 35 39 78 41 22 75 53 18 97
25 71 24 24 48 2 45 15 60 82 67 91 9 85 36 6 87 15 99 65 65 59 62 0 53 99 6 64 12 55 59 10 30 69 88 51 55 87 61 66 24 92 63 6 14 63 61 93 53 17
1 65 32 5 44 50 45 23 37 52 69 37 84 3 90 59 71 90 49 40 85 98 48 44 37 52 78 72 62 81 96 13 92 23 60 84 40 3 2 59 44 89 22 29 64 74 95 3 60 45
11 15 95 72 92 2 88 89 11 77 2 23 18 71 25 21 54 15 78 65 78 71 4 14 66 4 64 28 0 99 59 94 66 16 75 94 94 7 40 40 18 5 38 29 52 2 56 7 0 43
56 75 34 70 35 21 45 64 7 37 77 48 50 28 82 26 90 76 99 17 61 65 37 29 90 74 50 62 39 24 6 25 96 26 16 49 53 2 61 44 14 71 96 70 85 27 57 49 28 98
78 96 37 77 52 34 34 64 44 46 68 34 12 50 83 11 46 76 33 38 46 94 39 20 58 64 76 1 74 55 49 4 40 72 2 72 46 22 62 8 0 65 9 8 63 94 78 70 81 13
25 81 86 64 60 51 36 38 55 68 34 53 67 94 7 13 77 86 55 96 19 28 84 33 76 56 17 93 12 66 79 26 28 55 76 65 35 38 23 39 88 5 38 30 6 8 22 13 67 64
54 76 96 95 43 44 76 12 74 44 21 81 23 24 4 53 75 95 65 41 22 42 21 35 43 17 20 31 14 72 99 35 26 17 74 61 0 31 25 93 26 9 13 14 41 65 62 17 71 64
36 66 6 76 83 14 32 83 49 36 38 62 72 67 23 73 62 1 24 4 61 8 89 36 2 44 96 41 77 52 95 70 3 34 85 10 7 48 26 77 82 12 21 50 39 96 70 82 74 67
27 45 24 48 25 53 38 13 58 67 56 13 83 65 72 91 38 37 35 24 73 8 70 43 11 7 41 34 52 8 0 4 75 10 15 98 23 36 71 85 26 17 35 70 20 15 60 77 55 81
33 64 56 86 28 22 28 33 57 62 37 16 4 17 97 78 78 12 10 84 84 66 68 79 54 35 10 17 62 71 54 57 94 3 92 80 51 44 87 88 14 18 66 82 39 60 20 76 52 12
63 39 97 64 8 29 65 62 56 25 9 78 59 42 49 73 42 22 49 84 45 96 78 29 59 7 82 62 67 31 30 45 3 3 99 37 72 86 15 42 94 4 86 5 3 81 93 3 87 11
41 93 75 8 8 39 23 40 83 86 4 98 14 59 44 98 27 90 37 91 64 32 31 12 43 32 48 90 31 86 1 61 44 47 56 97 50 41 43 37 87 28 21 3 88 91 91 69 81 49
