26 46
0 0 1 2 2 3 4 5 6 7 7 8 8 9 10 10 11 12 13 14 15 15 16 16 17 17 18 18 19 19 20 20 21 21 22 22 23 23 24 25 25 26 26 27 27 28 29 29 30 31
32 32 33 34 35 3 4 5 36 36 37 37 38 39 39 40 11 12 13 14 41 42 43 44 44 45 45 46 46 47 47 48 49 49 50 51 51 52 53 54 54 55 55 56 57 28 58 59 30 31
60 60 33 34 35 61 61 62 63 64 64 65 66 66 67 67 68 68 69 69 41 42 43 70 70 71 72 73 73 74 75 48 76 76 77 77 78 78 53 79 79 80 80 56 57 81 58 59 82 82
83 83 84 85 85 86 86 62 63 87 87 65 88 89 89 90 91 91 92 92 93 94 95 96 96 97 72 98 98 74 75 99 99 100 100 101 101 102 103 104 105 105 106 106 107 107 108 109 110 110
111 111 84 112 113 114 114 115 116 117 118 118 88 119 120 121 122 123 123 124 93 94 125 125 126 97 127 128 129 129 130 131 132 133 134 135 135 102 103 104 136 136 137 137 138 139 140 109 141 142
143 144 144 112 145 145 146 115 116 147 147 148 149 150 120 121 122 151 151 124 152 153 153 154 126 155 155 128 156 157 130 131 132 133 134 158 159 159 160 161 162 162 163 164 165 139 140 166 166 142
167 167 168 169 170 171 146 172 172 173 173 148 174 150 175 176 177 178 179 179 152 180 180 154 181 181 182 183 156 157 184 185 185 186 186 158 187 188 160 161 189 189 190 164 165 191 191 192 193 194
195 196 197 169 198 171 199 199 200 200 201 201 174 202 175 203 177 178 204 205 206 207 208 208 209 210 211 183 212 212 184 213 213 214 215 215 216 188 217 218 219 219 190 220 220 221 221 192 193 194
222 196 197 223 198 224 225 226 226 227 227 228 228 202 229 203 230 231 204 205 206 207 232 232 209 210 211 233 233 234 234 235 235 214 236 236 216 237 217 238 239 239 240 240 241 241 242 243 244 244
222 245 246 223 247 224 225 248 248 249 249 250 250 251 252 252 230 253 254 255 255 256 256 257 258 258 259 260 261 261 262 262 263 263 264 265 266 267 267 238 268 268 269 270 271 271 242 243 272 272
273 245 246 274 275 276 277 278 279 280 281 281 282 282 283 283 284 253 254 285 286 286 287 257 288 289 259 290 291 292 293 294 295 295 264 296 266 297 297 298 298 299 269 300 300 301 302 302 303 304
273 305 306 306 275 276 277 278 279 307 308 308 309 310 310 311 284 312 313 313 314 314 315 316 288 317 318 290 291 292 293 319 319 320 320 296 321 322 322 323 323 299 324 325 325 326 326 327 327 304
328 328 329 329 330 330 331 332 332 307 333 334 309 335 335 311 336 337 338 339 340 340 315 341 341 317 318 342 343 343 344 344 345 345 346 347 348 348 349 349 350 350 324 351 351 352 353 353 354 354
355 355 356 356 357 358 358 359 359 360 360 334 361 362 362 363 336 337 338 339 364 365 365 366 367 368 369 370 370 371 372 372 373 374 346 347 375 376 377 377 378 379 380 380 381 352 382 382 383 384
385 386 387 388 357 389 390 390 391 392 392 393 361 394 394 363 395 396 396 397 364 398 399 366 367 368 369 400 400 371 401 401 373 402 403 403 404 376 405 405 406 379 407 407 381 408 409 409 383 384
385 386 387 410 411 411 412 413 414 414 415 393 416 416 417 418 395 419 419 397 420 398 399 421 422 422 423 424 425 425 426 426 427 402 428 428 404 429 430 431 406 432 433 434 434 408 435 436 437 437
438 439 439 410 440 440 412 413 441 441 415 442 443 444 417 418 445 445 446 447 448 449 449 421 450 451 423 424 452 452 453 454 455 456 457 457 458 429 430 459 460 432 461 462 462 463 435 464 465 466
467 468 469 470 470 471 472 472 473 473 474 475 443 476 476 477 478 479 446 447 448 480 481 481 450 451 482 483 484 484 453 454 455 485 485 486 458 487 487 459 460 488 461 489 490 463 491 464 465 492
467 468 469 493 493 494 494 495 496 496 474 475 497 497 498 477 478 479 499 500 500 480 501 502 503 503 482 504 504 505 506 507 507 508 508 486 509 509 510 511 512 488 513 489 514 514 491 515 516 492
517 518 519 519 520 521 522 523 524 524 525 525 526 526 527 527 528 528 499 529 530 531 501 502 532 532 533 534 535 535 506 536 536 537 538 538 539 539 510 511 512 540 513 541 542 543 543 515 516 544
517 545 545 546 546 521 522 523 547 548 548 549 550 551 551 552 553 554 555 556 530 531 557 557 558 559 559 534 560 560 561 561 562 537 563 563 564 565 565 566 567 568 568 541 569 569 570 570 571 544
572 573 573 574 574 575 576 576 547 577 577 549 578 579 579 552 553 554 555 556 580 580 581 582 558 583 583 584 584 585 585 586 587 588 588 589 589 590 590 566 567 591 591 592 592 593 594 594 571 595
572 596 597 598 599 575 600 600 601 601 602 602 578 603 604 604 605 606 607 607 608 608 581 582 609 610 611 612 613 614 614 586 587 615 615 616 616 617 617 618 619 620 621 621 622 623 623 624 624 595
625 596 626 598 599 627 627 628 628 629 629 630 631 632 632 633 605 606 634 635 635 636 637 638 639 610 611 612 640 640 641 642 642 643 644 645 645 646 646 618 647 620 648 649 650 651 652 653 653 654
625 655 626 656 656 657 657 658 659 660 660 630 631 661 661 633 662 662 663 664 665 636 637 666 639 667 668 669 670 670 641 671 671 643 644 672 673 673 674 675 647 676 676 649 650 651 677 677 678 654
679 655 680 680 681 682 683 683 659 684 684 685 686 687 688 688 689 689 663 664 665 690 690 666 691 692 668 669 693 693 694 694 695 695 696 696 697 697 674 675 698 698 699 699 700 700 701 702 703 703
679 704 705 706 707 682 708 709 709 710 711 685 686 687 712 713 713 714 715 716 717 717 718 719 720 692 721 721 722 722 723 724 725 725 726 727 728 728 729 729 730 731 732 732 733 734 701 702 735 736
737 704 705 706 707 738 708 739 740 710 711 741 742 742 743 744 744 714 715 716 745 745 718 719 720 746 747 747 748 749 723 750 751 752 726 753 754 755 756 756 730 731 757 758 733 734 759 760 735 736
737 761 761 762 762 738 763 739 740 764 765 766 767 768 743 769 769 770 770 771 771 772 773 774 775 776 776 777 777 749 778 750 751 752 779 753 754 780 781 781 782 782 757 758 783 783 759 760 784 784
785 785 786 787 788 788 763 789 790 764 765 766 791 768 792 793 794 795 795 796 797 772 773 774 775 798 799 799 800 801 801 802 803 803 779 804 805 780 806 807 808 809 809 810 811 811 812 813 813 814
815 816 786 817 818 818 819 789 790 820 820 821 791 822 823 793 794 824 824 796 797 825 826 826 827 798 828 828 800 829 830 802 831 832 832 804 833 834 835 807 808 836 836 810 837 837 812 838 838 839
815 840 840 817 841 841 819 842 843 844 845 846 847 848 823 849 850 851 852 852 853 853 854 854 827 855 856 857 857 829 858 858 859 859 860 860 833 861 835 862 863 864 864 865 866 866 867 868 869 839
870 871 871 872 873 873 874 842 843 844 845 846 847 848 875 875 850 851 876 877 878 878 879 879 880 855 881 881 882 882 883 883 884 885 885 886 886 861 887 887 863 888 888 865 889 890 867 868 869 891
892 893 893 872 894 895 896 896 897 898 899 900 901 902 902 903 903 904 876 877 905 905 906 906 880 907 907 908 908 909 910 910 911 911 912 912 913 914 914 915 915 916 917 917 889 890 918 918 919 891
892 920 920 921 921 895 922 923 897 924 899 900 925 925 926 926 927 927 928 929 929 930 931 931 932 932 933 934 934 909 935 936 936 937 938 939 940 941 942 943 943 916 944 945 945 946 946 947 947 948
949 950 950 951 951 952 952 923 953 924 954 954 955 956 956 957 957 958 959 959 960 930 961 962 963 963 933 964 965 965 935 966 967 937 938 939 940 941 968 969 969 970 971 971 972 972 973 974 975 948
976 976 977 978 979 980 981 981 953 982 983 984 955 985 986 987 987 958 988 988 960 989 961 962 990 990 991 964 992 992 993 994 967 995 995 996 997 998 968 999 1000 970 1001 1002 1003 1003 1004 974 975 1005
1006 1006 977 978 979 1007 1007 1008 1008 1009 983 1010 1011 1011 986 1012 1013 1014 1014 1015 1015 989 1016 1016 1017 1017 991 1018 1019 1020 1020 994 1021 1021 1022 1022 997 1023 1024 999 1000 1025 1001 1002 1026 1026 1004 1027 1027 1005
1028 1028 1029 1029 1030 1030 1031 1032 1032 1009 1033 1010 1034 1035 1035 1012 1013 1036 1036 1037 1037 1038 1038 1039 1040 1041 1041 1018 1019 1042 1042 1043 1044 1044 1045 1046 1046 1023 1024 1047 1048 1025 1049 1049 1050 1050 1051 1051 1052 1052
1053 1053 1054 1054 1055 1055 1031 1056 1057 1057 1058 1059 1034 1060 1060 1061 1062 1062 1063 1063 1064 1065 1065 1039 1066 1066 1067 1068 1069 1069 1070 1043 1071 1072 1072 1073 1073 1074 1074 1047 1048 1075 1076 1077 1077 1078 1079 1080 1081 1081
1082 1082 1083 1084 1084 1085 1086 1056 1087 1088 1058 1059 1089 1089 1090 1061 1091 1092 1093 1093 1094 1094 1095 1096 1097 1097 1067 1068 1098 1099 1070 1100 1071 1101 1102 1102 1103 1103 1104 1104 1105 1075 1076 1106 1106 1107 1079 1080 1108 1108
1109 1109 1110 1111 1112 1113 1086 1114 1087 1115 1115 1116 1116 1117 1090 1118 1091 1092 1119 1120 1120 1121 1095 1096 1122 1122 1123 1123 1098 1124 1125 1125 1126 1101 1127 1127 1128 1128 1129 1129 1105 1130 1131 1132 1132 1107 1133 1134 1134 1135
1136 1136 1110 1111 1137 1113 1138 1114 1139 1140 1141 1142 1143 1143 1144 1118 1145 1146 1146 1147 1147 1121 1148 1148 1149 1149 1150 1150 1151 1124 1152 1153 1153 1154 1154 1155 1155 1156 1157 1157 1158 1158 1131 1159 1159 1160 1133 1161 1162 1135
1163 1163 1164 1164 1137 1165 1138 1166 1139 1140 1141 1142 1167 1167 1144 1168 1145 1169 1170 1171 1172 1172 1173 1173 1174 1174 1175 1175 1151 1176 1152 1177 1177 1178 1178 1179 1180 1156 1181 1181 1182 1182 1183 1184 1185 1186 1186 1161 1162 1187
1188 1189 1190 1191 1192 1165 1193 1166 1194 1194 1195 1196 1196 1197 1197 1198 1198 1169 1170 1171 1199 1199 1200 1200 1201 1202 1202 1203 1203 1204 1204 1205 1205 1206 1207 1207 1180 1208 1208 1209 1210 1210 1183 1211 1185 1212 1213 1214 1214 1187
1188 1189 1190 1191 1215 1215 1193 1216 1216 1217 1195 1218 1218 1219 1219 1220 1221 1222 1222 1223 1224 1224 1225 1225 1201 1226 1227 1228 1229 1230 1231 1232 1232 1206 1233 1234 1235 1235 1236 1236 1237 1238 1239 1211 1240 1212 1213 1241 1242 1243
1244 1244 1245 1246 1246 1247 1247 1248 1248 1217 1249 1250 1250 1251 1252 1220 1221 1253 1253 1254 1255 1256 1257 1257 1258 1226 1227 1228 1229 1259 1231 1260 1260 1261 1233 1234 1262 1263 1264 1264 1237 1238 1239 1265 1266 1267 1267 1268 1242 1243
1269 1270 1270 1271 1272 1273 1274 1274 1275 1276 1276 1277 1277 1251 1278 1278 1279 1280 1280 1254 1255 1281 1282 1283 1258 1284 1285 1286 1287 1259 1288 1289 1289 1261 1290 1290 1262 1263 1291 1291 1292 1292 1293 1265 1266 1294 1295 1268 1296 1296
1269 1297 1297 1271 1272 1273 1298 1298 1275 1299 1299 1300 1301 1302 1303 1303 1279 1304 1304 1305 1305 1281 1282 1283 1306 1284 1285 1286 1287 1307 1288 1308 1309 1310 1310 1311 1311 1312 1313 1314 1314 1315 1293 1316 1317 1294 1295 1318 1319 1320
1321 1321 1322 1322 1323 1323 1324 1325 1325 1326 1327 1327 1301 1302 1328 1328 1329 1329 1330 1330 1331 1331 1332 1332 1306 1333 1333 1334 1334 1307 1335 1335 1309 1336 1336 1337 1338 1338 1313 1339 1339 1315 1340 1316 1317 1341 1341 1318 1319 1320
3 69 60 46 60 56 95 80 71 9 42 44 56 87 92 86 18 61 89 58 27 9 0 92 41 73 18 60 92 95 92 61 15 93 88 61 32 50 47 0 26 85 67 95 55 55 5 26 69 77
47 6 7 76 75 97 93 69 62 90 47 43 68 8 70 68 70 58 9 54 66 69 20 94 84 4 57 50 75 62 99 24 69 25 1 18 95 20 44 90 3 75 64 29 23 14 93 38 12 41
85 72 99 48 65 35 71 99 58 91 10 54 32 69 48 97 34 81 31 3 17 79 77 38 65 5 30 70 79 13 51 36 26 91 99 63 66 2 40 93 40 98 95 59 6 46 72 51 90 43
1 70 34 41 39 46 30 0 35 25 38 21 38 44 93 7 21 88 52 8 17 45 32 71 41 27 63 13 41 55 2 76 54 57 36 54 66 7 17 31 8 5 99 43 44 24 78 18 54 70
50 70 37 23 99 85 68 7 44 64 11 71 56 51 33 9 49 39 75 56 14 13 32 60 46 31 33 21 4 32 12 17 58 74 23 45 91 77 2 68 41 7 26 84 94 5 8 96 59 87
75 19 18 3 22 80 67 74 39 48 66 57 53 99 62 67 86 72 87 88 41 88 65 5 13 89 93 81 20 13 85 69 6 69 32 63 17 52 85 47 81 99 90 48 42 75 96 50 65 12
37 54 88 87 87 75 31 34 84 41 86 57 19 21 77 80 26 23 84 16 35 40 3 40 74 68 29 59 95 14 26 40 95 3 88 34 14 28 66 63 88 49 44 13 72 56 75 20 2 53
83 99 85 73 86 13 42 84 16 13 36 4 56 37 10 46 31 88 7 15 76 64 78 59 5 77 46 3 96 21 50 98 71 28 25 63 67 13 82 69 59 38 0 93 39 7 31 37 59 51
39 32 74 62 85 92 82 56 73 54 51 43 75 80 74 54 2 40 77 77 56 22 21 72 13 85 28 57 90 23 62 67 36 73 95 77 8 76 80 81 76 23 81 67 14 50 42 25 58 12
27 18 89 46 1 18 15 77 54 76 69 83 0 47 23 92 12 19 39 95 14 41 94 27 88 71 71 27 86 81 3 65 58 7 1 1 24 96 35 18 36 49 11 44 26 9 5 18 14 50
84 42 73 82 25 67 88 35 68 60 96 62 2 74 69 22 48 14 37 4 18 79 2 60 90 17 37 78 56 59 27 5 93 67 78 70 23 72 78 32 53 49 48 78 44 32 42 7 77 81
59 28 39 7 64 90 65 97 4 30 66 39 62 48 4 68 97 58 58 90 19 66 35 48 52 5 88 1 69 51 27 37 50 34 40 42 66 68 48 46 27 3 99 88 21 91 93 90 96 99
54 5 22 68 28 18 4 61 94 76 49 90 74 98 0 8 76 96 1 99 29 35 68 69 53 44 11 73 23 19 92 40 43 30 26 84 23 2 15 6 60 84 56 52 86 52 69 17 44 35
43 31 87 23 94 17 4 61 57 48 93 58 22 5 97 72 28 62 28 22 54 90 45 39 54 46 10 53 57 5 16 32 73 73 65 61 11 55 95 71 11 61 7 43 50 39 60 21 23 51
70 15 89 71 47 19 42 2 66 40 92 81 74 36 4 60 30 43 43 4 39 5 99 33 76 48 68 60 26 70 65 79 11 69 61 66 92 37 63 49 61 46 30 48 3 57 36 91 51 92
40 32 35 28 92 56 34 31 59 85 66 42 6 65 63 36 46 72 18 47 39 69 20 24 10 34 4 39 52 14 45 28 52 41 33 9 61 92 99 90 1 10 22 16 56 95 85 45 33 10
3 87 77 97 52 67 26 54 47 6 24 62 7 65 82 73 17 8 34 87 82 48 64 84 12 28 59 33 98 32 0 83 76 89 96 60 7 77 4 18 47 31 52 48 32 92 82 65 31 81
16 93 53 35 78 45 55 37 29 52 9 40 56 47 61 87 29 51 75 56 64 38 10 38 39 27 90 82 73 55 57 44 68 68 61 76 23 0 15 28 53 98 78 76 54 64 80 35 94 95
2 2 54 84 71 86 82 17 55 12 60 88 33 59 63 95 58 55 50 37 79 69 39 83 50 53 97 57 42 56 22 71 83 34 21 40 14 18 88 89 20 67 81 40 4 42 68 16 3 47
21 57 85 35 77 22 79 19 93 62 77 57 33 38 95 39 46 21 44 81 72 0 40 82 7 35 71 56 99 81 55 86 55 15 39 32 10 98 94 58 6 29 55 84 23 79 4 33 85 13
59 19 88 15 41 84 34 49 52 13 57 88 21 11 21 24 78 71 10 92 29 28 0 89 30 88 82 58 2 89 98 88 50 17 79 67 53 4 96 7 83 62 48 73 20 39 1 55 87 74
43 25 30 56 75 95 52 91 12 81 9 98 70 45 93 18 47 75 91 63 52 94 49 2 74 47 9 54 43 31 70 91 53 63 8 32 88 50 58 19 96 1 21 27 95 26 35 33 46 77
71 73 8 66 77 35 0 65 6 39 30 30 6 94 68 61 81 32 39 84 75 2 3 9 67 13 91 9 89 43 64 30 88 50 3 84 35 50 58 45 69 64 30 47 66 66 23 39 0 33
10 52 74 76 11 93 75 31 47 11 50 91 6 24 51 36 49 37 2 10 80 72 13 52 85 12 28 60 57 26 46 3 91 86 50 45 78 42 15 72 44 51 12 93 11 29 10 17 53 75
37 1 86 84 8 65 21 87 70 38 39 26 8 34 28 35 44 80 76 28 19 53 44 79 83 64 62 36 63 92 42 24 26 37 24 54 93 65 74 46 28 20 35 41 54 91 15 9 5 5
47 78 97 42 82 86 40 63 3 98 81 48 94 54 62 56 83 50 98 80 32 41 5 11 25 4 19 88 19 87 80 45 82 41 5 86 12 68 40 75 57 78 48 15 56 35 52 36 51 33
50 47 95 40 5 54 81 66 69 60 43 83 9 32 70 5 39 80 44 63 1 92 83 11 25 97 43 35 38 21 24 6 39 57 24 4 77 42 68 21 6 26 94 48 25 33 73 11 0 63
6 94 64 67 33 71 10 90 64 27 95 87 99 5 85 14 31 45 49 12 89 36 16 60 8 36 85 30 22 17 25 43 60 25 56 81 45 78 38 93 40 57 10 66 92 20 17 64 82 72
4 89 43 52 52 63 76 56 22 67 50 54 87 40 73 34 10 26 50 38 96 17 56 46 46 30 85 48 26 13 72 60 60 48 54 69 86 89 14 22 74 82 38 71 64 2 25 84 78 19
26 96 29 71 76 78 39 82 20 46 99 9 13 24 4 50 22 78 80 59 92 0 96 3 11 85 52 39 55 75 68 12 29 85 46 70 60 29 99 82 51 98 82 17 88 62 45 84 21 38
16 39 71 73 14 85 25 16 24 77 96 48 24 27 36 41 22 68 56 43 18 61 13 47 75 9 78 61 2 78 76 45 74 8 7 11 24 18 52 99 28 65 37 65 22 52 1 31 27 98
97 80 19 91 74 25 54 53 1 9 46 86 98 77 57 62 67 38 88 28 74 96 28 42 11 60 1 75 40 37 48 65 10 32 84 62 17 22 0 69 14 59 21 11 64 52 3 75 38 22
32 46 34 6 19 81 16 74 66 71 62 17 99 9 25 3 7 44 38 36 13 48 29 67 86 92 83 75 4 54 6 3 50 93 21 81 48 37 53 64 35 28 28 64 10 15 10 88 93 29
36 63 95 12 83 43 64 36 21 0 25 59 68 55 47 53 45 57 51 56 87 28 68 98 8 9 59 26 46 90 86 15 60 76 91 29 6 7 32 5 98 37 85 63 53 46 92 49 99 33
63 93 88 34 29 66 97 26 42 10 45 99 28 28 2 28 87 5 31 52 83 17 86 40 96 59 62 97 9 84 68 71 23 20 50 99 0 76 54 38 56 10 91 15 59 74 66 78 81 64
83 0 37 40 96 79 99 71 39 52 99 81 22 97 14 8 37 66 70 23 92 55 21 17 97 17 76 27 87 92 37 94 11 81 42 39 97 11 54 43 77 4 86 68 45 89 0 16 98 90
58 42 81 47 77 76 43 82 92 35 63 1 71 77 25 22 59 53 16 85 14 87 85 56 15 69 94 24 26 90 34 24 49 61 59 16 65 58 51 30 40 68 57 53 56 20 71 36 50 15
66 16 5 62 9 13 71 34 13 30 72 40 66 12 72 24 46 55 69 1 29 34 48 50 69 94 31 4 42 0 40 11 74 59 70 10 63 58 44 99 8 58 89 92 82 71 78 1 63 48
3 46 79 71 56 51 87 20 75 89 1 37 80 48 16 5 41 60 8 20 97 79 20 43 68 91 70 81 97 14 19 92 34 3 64 63 86 93 15 25 79 87 19 92 12 76 56 17 27 69
50 47 81 85 87 47 86 56 67 53 56 45 23 27 89 63 40 18 37 84 2 76 16 58 58 46 73 73 55 40 17 90 22 46 35 90 27 77 72 80 38 24 92 73 38 58 93 49 10 56
34 47 71 83 24 44 45 13 60 30 76 27 51 2 23 21 64 34 27 10 62 32 51 30 65 19 83 83 66 27 55 55 40 20 8 45 93 32 97 52 93 59 14 71 61 16 72 68 88 59
69 17 76 1 56 27 25 80 37 84 90 2 6 50 90 95 4 13 7 99 0 83 2 79 74 73 14 75 46 20 89 11 39 14 73 29 95 26 34 41 20 98 62 92 81 15 71 97 2 16
24 53 53 43 12 86 65 97 31 57 11 43 1 68 46 83 16 68 65 14 14 36 93 9 40 19 64 67 35 27 47 32 74 32 71 81 24 32 65 42 22 26 75 64 37 95 93 98 23 87
19 7 94 83 25 48 3 26 11 52 59 24 45 91 30 88 37 19 69 55 76 10 31 9 91 89 54 61 86 80 73 72 23 52 83 31 27 43 57 42 62 40 25 21 91 89 39 53 1 20
62 91 91 94 57 7 6 7 33 62 67 36 48 92 87 33 41 2 22 37 3 95 70 95 35 76 50 53 66 46 24 41 80 79 26 31 9 93 42 11 95 69 99 68 95 42 59 84 10 86
84 56 63 86 32 10 81 99 50 0 46 27 79 67 3 40 45 29 66 95 17 68 8 92 0 15 69 81 71 26 52 79 17 12 96 73 84 74 8 1 5 97 99 94 95 31 35 43 91 8
97 3 29 76 55 67 44 10 16 86 11 15 7 72 63 53 36 99 13 25 83 86 27 71 88 67 78 52 84 54 63 51 1 77 76 91 90 97 35 86 54 36 62 17 26 81 48 6 86 8
58 81 88 96 29 35 16 50 92 71 97 38 63 0 29 10 39 65 44 87 66 13 58 43 25 63 95 27 18 96 60 18 58 73 33 51 45 2 20 90 59 42 19 94 56 57 45 80 70 43
4 43 92 14 24 54 99 39 32 99 34 50 85 89 39 17 95 50 59 34 73 38 16 73 78 75 29 3 47 24 39 53 47 84 82 25 79 28 82 55 35 54 65 65 99 69 78 12 32 94
86 26 49 3 41 96 29 79 12 19 15 6 28 23 52 96 83 21 27 54 12 29 24 53 55 8 6 89 52 22 99 29 77 17 15 9 41 75 53 58 23 57 52 71 20 1 88 85 37 65
