17 22
0 1 1 2 3 4 5 5 6 7 8 8 9 9 10 10 11 11 12 13 13 14 15 15 16 16 17 18 18 19 20 21 22 22 23 24 25 26 27 28 29 29 30 31 31 32 33 34 35 35
0 36 36 2 3 4 37 37 6 38 38 39 39 40 40 41 41 42 12 43 44 44 45 46 46 47 47 48 49 49 20 21 50 50 23 24 25 26 27 51 51 52 30 53 53 32 33 34 54 54
55 56 56 57 57 58 58 59 59 60 60 61 61 62 63 63 64 42 65 65 66 67 45 68 69 70 70 71 72 73 74 74 75 75 76 77 77 78 78 79 80 52 81 82 82 83 83 84 84 85
55 86 86 87 88 89 90 91 91 92 93 94 95 95 96 96 64 97 97 98 99 67 100 68 69 101 102 71 72 73 103 104 105 105 76 106 106 107 107 79 80 108 109 110 111 112 112 113 113 85
114 115 115 116 88 117 90 118 118 92 93 119 119 120 121 121 122 123 123 98 99 124 125 125 126 101 102 127 128 129 103 104 130 131 131 132 133 134 135 135 136 108 109 110 111 137 138 138 139 140
114 141 141 116 142 117 143 143 144 144 145 145 146 147 147 148 122 149 149 150 150 124 151 151 126 152 152 153 128 154 154 155 156 156 157 157 133 134 158 158 136 159 159 160 161 137 162 162 139 140
163 163 164 164 142 165 165 166 166 167 167 168 169 170 171 172 172 173 174 175 175 176 176 177 178 179 179 153 180 181 181 155 182 183 183 184 184 185 185 186 187 188 188 160 161 189 189 190 191 192
193 193 194 194 195 196 196 197 197 198 199 168 169 170 171 200 201 173 174 202 203 203 204 177 178 205 206 207 180 208 208 209 209 210 210 211 212 213 214 186 215 216 217 217 218 218 219 219 191 220
221 221 222 222 223 224 224 225 225 198 199 226 227 227 228 228 201 229 230 202 231 232 232 233 234 205 206 235 236 236 237 237 238 239 239 211 212 213 214 240 215 216 241 241 242 243 243 244 244 220
245 246 247 248 223 249 249 250 250 251 251 226 252 252 253 254 255 229 230 256 257 257 258 233 259 260 260 235 261 262 262 263 263 264 264 265 266 267 267 268 268 269 270 270 242 271 272 272 273 273
245 246 247 248 274 274 275 276 277 278 279 280 281 281 253 254 255 282 282 256 283 283 284 284 259 285 286 286 287 288 288 289 290 291 291 265 266 292 292 293 294 269 295 296 296 271 297 298 299 300
301 302 303 303 304 304 275 305 277 278 306 280 307 308 308 309 309 310 311 312 313 314 314 315 315 316 316 317 287 318 318 289 319 320 321 322 322 323 323 293 324 324 295 325 326 327 297 298 299 300
301 302 328 329 330 330 331 305 332 333 306 334 307 335 335 336 337 338 311 312 339 340 341 342 342 343 344 344 345 346 347 347 319 320 321 348 348 349 350 351 352 352 353 325 326 327 354 355 355 356
357 357 328 329 358 359 360 361 332 333 362 334 363 363 364 365 337 338 366 366 339 340 367 367 368 369 370 371 345 346 372 373 373 374 374 375 375 349 350 376 376 377 353 378 379 379 354 380 380 381
382 382 383 383 358 359 360 384 384 385 362 386 386 387 364 365 388 389 390 390 391 391 392 392 368 369 370 393 393 394 372 395 396 396 397 398 398 399 400 401 402 377 403 404 405 405 406 406 407 381
408 409 409 410 410 411 412 412 413 385 414 414 415 416 417 418 388 389 419 420 420 421 422 423 424 425 425 426 427 394 428 428 429 430 397 431 432 399 400 401 402 433 403 404 434 434 435 435 407 436
408 437 438 439 440 440 441 442 443 443 444 444 415 416 417 418 445 445 419 446 446 421 422 423 424 447 447 426 427 448 449 449 429 450 451 431 432 452 453 453 454 433 455 456 456 457 458 459 460 436
461 437 438 462 462 463 463 442 464 464 465 466 466 467 467 468 468 469 470 470 471 471 472 472 473 474 474 475 476 477 477 478 479 450 451 480 480 481 481 482 483 484 455 485 485 457 458 459 486 486
461 487 488 488 489 490 490 491 491 492 492 493 494 495 496 497 498 498 499 499 500 500 501 501 473 502 502 475 476 503 503 478 479 504 505 506 507 508 509 509 483 510 511 512 513 514 515 516 517 517
518 487 519 520 520 521 522 523 523 524 525 525 494 495 496 497 526 527 528 528 529 529 530 531 532 532 533 533 534 534 535 535 536 536 505 506 507 508 537 538 539 510 511 512 513 514 515 516 540 540
518 541 519 542 542 521 522 543 544 544 545 546 547 548 549 550 526 551 551 552 552 553 530 531 554 555 556 557 557 558 558 559 560 560 561 562 563 564 564 538 539 565 566 566 567 567 568 569 569 570
571 571 572 572 573 574 575 576 577 577 578 546 547 548 549 550 579 579 580 581 581 582 582 583 554 555 556 584 584 585 586 586 587 587 561 562 563 588 589 590 591 565 592 593 594 594 568 595 595 570
596 596 597 597 573 598 575 576 599 599 578 600 601 601 602 603 603 604 580 605 606 606 607 583 608 608 609 609 610 585 611 611 612 613 613 614 614 588 589 615 591 616 616 593 617 618 619 619 620 620
621 622 622 623 623 598 624 624 625 625 626 627 628 629 602 630 630 604 631 605 632 632 607 633 633 634 634 635 610 636 637 637 612 638 638 639 639 640 640 615 641 642 643 644 644 618 645 645 646 647
648 648 649 650 651 651 652 653 653 654 654 627 628 629 655 656 657 658 659 659 660 660 661 662 663 663 664 665 666 636 667 668 668 669 669 670 671 671 672 673 673 642 674 674 675 676 676 677 646 647
678 678 649 679 679 680 681 682 682 683 683 684 685 685 655 686 657 658 687 687 688 688 661 689 690 691 664 665 666 692 692 693 694 695 695 670 696 697 697 698 699 699 700 701 702 702 703 677 704 704
705 706 707 707 708 708 681 709 709 710 711 712 713 714 714 686 715 715 716 716 717 717 718 689 690 691 719 720 721 722 723 724 694 725 726 726 696 727 727 698 728 729 729 701 730 731 731 732 733 734
705 706 735 735 736 737 738 738 739 710 740 712 741 741 742 742 743 744 744 745 746 746 718 747 748 748 719 720 721 722 723 724 749 725 750 750 751 752 753 753 728 754 754 755 730 756 756 732 733 734
757 758 759 760 736 761 762 763 739 764 740 765 766 767 767 768 743 769 770 745 771 771 772 773 773 774 774 775 776 776 777 777 749 778 778 779 751 780 781 781 782 782 783 755 784 785 786 786 787 787
757 758 759 760 788 761 762 789 790 791 791 765 766 792 793 768 794 769 770 795 795 796 772 797 798 798 799 800 801 802 803 804 805 806 806 807 807 780 808 808 809 809 810 811 784 812 812 813 814 815
816 816 817 818 819 819 820 789 790 821 822 822 823 792 793 824 825 825 826 826 827 827 828 828 829 830 799 800 801 802 803 804 831 832 833 834 835 836 837 837 838 838 810 839 839 840 840 813 814 815
841 841 817 818 842 842 820 843 843 821 844 844 823 845 846 847 848 849 850 851 851 852 852 853 853 830 854 855 855 856 857 858 831 832 833 834 835 836 859 860 861 861 862 863 864 865 865 866 866 867
868 869 870 870 871 871 872 873 873 874 875 876 876 845 846 847 877 849 850 878 879 880 880 881 881 882 883 883 884 856 857 858 885 885 886 887 887 888 859 860 889 889 862 863 890 891 892 892 893 867
868 869 894 895 895 896 896 897 897 874 875 898 898 899 900 900 877 901 901 878 879 902 902 903 903 882 904 904 884 905 906 906 907 907 886 908 908 888 909 909 910 911 912 913 890 891 914 915 916 917
918 919 919 920 921 922 922 923 924 924 925 925 926 926 927 928 928 929 929 930 930 931 931 932 932 933 933 934 934 905 935 936 936 937 938 938 939 939 940 940 910 911 941 913 942 942 914 943 916 917
944 945 945 920 921 946 947 923 948 949 950 951 951 952 953 953 954 954 955 955 956 956 957 958 959 960 961 961 962 963 935 964 964 965 965 966 966 967 967 968 969 969 941 970 971 971 972 943 973 974
944 975 975 976 976 946 977 977 978 949 979 979 980 981 982 983 983 984 984 985 985 986 957 958 959 987 987 988 962 989 989 990 991 991 992 993 994 994 995 968 996 996 997 970 998 999 999 1000 973 1001
1002 1002 1003 1004 1005 1006 1007 1008 978 1009 1009 1010 1011 981 1012 1012 1013 1013 1014 1015 1015 986 1016 1017 1017 1018 1019 1019 1020 1021 1022 990 1023 1023 992 1024 1025 1026 1026 1027 1028 1028 1029 1030 998 1031 1032 1033 1034 1001
1035 1036 1037 1004 1005 1038 1007 1008 1039 1040 1040 1010 1011 1041 1042 1042 1043 1043 1014 1044 1044 1045 1016 1046 1046 1018 1047 1047 1020 1021 1022 1048 1048 1049 1050 1024 1025 1051 1052 1052 1053 1053 1029 1030 1054 1031 1032 1033 1034 1055
1035 1036 1037 1056 1056 1038 1057 1058 1039 1059 1059 1060 1060 1041 1061 1061 1062 1062 1063 1064 1064 1045 1065 1066 1066 1067 1068 1069 1070 1071 1072 1072 1073 1073 1050 1074 1075 1051 1076 1076 1077 1077 1078 1079 1080 1081 1081 1082 1082 1055
1083 1083 1084 1085 1086 1086 1057 1087 1087 1088 1088 1089 1090 1091 1092 1092 1093 1093 1094 1095 1095 1096 1065 1097 1098 1067 1068 1069 1070 1071 1099 1100 1101 1101 1102 1103 1075 1104 1104 1105 1105 1106 1107 1079 1080 1108 1109 1110 1111 1111
1112 1113 1084 1085 1114 1115 1115 1116 1116 1117 1118 1089 1090 1091 1119 1120 1121 1121 1094 1122 1123 1096 1124 1097 1125 1125 1126 1127 1127 1128 1099 1129 1130 1130 1102 1103 1131 1132 1133 1133 1134 1106 1107 1135 1136 1108 1109 1110 1137 1138
1112 1113 1139 1140 1141 1141 1142 1142 1143 1117 1118 1144 1144 1145 1119 1146 1146 1147 1147 1122 1148 1148 1149 1150 1151 1152 1152 1153 1154 1128 1155 1129 1156 1157 1158 1159 1159 1132 1160 1161 1162 1162 1163 1163 1136 1164 1165 1165 1137 1138
1166 1167 1167 1140 1168 1169 1169 1170 1143 1171 1172 1173 1174 1145 1175 1176 1177 1178 1178 1179 1180 1180 1149 1181 1151 1182 1182 1153 1154 1183 1183 1184 1156 1157 1158 1185 1186 1186 1160 1187 1188 1189 1189 1190 1191 1164 1192 1192 1193 1194
1195 1195 1196 1197 1198 1198 1199 1170 1200 1171 1201 1173 1202 1203 1204 1176 1177 1205 1206 1206 1207 1208 1208 1181 1209 1209 1210 1210 1211 1211 1212 1184 1213 1214 1214 1215 1216 1217 1218 1187 1219 1220 1220 1190 1191 1221 1222 1223 1193 1194
1224 1225 1226 1197 1227 1227 1199 1228 1229 1230 1201 1231 1202 1203 1204 1232 1232 1205 1233 1233 1207 1234 1235 1236 1237 1238 1239 1240 1241 1242 1243 1244 1244 1245 1245 1215 1216 1217 1218 1246 1219 1247 1248 1249 1249 1221 1222 1223 1250 1250
1224 1251 1226 1252 1253 1254 1255 1255 1229 1230 1256 1231 1257 1257 1258 1259 1259 1260 1260 1261 1261 1234 1235 1262 1237 1238 1239 1240 1241 1242 1243 1263 1263 1264 1264 1265 1266 1267 1268 1246 1269 1247 1248 1270 1270 1271 1272 1272 1273 1274
1275 1251 1276 1252 1277 1254 1278 1279 1280 1280 1256 1281 1282 1282 1258 1283 1284 1284 1285 1285 1286 1286 1287 1262 1288 1289 1290 1291 1291 1292 1293 1294 1295 1296 1297 1265 1298 1267 1299 1299 1300 1301 1302 1302 1303 1303 1304 1304 1305 1274
1306 1307 1308 1309 1277 1310 1311 1279 1312 1313 1313 1281 1314 1314 1315 1283 1316 1316 1317 1318 1318 1319 1320 1320 1321 1289 1290 1322 1322 1292 1293 1294 1295 1296 1323 1323 1298 1324 1324 1325 1300 1301 1326 1327 1328 1329 1330 1330 1305 1331
1306 1307 1308 1332 1332 1310 1311 1333 1333 1334 1335 1335 1336 1336 1315 1337 1337 1338 1317 1339 1339 1319 1340 1340 1321 1341 1341 1342 1342 1343 1343 1344 1344 1345 1345 1346 1346 1347 1347 1348 1348 1349 1349 1327 1328 1329 1350 1350 1351 1351
24 29 81 60 89 73 58 47 76 22 63 30 84 37 91 37 92 48 9 96 66 11 69 59 90 47 1 22 48 71 15 63 28 64 64 19 85 76 97 72 31 33 81 97 18 80 22 3 37 47
48 47 84 20 72 86 87 58 41 58 5 67 41 6 65 12 76 61 53 20 23 82 82 30 93 5 53 69 65 3 73 35 16 20 27 12 18 88 42 21 21 18 57 47 21 44 71 28 62 8
45 19 17 71 88 36 91 72 67 58 34 29 66 82 3 46 15 86 76 32 45 48 47 69 33 73 6 89 58 58 44 38 46 72 43 2 44 46 4 99 55 9 44 41 64 42 73 74 33 54
11 65 6 95 15 78 27 15 22 69 0 30 50 32 16 81 9 95 68 93 35 91 62 4 1 23 46 64 1 40 68 98 16 51 84 0 66 31 84 99 4 4 5 66 16 59 44 0 70 81
41 1 7 56 17 3 38 46 37 7 28 77 12 56 48 20 16 83 5 2 29 36 92 83 50 74 56 89 34 60 46 16 87 17 15 23 15 92 89 80 59 39 18 84 42 3 30 12 66 41
76 89 98 9 90 63 34 30 11 88 65 8 98 42 3 3 5 89 53 9 4 77 24 20 51 9 83 83 70 26 31 56 32 68 56 17 56 32 41 2 25 32 90 64 37 17 94 89 66 54
90 39 47 36 60 99 25 25 20 88 92 16 13 14 89 64 7 95 44 45 13 74 33 15 51 17 70 95 75 15 58 81 55 27 37 55 24 1 99 52 34 17 51 36 69 2 61 46 85 39
56 10 55 18 61 6 20 84 45 76 56 34 52 3 88 8 35 90 12 72 35 8 72 28 82 8 20 81 37 61 11 60 0 36 20 85 34 27 2 1 8 7 10 60 0 52 7 71 89 58
88 14 60 91 6 96 91 26 23 76 57 99 76 77 67 23 86 15 6 51 3 88 22 73 1 59 60 43 24 20 65 68 56 36 19 59 72 83 97 36 62 82 82 8 79 13 9 93 6 20
77 53 42 42 22 0 84 25 60 81 89 66 89 7 36 5 66 46 94 63 8 75 30 20 41 60 24 0 95 70 83 20 83 71 26 25 80 38 54 11 80 2 39 41 72 71 16 42 7 92
54 6 32 32 91 79 90 30 26 28 23 96 28 18 66 86 83 12 34 21 23 41 48 95 49 22 74 12 57 74 90 27 31 15 96 56 6 92 90 7 16 78 81 52 9 94 18 55 8 50
75 81 73 24 24 30 1 96 41 89 50 90 11 81 31 53 38 85 47 17 52 97 71 33 13 54 76 83 70 94 35 8 66 79 87 13 17 29 2 18 39 65 87 95 76 16 62 58 59 6
61 48 70 22 35 47 50 45 4 7 94 32 48 9 40 64 71 6 15 75 13 15 12 78 5 44 16 40 85 96 19 0 61 27 90 52 60 80 48 99 99 22 80 1 45 83 66 11 55 43
21 78 79 62 13 5 68 63 93 29 16 52 43 52 9 84 43 17 85 84 81 32 38 54 29 9 82 95 33 53 22 79 49 27 90 29 24 40 20 54 89 86 5 34 33 34 28 13 89 2
50 27 93 12 79 1 73 58 84 11 75 14 61 4 27 76 59 79 46 98 2 68 69 29 78 94 74 17 84 44 3 63 96 63 86 24 75 7 5 33 83 36 34 95 21 94 70 84 87 15
7 37 25 53 92 27 60 20 1 90 72 37 74 3 93 91 77 24 20 32 27 60 85 54 24 47 45 41 26 3 41 93 95 80 64 92 20 98 73 27 20 25 33 65 8 14 36 59 85 58
20 93 37 35 8 35 62 66 98 18 39 82 68 64 65 78 5 62 79 67 27 22 94 42 84 79 16 19 43 24 81 85 70 48 64 46 8 13 32 95 69 68 0 33 37 11 79 75 28 27
62 90 31 10 32 12 50 19 14 34 76 18 19 73 28 44 74 85 5 54 10 40 64 72 43 18 21 30 19 83 93 64 96 28 5 12 13 6 88 35 47 19 69 89 98 93 8 27 62 1
69 42 2 77 96 31 34 83 20 4 95 34 30 77 97 92 41 70 57 48 83 80 30 71 13 78 89 13 0 27 0 57 88 77 47 12 29 21 36 92 7 61 58 30 99 39 16 51 71 85
86 35 63 2 87 8 54 22 13 55 21 64 12 30 30 62 69 2 95 35 36 35 14 74 20 76 67 66 43 17 21 10 39 77 24 45 5 35 56 7 31 33 21 22 66 65 30 38 91 23
89 19 52 61 85 39 56 5 96 10 95 28 75 0 40 34 55 45 19 3 99 64 47 82 58 62 78 4 74 21 70 35 78 48 60 37 19 59 38 28 57 10 90 82 15 23 92 11 75 11
84 92 97 30 3 97 57 96 93 42 47 39 54 94 21 45 16 15 59 4 88 82 40 36 18 61 99 83 97 11 44 25 85 95 86 51 43 40 16 87 45 39 76 89 59 70 87 54 36 68
52 93 97 22 10 98 92 82 64 88 51 56 2 59 57 3 56 77 67 16 27 53 51 90 6 96 88 15 18 9 5 14 81 39 14 40 13 4 2 70 98 85 10 11 62 58 46 52 20 99
61 97 94 5 43 58 16 53 68 37 5 70 56 74 97 85 7 18 63 99 26 16 43 22 52 45 25 21 50 56 16 92 52 90 55 65 89 79 55 56 13 38 59 59 73 44 5 29 32 85
26 98 93 12 24 35 24 66 0 85 72 84 50 71 74 1 28 31 8 53 9 66 71 10 61 19 25 71 45 3 64 87 99 92 12 6 43 97 20 62 19 99 44 21 83 24 0 49 49 55
37 69 76 27 47 72 2 79 1 65 32 85 42 5 50 79 62 77 72 7 41 12 44 73 94 45 96 78 45 40 39 75 24 28 54 16 64 24 6 93 33 93 89 92 41 18 57 43 13 59
68 10 56 79 62 84 32 93 59 61 8 88 18 71 48 46 11 69 19 33 57 40 71 89 83 15 39 82 16 98 59 44 13 76 23 93 52 1 53 11 89 46 23 15 41 38 67 33 72 87
45 89 42 21 94 68 3 87 88 72 71 73 2 42 7 56 92 90 45 48 65 27 20 16 58 55 61 89 95 27 99 90 95 56 3 68 48 95 39 41 32 31 31 22 54 75 8 97 55 16
4 79 38 47 77 43 21 9 57 37 32 97 55 3 40 3 93 86 66 95 12 79 85 43 55 67 40 74 17 93 76 79 0 80 54 68 35 64 83 12 89 8 28 86 40 6 92 20 77 58
87 29 1 49 81 75 3 73 46 45 53 57 28 43 78 78 99 2 18 9 72 23 60 13 37 21 13 64 86 2 86 7 75 71 75 17 69 46 19 84 80 56 3 68 63 96 89 47 91 65
78 25 36 30 86 79 63 18 79 48 67 33 50 63 47 93 55 14 42 2 69 86 7 96 12 48 17 73 82 69 31 63 88 85 65 92 30 40 55 34 95 62 23 5 33 20 58 55 19 55
47 34 56 66 90 10 64 93 94 43 62 65 13 13 10 99 78 83 78 51 46 18 36 21 96 47 96 80 69 19 8 47 90 3 45 75 93 74 40 24 39 98 11 37 51 80 6 64 48 98
1 44 4 89 51 38 27 85 73 68 23 44 20 39 21 85 34 22 61 73 26 99 31 45 43 7 90 98 69 81 15 71 17 39 67 35 23 84 61 42 70 53 64 11 53 24 60 95 47 64
23 41 26 1 58 45 66 77 73 21 92 8 29 78 72 44 35 19 0 54 17 39 13 80 2 61 9 71 77 3 18 21 46 3 98 13 57 20 53 42 87 40 69 47 59 27 57 15 85 63
50 87 92 90 71 67 8 65 66 50 86 30 13 25 55 72 5 98 16 8 16 71 87 1 12 6 56 8 83 62 28 56 25 72 61 23 4 55 70 65 78 96 92 32 78 24 47 47 33 92
19 93 22 68 69 95 92 4 1 68 12 12 37 81 53 92 77 74 18 52 46 65 1 22 68 47 85 73 11 22 81 45 81 64 41 39 2 58 33 68 29 73 77 54 39 53 12 5 54 1
56 72 17 49 26 12 74 34 49 3 6 34 74 24 87 91 90 51 56 22 14 60 70 30 33 77 45 19 96 75 65 71 86 62 16 31 55 87 87 59 37 37 41 48 50 27 46 30 17 28
77 99 61 79 44 40 70 66 57 74 60 50 53 4 35 89 97 53 43 83 31 55 93 92 0 87 89 57 91 80 81 43 3 52 73 26 38 62 67 36 62 13 26 6 33 39 23 12 43 46
31 29 90 98 34 20 35 46 13 3 98 60 35 84 94 65 46 33 55 88 96 19 16 53 18 57 75 7 83 32 70 67 10 99 16 62 35 54 75 38 79 34 30 92 31 8 67 55 56 36
56 6 11 50 14 18 11 89 95 80 28 8 46 67 78 13 23 9 37 1 45 52 42 77 29 32 56 29 83 15 61 33 4 99 20 88 22 93 65 62 96 95 90 35 6 27 97 68 36 77
6 42 80 16 99 97 39 1 93 98 41 47 88 70 20 42 7 17 63 76 8 25 67 15 57 26 67 19 35 3 42 22 98 24 34 39 48 16 84 9 17 79 79 56 14 41 45 57 11 99
60 69 22 48 70 69 97 12 26 48 25 26 74 83 72 92 72 11 57 90 21 88 24 33 34 69 27 90 97 56 58 97 78 46 28 60 49 17 95 98 52 96 66 10 68 70 25 56 63 59
39 86 50 67 52 23 72 43 47 80 71 72 2 10 80 32 81 53 11 52 6 33 38 9 79 79 88 62 0 34 74 2 59 99 18 44 77 11 24 55 72 25 29 55 6 81 62 85 39 58
20 9 20 49 56 55 50 46 90 84 58 47 12 42 77 56 57 45 97 29 68 80 76 63 67 15 68 21 76 80 40 12 56 80 9 53 89 88 13 61 69 2 56 43 50 73 39 47 32 54
5 64 58 62 29 30 66 41 11 8 13 16 90 55 96 90 5 49 25 20 33 12 36 76 43 75 18 23 82 89 34 66 40 16 71 97 43 86 50 69 78 49 35 21 35 15 96 86 53 91
38 11 79 25 5 98 58 55 34 27 60 10 47 94 49 51 79 64 13 11 51 96 68 8 61 97 42 87 65 90 73 70 35 38 80 23 72 70 45 47 64 60 16 87 99 61 32 74 42 51
28 39 83 54 18 26 89 76 27 66 59 82 86 13 49 50 76 66 68 57 40 88 28 19 98 95 62 3 45 22 45 37 40 58 56 97 34 71 44 30 90 41 60 22 25 42 38 56 93 47
95 3 62 27 22 78 28 15 33 85 10 88 47 87 64 82 92 47 13 27 23 78 74 43 82 10 29 86 66 66 6 2 14 63 78 10 13 68 57 93 21 40 75 92 21 71 56 96 85 66
62 95 80 26 42 48 85 68 29 94 4 47 88 81 90 14 4 54 84 20 71 5 4 91 84 45 50 3 46 16 23 38 57 3 21 64 28 52 64 44 98 34 96 50 93 18 68 6 7 10
20 24 84 92 41 7 72 51 2 68 35 68 3 28 96 57 88 81 84 19 20 25 88 10 29 37 33 86 65 90 19 23 90 37 82 23 62 22 78 98 6 63 45 43 89 54 91 4 56 54
