44 15
0 0 1 1 2 3 3 4 4 5 6 6 7 7 8 8 9 10 11 12 13 13 14 15 16 16 17 17 18 18 19 20 21 22 23 23 24 25 26 26 27 27 28 29 29 30 31 32 32 33
34 34 35 35 2 36 37 38 38 5 39 39 40 40 41 42 42 10 43 12 44 44 14 15 45 45 46 46 47 47 19 20 21 22 48 49 24 50 51 51 52 53 54 55 56 30 31 57 58 33
59 59 60 61 62 36 37 63 64 65 66 66 67 67 41 68 69 69 43 70 70 71 72 72 73 74 75 76 77 77 78 78 79 80 80 49 81 50 82 82 52 53 54 83 56 84 84 57 58 85
86 87 87 61 62 88 88 63 64 65 89 90 91 92 93 68 94 95 95 96 97 98 99 99 73 74 75 100 100 101 102 103 104 105 106 107 107 108 109 110 110 111 111 83 112 112 113 114 114 85
86 115 116 117 118 118 119 119 120 120 121 90 122 92 123 124 125 126 127 96 97 98 128 129 129 130 130 131 132 101 102 133 104 105 106 134 134 108 109 135 135 136 137 137 138 138 139 140 140 141
142 142 116 143 143 144 144 145 146 146 121 147 122 148 123 124 125 126 149 150 151 151 128 152 153 154 154 131 155 155 156 133 157 157 158 159 159 160 160 161 161 162 162 163 163 164 139 165 165 166
167 168 168 169 169 170 170 145 171 171 172 147 173 148 174 175 175 176 149 150 177 177 178 152 153 179 179 180 181 181 156 182 183 184 158 185 185 186 186 187 188 188 189 189 190 164 191 192 192 166
167 193 194 195 195 196 196 197 197 198 172 199 173 200 200 201 201 176 202 202 203 203 178 204 205 206 206 180 207 208 208 182 183 184 209 210 211 212 212 187 213 213 214 215 190 216 216 217 218 219
220 193 194 221 222 222 223 223 224 198 225 199 226 226 227 228 229 229 230 231 231 232 233 204 205 234 234 235 236 236 237 237 238 238 239 210 211 240 240 241 241 242 214 215 243 243 244 217 218 219
220 245 245 246 247 247 248 249 224 250 250 251 252 253 227 228 254 254 255 255 256 232 233 257 258 259 259 260 260 261 262 262 263 263 239 264 265 266 266 267 268 242 269 270 270 271 244 272 272 273
274 274 275 246 276 276 248 249 277 277 278 251 252 279 279 280 281 282 283 283 256 284 284 285 258 286 287 287 288 261 289 289 290 290 291 264 265 292 292 267 293 294 269 295 295 271 296 297 298 298
299 300 301 301 302 302 303 303 304 304 278 305 306 307 307 280 281 308 309 310 311 311 312 285 313 286 314 315 315 316 316 317 318 318 291 319 320 321 321 322 293 294 323 324 325 325 296 326 327 328
299 300 329 330 331 331 332 332 333 333 334 334 306 335 336 336 337 308 309 338 339 340 312 341 341 342 314 343 343 344 344 317 345 346 346 319 320 347 347 322 348 349 350 324 351 352 353 326 327 354
355 356 329 330 357 357 358 358 359 360 360 361 362 363 364 365 337 366 366 338 339 340 367 368 368 342 369 370 370 371 372 372 345 373 374 375 376 376 377 377 378 349 350 379 351 352 380 380 381 354
355 356 382 383 383 384 384 385 359 386 386 361 362 363 364 387 388 389 389 390 390 391 367 392 393 394 394 395 396 371 397 398 398 399 374 375 400 401 401 402 378 403 404 405 406 407 407 408 409 410
411 411 382 412 413 413 414 414 415 416 416 417 418 418 419 387 420 420 421 422 423 423 424 424 393 425 425 426 396 427 428 428 429 399 430 430 400 431 431 432 432 403 404 405 406 433 433 408 409 410
434 434 435 436 436 437 438 439 415 440 440 417 441 442 419 443 443 444 421 445 445 446 446 447 447 448 448 426 449 427 450 450 429 451 452 453 453 454 454 455 456 457 458 459 459 460 460 461 462 463
464 465 435 466 466 437 438 439 467 468 468 469 441 470 471 471 472 472 473 473 474 475 476 477 478 478 479 479 449 480 480 481 482 482 452 483 483 484 484 455 456 457 458 485 486 486 487 461 462 463
464 465 488 489 490 490 491 491 492 493 494 469 495 470 496 497 497 498 499 499 474 475 500 477 501 502 503 504 504 505 506 481 507 508 508 509 509 510 510 511 512 512 513 485 514 514 487 515 515 516
517 517 488 489 518 519 520 520 492 521 494 522 495 523 496 524 524 498 525 525 526 526 500 527 501 502 503 528 528 505 529 529 507 530 531 532 532 533 533 534 535 535 513 536 536 537 538 538 539 540
541 542 543 544 518 519 545 546 546 521 547 548 549 523 550 551 551 552 552 553 553 554 554 527 555 556 556 557 558 559 560 561 562 562 531 563 564 564 565 534 566 567 568 568 569 570 571 572 539 540
541 542 543 544 573 573 545 574 575 575 547 548 549 576 550 577 577 578 579 579 580 580 581 581 555 582 582 557 558 559 560 561 583 583 584 563 585 586 587 587 566 567 588 588 589 570 571 572 590 590
591 592 593 594 595 596 596 574 597 598 599 600 600 576 601 601 602 602 603 603 604 605 606 606 607 607 608 609 609 610 611 612 612 613 613 614 585 586 615 616 617 618 619 619 589 620 620 621 621 622
591 592 593 594 623 624 625 626 597 598 599 627 627 628 629 630 631 631 632 632 604 605 633 634 634 635 608 636 636 610 611 637 637 638 638 639 639 640 615 616 617 618 641 642 643 643 644 645 645 622
646 647 648 649 623 650 625 626 651 652 653 654 654 628 629 630 655 656 657 657 658 659 633 660 661 635 662 662 663 664 665 666 666 667 667 668 668 669 669 670 671 671 641 642 672 673 673 674 674 675
646 647 648 649 676 650 677 678 651 652 653 679 679 680 680 681 682 656 683 683 658 684 685 660 661 686 687 687 663 664 688 688 689 690 690 691 691 692 692 670 693 694 694 695 672 696 697 698 698 675
699 700 700 701 702 703 677 704 705 705 706 707 708 709 710 710 682 711 712 713 713 684 685 714 714 686 715 716 717 718 718 719 719 720 721 722 722 723 723 724 724 725 725 695 726 696 697 727 728 728
699 729 730 701 702 731 732 704 733 733 706 707 708 709 734 735 735 711 712 736 736 737 737 738 739 739 715 716 717 740 740 741 741 720 742 743 744 744 745 745 746 746 747 747 726 748 749 750 750 751
752 729 730 753 754 731 732 755 755 756 757 757 758 758 734 759 760 760 761 761 762 762 763 738 764 764 765 765 766 767 768 768 769 770 742 771 771 772 772 773 773 774 774 775 775 748 749 776 776 751
752 777 777 753 754 778 778 779 780 756 781 782 783 784 785 786 786 787 788 789 789 790 791 792 793 793 794 794 766 795 796 796 769 797 797 798 799 799 800 801 801 802 803 804 804 805 806 807 808 808
809 809 810 810 811 811 812 779 780 813 781 814 783 784 785 815 815 787 788 816 816 817 791 792 818 819 819 820 820 795 821 822 822 823 823 824 825 825 800 826 827 802 828 828 829 830 806 807 831 832
833 833 834 835 836 837 812 838 839 813 840 814 841 841 842 842 843 844 845 846 846 817 847 848 818 849 850 851 852 852 853 854 855 856 857 824 858 859 859 826 827 860 860 861 829 830 862 862 831 832
863 864 834 835 836 837 865 865 839 866 840 867 868 869 869 870 870 844 871 871 872 873 847 848 874 849 850 875 875 876 853 854 877 856 878 879 858 880 880 881 882 883 884 885 885 886 886 887 888 889
863 890 891 891 892 892 893 894 894 895 896 896 868 897 897 898 898 899 899 900 872 873 901 901 902 902 903 904 905 905 906 907 877 908 878 879 909 910 911 911 882 883 912 913 913 914 915 916 888 889
917 890 918 918 919 919 893 920 921 895 922 923 924 925 925 926 927 927 928 900 929 930 930 931 931 932 903 933 934 935 935 907 936 936 937 937 909 910 938 939 939 940 912 941 941 914 915 916 942 942
943 943 944 945 946 946 947 947 921 948 922 923 924 949 949 926 950 951 952 952 929 953 954 955 956 932 957 933 934 958 959 960 961 962 962 963 964 964 965 966 966 940 967 967 968 968 969 969 970 970
971 972 944 973 974 974 975 976 977 948 978 978 979 980 981 981 950 951 982 982 983 983 954 955 984 984 957 985 985 958 959 960 986 987 988 988 989 989 965 990 991 992 993 994 994 995 996 996 997 997
971 998 998 973 999 999 975 976 1000 1001 1001 1002 1002 980 1003 1003 1004 1005 1005 1006 1007 1008 1008 1009 1009 1010 1010 1011 1012 1012 1013 1013 986 987 1014 1014 1015 1016 1017 990 991 992 1018 1018 1019 995 1020 1020 1021 1022
1023 1023 1024 1025 1026 1026 1027 1027 1000 1028 1029 1030 1030 1031 1032 1032 1004 1033 1033 1006 1007 1034 1035 1035 1036 1037 1037 1011 1038 1038 1039 1040 1040 1041 1041 1042 1015 1016 1043 1043 1044 1044 1045 1046 1047 1047 1048 1049 1021 1022
1050 1051 1024 1025 1052 1052 1053 1054 1055 1028 1029 1056 1057 1058 1058 1059 1060 1061 1061 1062 1062 1063 1063 1064 1065 1065 1066 1066 1067 1067 1068 1068 1069 1070 1071 1071 1072 1072 1073 1073 1074 1074 1045 1046 1075 1076 1048 1077 1078 1078
1050 1079 1080 1081 1082 1083 1084 1054 1055 1085 1085 1056 1057 1086 1086 1059 1060 1087 1087 1088 1088 1089 1090 1064 1091 1092 1093 1094 1095 1096 1096 1097 1069 1070 1098 1099 1099 1100 1100 1101 1102 1103 1104 1105 1075 1106 1107 1077 1108 1109
1110 1079 1080 1081 1082 1083 1084 1111 1112 1112 1113 1114 1115 1115 1116 1117 1118 1118 1119 1119 1120 1089 1121 1121 1091 1092 1093 1122 1095 1123 1124 1097 1125 1125 1098 1126 1126 1127 1128 1101 1102 1103 1104 1129 1129 1106 1107 1130 1130 1109
1110 1131 1132 1132 1133 1134 1134 1111 1135 1135 1113 1136 1137 1138 1116 1139 1139 1140 1140 1141 1142 1143 1144 1144 1145 1146 1146 1122 1147 1123 1148 1149 1150 1150 1151 1151 1152 1127 1128 1153 1153 1154 1155 1156 1156 1157 1158 1158 1159 1159
1160 1131 1161 1162 1162 1163 1163 1164 1164 1165 1166 1136 1137 1167 1167 1168 1169 1169 1170 1141 1142 1143 1171 1171 1145 1172 1173 1174 1174 1175 1148 1149 1176 1177 1178 1178 1179 1179 1180 1181 1181 1154 1155 1182 1182 1157 1183 1184 1185 1185
1160 1186 1187 1187 1188 1188 1189 1190 1190 1165 1166 1191 1192 1193 1194 1168 1195 1195 1170 1196 1197 1198 1198 1199 1200 1172 1173 1201 1201 1175 1202 1203 1176 1177 1204 1204 1205 1206 1180 1207 1208 1208 1209 1209 1210 1211 1183 1184 1212 1213
1214 1214 1215 1215 1216 1217 1189 1218 1219 1220 1220 1191 1192 1193 1194 1221 1222 1223 1224 1196 1225 1225 1226 1199 1200 1227 1227 1228 1229 1230 1230 1203 1231 1232 1233 1233 1205 1206 1234 1207 1235 1236 1237 1238 1210 1211 1239 1240 1212 1213
1241 1242 1242 1243 1216 1217 1244 1244 1219 1245 1245 1246 1246 1247 1247 1221 1222 1223 1224 1248 1248 1249 1250 1251 1252 1252 1253 1253 1229 1254 1255 1255 1231 1232 1256 1257 1257 1258 1259 1259 1235 1260 1237 1238 1261 1261 1262 1240 1263 1264
1265 1266 1266 1267 1267 1268 1268 1269 1269 1270 1270 1271 1272 1272 1273 1274 1275 1276 1277 1277 1278 1249 1250 1251 1279 1280 1280 1281 1281 1282 1282 1283 1284 1284 1285 1285 1286 1287 1288 1288 1289 1260 1290 1291 1292 1292 1262 1293 1263 1264
1265 1294 1294 1295 1295 1296 1296 1297 1298 1298 1299 1300 1300 1301 1301 1274 1275 1276 1302 1303 1278 1304 1304 1305 1279 1306 1306 1307 1307 1308 1309 1283 1310 1310 1311 1311 1286 1287 1312 1312 1289 1313 1290 1314 1314 1315 1316 1293 1317 1317
1318 1318 1319 1319 1320 1320 1321 1321 1322 1322 1299 1323 1323 1324 1324 1325 1325 1326 1302 1327 1327 1328 1328 1329 1329 1330 1330 1331 1331 1308 1309 1332 1332 1333 1333 1334 1334 1335 1335 1336 1336 1313 1337 1337 1338 1315 1316 1339 1340 1340
11 69 26 63 56 89 94 34 91 10 32 76 84 39 84 45 23 72 8 16 94 1 15 52 19 69 59 1 33 16 72 85 82 60 72 32 75 53 90 63 93 36 46 68 36 32 56 84 18 98
98 3 62 64 49 98 28 2 33 1 44 20 6 53 3 40 81 91 22 51 68 24 96 85 51 20 18 89 37 89 20 1 22 74 84 0 73 57 95 93 91 32 6 37 90 18 32 45 31 47
2 69 99 63 44 91 25 73 64 29 92 84 2 17 80 60 41 26 90 0 26 15 29 97 26 78 18 22 60 46 68 69 71 85 98 2 43 6 38 70 58 91 73 83 49 89 94 13 0 94
30 83 77 16 57 44 6 84 6 97 69 64 52 16 63 2 86 79 55 35 5 36 97 61 8 86 37 90 40 93 95 45 6 88 25 48 6 21 32 44 93 36 77 2 31 57 9 35 78 15
77 13 56 64 12 61 37 2 79 80 37 93 2 19 28 65 48 46 51 64 78 20 94 39 99 95 90 38 34 49 7 70 59 37 97 53 78 85 68 63 38 43 58 60 25 15 90 93 55 19
42 61 70 31 32 81 0 49 38 66 35 61 80 80 7 43 42 61 96 92 38 88 11 92 36 5 64 94 17 44 17 55 65 83 75 92 68 92 44 31 60 45 97 86 0 48 66 83 27 17
10 64 12 74 24 52 60 83 66 40 40 66 50 51 8 47 80 75 11 97 79 68 29 75 25 64 13 21 52 18 62 54 99 37 28 16 77 14 1 95 47 12 59 62 95 77 24 8 46 46
20 88 56 60 97 4 42 23 40 27 25 56 90 18 2 11 37 19 22 63 85 71 81 19 30 87 95 12 43 37 65 26 1 43 0 98 79 23 57 55 57 83 8 51 59 9 95 57 95 55
15 29 31 47 59 40 72 15 29 48 6 3 16 67 56 77 51 92 40 78 20 47 81 77 87 46 88 22 93 85 69 22 29 9 79 14 46 35 97 96 18 92 98 62 21 3 39 69 17 56
5 22 85 9 45 95 60 67 61 16 66 91 11 79 61 89 48 25 68 40 41 40 71 47 59 82 65 13 68 80 23 27 61 75 8 94 37 86 47 38 61 37 1 99 1 6 0 31 62 22
52 94 98 83 49 46 33 77 53 89 51 92 85 71 69 45 29 5 76 41 86 92 77 10 43 15 34 4 74 65 61 95 90 12 79 17 1 71 82 18 82 1 66 74 29 80 76 74 79 33
77 8 5 89 12 17 28 58 30 39 41 88 17 41 65 80 54 10 99 5 38 32 60 27 40 9 81 71 8 33 20 42 63 74 21 79 45 51 68 49 97 42 91 5 54 95 91 80 45 51
91 86 33 58 78 83 10 39 65 85 67 40 1 49 67 27 5 50 51 4 54 38 1 10 15 88 94 65 41 50 77 47 62 6 8 75 38 35 38 76 24 42 19 92 8 68 85 23 5 1
55 20 68 47 91 20 78 22 14 54 42 63 46 28 12 77 51 11 1 38 25 71 3 58 99 84 55 58 28 99 66 10 51 66 32 7 57 13 83 81 93 40 13 83 87 43 49 8 9 37
55 56 35 31 82 56 19 92 92 85 95 20 16 67 84 72 24 61 37 70 54 27 16 65 33 13 95 45 46 10 55 17 95 90 84 99 40 53 44 7 35 79 76 67 70 84 20 36 1 40
0 76 43 71 89 13 92 51 2 43 48 55 73 44 78 85 88 55 68 49 15 95 39 56 41 88 41 99 44 0 88 18 43 16 33 73 36 21 89 54 91 19 64 6 71 54 34 5 55 58
7 80 11 22 25 75 60 10 50 69 61 12 13 2 25 32 86 88 47 20 29 5 4 73 46 37 29 14 23 82 16 3 64 34 65 18 9 23 16 7 54 44 82 14 28 36 48 19 73 45
1 83 52 98 7 69 65 20 40 70 75 78 74 62 27 88 18 34 36 71 3 67 96 85 56 74 57 61 22 84 85 79 29 26 21 9 42 24 8 92 60 8 77 11 47 23 76 82 39 97
91 79 31 43 52 53 73 31 71 22 86 65 74 75 94 45 88 63 68 59 14 59 64 72 15 28 7 22 28 66 80 14 66 58 1 97 92 82 29 11 99 81 93 58 6 41 47 24 43 56
73 28 41 52 81 0 34 15 52 18 38 42 94 69 92 21 24 84 71 92 55 75 64 32 70 31 37 56 94 98 55 29 27 79 54 57 98 93 54 63 28 78 18 15 5 40 60 17 43 92
53 87 61 27 52 43 77 84 82 73 94 35 42 31 9 37 71 31 76 82 18 15 39 77 33 24 82 10 94 61 71 87 91 69 47 34 74 6 61 6 81 85 31 79 1 45 48 38 78 23
92 77 52 37 35 15 89 69 80 32 89 60 95 18 66 7 1 89 97 26 12 42 69 32 32 11 11 93 99 32 67 67 35 47 30 95 39 79 18 2 7 58 79 55 22 6 20 42 98 89
48 8 87 23 63 34 68 51 56 66 7 21 3 21 86 39 91 84 2 73 26 83 97 85 21 4 61 17 6 67 60 19 22 41 49 76 98 9 4 95 1 77 89 8 98 13 31 33 44 2
98 57 60 9 77 90 65 54 30 85 3 99 78 54 47 68 81 91 15 22 90 23 12 78 97 87 28 74 53 34 72 79 40 63 18 16 40 61 79 14 79 90 45 81 58 52 1 14 85 91
95 57 31 67 66 1 25 36 14 84 40 60 67 17 43 6 58 55 68 23 45 70 48 81 29 55 86 44 1 51 23 20 34 15 73 43 77 9 24 95 44 89 15 76 97 85 98 33 48 89
6 71 48 44 98 28 85 84 19 84 38 82 56 71 98 23 12 65 2 80 1 61 0 25 51 20 0 45 75 39 99 47 67 54 49 8 48 93 80 42 26 83 75 67 68 18 46 4 59 61
42 73 40 52 68 86 19 4 1 13 53 88 76 92 87 1 97 22 97 13 2 91 39 23 58 11 12 4 93 81 10 6 28 4 42 94 83 24 42 32 73 22 79 94 74 53 6 47 82 10
45 12 40 6 47 27 73 94 75 23 79 42 80 83 20 2 38 52 99 60 76 46 6 27 76 89 17 89 37 11 60 40 26 91 4 70 43 59 41 43 60 99 91 59 1 19 76 96 82 70
64 50 66 26 89 7 63 1 62 28 26 90 20 38 55 17 64 56 93 30 3 79 63 5 88 1 69 1 73 42 63 36 65 87 97 18 76 29 46 27 65 5 48 8 81 85 24 84 28 98
32 44 52 27 97 65 2 32 13 80 89 22 81 53 69 56 40 29 78 40 35 98 52 99 75 50 67 73 16 73 60 34 55 13 64 65 55 12 29 90 2 66 80 51 36 53 74 78 82 62
4 85 94 7 34 88 75 37 59 78 57 4 6 48 87 16 38 42 95 6 60 20 2 0 46 53 7 23 55 48 79 42 94 42 73 65 36 62 72 42 58 86 85 14 15 63 58 2 3 99
87 15 63 35 66 62 16 62 87 77 79 51 75 60 13 22 99 73 80 41 49 78 22 97 58 95 38 26 12 33 52 58 1 37 98 67 0 71 9 56 35 53 78 70 11 6 39 62 71 19
72 99 11 5 11 91 24 43 81 94 92 10 51 90 12 19 4 98 14 17 2 98 64 98 61 88 95 6 18 87 71 57 62 37 93 62 59 65 67 6 49 55 73 31 18 30 81 26 67 6
48 10 81 79 46 63 55 20 41 10 55 1 90 85 42 58 70 54 48 91 8 2 86 54 56 15 94 23 11 38 63 80 84 25 6 98 60 28 8 50 37 5 49 7 87 94 7 19 82 35
65 24 81 86 75 48 10 59 29 70 18 0 71 16 75 2 45 1 12 56 59 70 75 24 21 47 47 61 79 84 38 44 16 17 88 33 40 23 52 15 50 62 7 14 33 91 58 64 38 82
72 16 68 20 17 69 22 14 20 69 39 82 44 25 43 17 19 86 8 8 76 15 92 50 35 71 20 36 82 54 28 54 10 88 90 9 42 14 1 60 99 46 74 13 96 94 17 0 32 93
64 36 28 78 7 50 51 6 59 88 74 12 91 8 82 98 30 0 45 26 96 79 78 79 64 94 75 60 44 84 49 7 85 3 32 17 45 56 3 41 38 84 10 97 28 82 73 6 24 46
33 5 98 76 76 10 23 79 84 67 29 36 81 80 87 84 59 69 95 84 25 58 23 1 92 99 14 37 46 44 7 51 6 58 81 0 21 27 68 12 27 42 73 75 76 0 83 5 30 12
8 10 19 36 38 44 18 93 50 91 74 52 71 35 80 15 29 48 70 0 99 95 59 62 58 59 16 35 95 28 6 46 66 87 62 65 21 37 94 50 19 88 23 3 80 28 25 64 24 71
95 21 73 7 78 87 37 38 36 13 68 59 22 78 18 24 56 9 36 11 33 60 18 32 48 75 50 24 77 60 82 69 94 49 54 26 7 9 30 3 22 16 20 92 90 47 7 37 57 72
77 35 14 96 58 36 85 75 28 48 29 44 73 51 57 0 1 25 66 11 80 85 5 24 67 57 65 74 36 11 41 99 62 32 40 26 84 60 79 49 11 77 39 53 91 48 55 0 49 98
70 16 20 87 39 88 82 25 46 48 66 63 61 42 51 64 78 38 71 77 84 63 51 39 72 69 59 80 66 62 47 49 1 70 56 95 41 29 49 24 86 97 13 63 85 21 55 36 61 1
70 60 62 84 47 23 21 2 82 79 38 62 75 24 11 56 36 86 20 55 41 27 73 98 22 82 18 14 59 93 94 78 2 95 91 22 14 90 47 89 91 71 26 15 22 22 39 12 78 65
81 83 11 45 12 16 84 16 49 83 16 65 43 27 68 0 11 66 96 52 80 49 4 23 67 48 20 67 42 84 2 4 87 32 55 38 26 24 62 81 3 56 65 66 13 66 54 31 65 43
78 23 75 95 8 48 69 92 89 45 66 28 22 72 47 77 12 30 56 60 9 69 89 13 4 92 84 69 0 10 26 52 40 53 6 95 84 70 7 55 82 45 55 99 40 48 42 52 29 82
21 47 81 78 10 25 43 85 80 65 34 95 98 45 70 48 35 99 37 58 8 30 27 38 48 37 39 51 68 58 35 5 75 72 11 47 42 21 66 39 63 42 30 75 45 30 95 76 45 47
32 84 51 71 78 81 60 79 15 15 34 77 45 11 10 44 74 86 50 33 77 44 31 19 83 28 30 85 46 55 90 52 29 65 76 8 29 91 73 60 35 90 30 42 34 29 17 44 16 82
49 89 23 39 33 91 73 12 91 58 47 21 0 65 40 32 97 69 84 18 60 62 31 10 72 50 47 5 95 58 50 54 55 20 52 71 69 59 66 22 40 34 6 69 70 24 86 81 69 69
79 59 44 90 53 83 90 56 57 73 38 24 30 37 31 93 1 24 67 81 26 28 88 60 49 23 58 21 5 28 75 80 34 54 25 97 3 67 2 90 72 27 65 77 75 78 82 50 64 75
87 58 60 10 92 11 97 11 39 71 7 51 84 27 30 55 28 19 84 77 12 78 11 81 97 71 61 33 72 16 59 20 71 19 71 95 56 88 77 97 48 30 55 38 25 63 31 63 33 49
