13 28
0 0 1 1 2 2 3 3 4 5 5 6 7 7 8 9 9 10 11 12 12 13 14 14 15 16 16 17 18 19 20 21 21 22 23 23 24 25 26 26 27 28 29 29 30 31 32 32 33 33
34 34 35 36 36 37 38 38 4 39 39 40 41 42 8 43 44 10 11 45 46 13 47 47 48 49 50 51 18 52 20 53 53 22 54 55 24 56 56 57 27 28 58 58 30 59 59 60 61 62
63 64 35 65 65 66 66 67 67 68 69 40 41 70 70 43 44 71 72 45 46 73 73 74 48 49 75 51 76 52 77 77 78 78 54 79 79 80 81 57 82 82 83 84 85 86 86 60 61 87
88 64 89 89 90 90 91 92 92 68 93 94 95 95 96 97 98 71 99 99 100 101 102 103 104 104 75 105 105 106 107 108 109 109 110 111 112 80 113 114 115 116 116 84 85 117 118 119 119 87
88 120 120 121 121 122 123 123 124 125 93 94 126 127 96 97 128 128 129 129 100 101 102 103 130 131 131 132 133 134 107 108 135 135 110 111 136 136 113 114 115 137 138 139 139 117 118 140 141 142
143 144 144 145 145 122 146 147 124 125 148 148 126 127 149 150 150 151 151 152 153 154 155 156 157 158 159 132 133 134 160 160 161 162 163 164 165 165 166 166 167 137 138 168 169 169 170 140 141 142
143 171 171 172 173 174 175 147 176 177 178 178 179 179 180 181 181 182 182 152 183 154 155 156 157 158 159 184 185 186 187 188 161 162 163 164 189 189 190 190 191 191 192 192 193 193 170 194 194 195
196 197 198 172 173 174 175 199 200 177 201 201 202 202 180 203 203 204 205 205 183 206 206 207 208 209 209 184 185 186 187 188 210 211 212 213 214 215 216 216 217 218 218 219 220 220 221 222 223 224
225 197 198 226 227 227 228 228 200 229 230 230 231 231 232 233 234 204 235 236 237 238 238 207 208 239 240 241 241 242 243 243 210 211 244 213 214 215 245 245 217 246 247 219 248 249 221 222 223 224
225 250 251 251 252 252 253 253 254 254 255 255 256 257 258 233 234 259 235 236 260 261 261 262 263 239 240 264 265 242 266 266 267 267 244 268 268 269 269 270 270 246 271 271 248 249 272 273 273 274
275 250 276 276 277 278 278 279 279 280 281 282 256 257 258 283 284 284 285 285 260 286 286 262 287 288 288 264 289 289 290 290 291 291 292 292 293 294 294 295 295 296 296 297 298 298 272 299 299 274
275 300 301 301 277 302 303 304 304 280 281 282 305 306 307 307 308 308 309 310 311 311 312 312 287 313 313 314 315 316 316 317 318 318 319 319 320 321 322 322 323 324 325 326 326 327 328 329 329 330
331 300 332 332 333 333 303 334 335 336 337 337 305 306 338 339 339 340 309 310 341 342 343 344 345 345 346 314 315 347 347 317 348 349 349 350 320 321 351 351 323 324 325 352 352 327 353 354 355 330
356 356 357 358 358 359 360 334 335 361 362 362 363 363 338 364 365 366 366 367 341 342 343 368 368 369 369 370 371 372 373 373 374 374 375 376 377 378 378 379 380 381 381 382 382 383 353 354 355 384
385 386 386 387 387 359 360 388 388 361 389 389 390 390 391 391 365 392 393 367 394 395 395 396 397 398 399 370 400 372 401 401 402 403 375 376 404 404 405 379 380 406 407 408 408 383 409 409 410 384
411 412 413 414 415 416 417 417 418 419 419 420 421 421 422 422 423 392 424 425 394 426 426 396 397 398 399 427 400 428 429 430 402 431 432 433 433 434 405 435 436 406 407 437 437 438 439 439 410 440
411 412 413 414 415 416 441 442 418 443 444 444 445 446 446 447 423 448 424 425 449 450 451 451 452 452 453 454 455 428 429 456 456 431 432 457 458 459 460 435 461 462 463 464 464 465 465 466 467 440
468 468 469 470 471 471 441 442 472 473 474 475 445 476 476 477 477 478 478 479 480 450 481 481 482 483 483 454 455 484 484 485 485 486 487 488 458 459 489 489 461 462 463 490 491 492 492 466 467 493
494 495 469 470 496 497 497 498 498 473 474 475 499 500 501 501 502 503 503 479 480 504 504 505 482 506 507 507 508 508 509 510 510 511 487 488 512 513 514 514 515 516 516 490 491 517 518 519 520 493
494 521 521 522 523 524 524 525 526 527 527 528 499 529 529 530 531 532 532 533 533 534 534 535 536 537 537 538 539 539 509 540 541 511 542 542 512 513 543 544 545 545 546 547 548 548 518 519 549 550
551 552 553 522 523 554 555 555 526 556 556 528 557 557 558 559 531 560 561 561 562 563 563 535 536 564 565 538 566 566 567 568 541 569 570 571 572 573 543 544 574 574 546 547 575 576 577 578 549 550
551 552 553 579 580 554 581 581 582 583 583 584 585 586 558 559 587 588 588 589 590 590 591 592 592 593 565 594 594 595 567 568 596 597 570 598 572 573 599 600 600 601 602 602 575 576 577 578 603 603
604 605 606 579 580 607 607 608 582 609 609 584 585 586 610 610 587 611 611 589 612 612 591 613 613 593 614 614 615 595 616 616 596 597 617 598 618 618 599 619 619 601 620 621 622 622 623 624 625 625
604 605 626 627 628 629 630 608 631 632 632 633 634 635 635 636 636 637 638 639 640 641 641 642 643 643 644 644 615 645 645 646 647 647 648 648 649 649 650 651 652 653 620 621 654 654 623 624 655 655
656 657 626 627 628 629 630 658 631 659 659 633 634 660 660 661 661 637 638 639 640 662 663 642 664 665 666 667 667 668 668 646 669 669 670 671 671 672 650 673 652 653 674 675 675 676 677 677 678 678
656 657 679 679 680 681 681 658 682 682 683 683 684 685 686 687 688 688 689 689 690 691 663 692 692 665 693 693 694 695 695 696 697 697 698 698 699 672 700 673 701 701 702 703 703 676 704 705 706 706
707 707 708 709 709 710 710 711 711 712 713 714 684 685 686 687 715 716 717 717 690 691 718 719 720 721 722 722 723 723 724 724 725 726 726 727 728 729 729 730 731 732 702 733 734 734 704 705 735 736
737 737 708 738 739 740 740 741 742 712 713 714 743 744 745 745 715 716 746 747 748 748 718 749 720 721 750 750 751 752 753 754 754 755 756 727 728 757 758 730 731 732 759 760 760 761 761 762 735 736
763 763 764 738 739 765 765 766 742 767 767 768 768 744 769 769 770 770 771 747 772 772 773 749 774 774 775 776 751 752 753 777 777 755 756 778 779 757 758 780 780 781 782 783 783 784 784 762 785 785
786 787 764 788 788 789 789 766 790 791 792 792 793 793 794 794 795 795 771 796 797 797 773 798 798 799 775 776 800 801 801 802 802 803 803 778 804 805 806 807 808 781 782 809 809 810 811 811 812 812
813 787 814 815 816 816 817 818 790 791 819 819 820 821 821 822 823 824 824 796 825 825 826 827 828 828 829 829 800 830 831 832 832 833 833 834 804 805 835 807 808 836 836 837 837 838 839 840 841 842
813 843 844 815 845 846 817 818 847 847 848 848 820 849 850 822 823 851 852 852 853 853 826 854 854 855 855 856 856 830 831 857 858 858 859 859 860 861 835 862 862 863 863 864 865 838 839 840 841 866
867 843 844 868 845 869 870 871 872 872 873 874 875 849 850 876 877 878 879 880 881 882 883 883 884 884 885 885 886 886 887 888 889 890 891 891 860 861 892 892 893 893 894 864 865 895 895 896 897 866
867 898 899 868 900 869 870 901 902 903 873 874 904 904 905 905 877 878 879 880 881 906 906 907 908 909 909 910 911 911 887 888 912 890 913 913 914 915 915 916 917 918 894 919 920 921 921 896 897 922
923 923 899 924 900 925 926 901 902 903 927 928 928 929 930 931 932 932 933 934 934 935 935 907 908 936 937 937 938 939 939 940 912 941 942 943 914 944 944 945 917 918 946 919 947 948 949 950 950 922
951 952 952 953 954 925 926 955 956 957 927 958 959 929 930 931 960 961 961 962 963 963 964 965 966 936 967 968 968 969 970 970 971 941 942 943 972 973 973 945 974 975 975 976 947 948 949 977 977 978
951 979 979 953 980 980 981 955 956 957 982 958 959 983 984 984 985 986 987 987 988 988 964 965 966 989 967 990 991 992 992 993 993 994 995 996 972 997 998 998 974 999 999 976 1000 1000 1001 1001 1002 1002
1003 1004 1005 1005 1006 1006 1007 1008 1009 1010 1010 1011 1012 1012 1013 1014 985 986 1015 1016 1017 1017 1018 1018 1019 1019 1020 990 991 1021 1021 1022 1022 994 995 996 1023 1024 1024 1025 1026 1026 1027 1028 1029 1030 1031 1031 1032 1032
1033 1004 1034 1034 1035 1035 1007 1008 1009 1036 1036 1011 1037 1037 1013 1014 1038 1038 1015 1016 1039 1039 1040 1040 1041 1041 1042 1042 1043 1043 1044 1045 1045 1046 1046 1047 1023 1048 1049 1025 1050 1050 1027 1028 1029 1051 1051 1052 1052 1053
1033 1054 1055 1055 1056 1056 1057 1058 1059 1059 1060 1061 1061 1062 1063 1063 1064 1065 1066 1067 1068 1069 1070 1071 1071 1072 1073 1073 1074 1074 1044 1075 1075 1076 1077 1047 1078 1079 1049 1080 1081 1082 1082 1083 1084 1085 1086 1086 1087 1053
1088 1089 1089 1090 1091 1092 1092 1058 1093 1094 1095 1095 1096 1097 1097 1098 1064 1065 1066 1067 1099 1069 1070 1100 1100 1072 1101 1102 1102 1103 1104 1105 1106 1076 1077 1107 1108 1079 1109 1080 1110 1111 1111 1112 1084 1113 1113 1114 1114 1115
1116 1116 1117 1090 1118 1118 1119 1120 1093 1094 1121 1121 1096 1122 1122 1098 1123 1123 1124 1124 1099 1125 1126 1126 1127 1127 1101 1128 1128 1129 1104 1105 1130 1131 1131 1107 1108 1132 1133 1133 1110 1134 1134 1112 1135 1136 1136 1137 1137 1115
1138 1138 1139 1140 1140 1141 1119 1120 1142 1143 1144 1145 1145 1146 1147 1147 1148 1149 1150 1150 1151 1125 1152 1152 1153 1153 1154 1155 1156 1129 1157 1157 1130 1158 1159 1160 1161 1161 1162 1163 1163 1164 1165 1166 1166 1167 1167 1168 1169 1169
1170 1171 1139 1172 1172 1141 1173 1174 1175 1143 1144 1176 1177 1178 1178 1179 1148 1180 1180 1181 1182 1183 1184 1185 1186 1186 1154 1155 1187 1187 1188 1188 1189 1189 1159 1160 1190 1190 1162 1191 1191 1192 1165 1193 1193 1194 1195 1196 1197 1198
1170 1199 1199 1200 1201 1201 1173 1174 1175 1202 1202 1176 1177 1203 1203 1179 1204 1205 1205 1181 1182 1183 1184 1206 1206 1207 1207 1208 1209 1209 1210 1210 1211 1211 1212 1213 1213 1214 1214 1215 1215 1192 1216 1216 1217 1194 1195 1196 1197 1198
1218 1218 1219 1220 1220 1221 1221 1222 1223 1224 1225 1226 1227 1227 1228 1229 1230 1230 1231 1232 1232 1233 1234 1235 1236 1237 1238 1208 1239 1240 1241 1242 1243 1243 1212 1244 1245 1245 1246 1247 1247 1248 1248 1249 1217 1250 1251 1251 1252 1252
1253 1254 1219 1255 1255 1256 1257 1222 1223 1224 1258 1226 1259 1260 1228 1261 1261 1262 1231 1263 1263 1233 1234 1235 1264 1237 1238 1265 1265 1240 1241 1242 1266 1267 1267 1244 1268 1268 1269 1270 1270 1271 1272 1249 1273 1273 1274 1274 1275 1276
1253 1254 1277 1278 1279 1256 1280 1281 1282 1282 1258 1283 1284 1260 1285 1285 1286 1286 1287 1288 1288 1289 1289 1290 1264 1291 1292 1292 1293 1294 1294 1295 1296 1297 1297 1298 1299 1299 1269 1300 1300 1271 1272 1301 1302 1303 1304 1305 1305 1276
1306 1307 1308 1278 1279 1309 1280 1281 1310 1311 1311 1283 1284 1312 1312 1313 1314 1314 1287 1315 1315 1316 1316 1290 1317 1318 1319 1320 1320 1321 1322 1295 1296 1323 1323 1324 1324 1325 1326 1327 1327 1328 1329 1329 1302 1303 1304 1330 1331 1331
1306 1307 1308 1332 1332 1309 1333 1333 1334 1334 1335 1335 1336 1337 1337 1338 1338 1339 1340 1340 1341 1341 1342 1342 1317 1318 1319 1343 1343 1321 1322 1344 1344 1345 1345 1346 1346 1325 1347 1347 1348 1348 1349 1349 1350 1350 1351 1351 1352 1352
97 67 95 86 89 10 26 97 51 19 16 32 47 81 6 71 96 4 45 74 72 96 47 87 31 48 0 40 55 25 48 46 57 13 7 53 92 91 20 56 57 75 77 29 99 8 12 83 58 55
15 58 35 48 58 90 75 74 6 28 58 47 52 46 53 91 53 60 9 89 29 52 41 0 86 93 76 95 98 19 84 67 11 68 88 95 40 13 29 89 93 27 82 6 92 23 8 10 68 12
8 96 2 85 97 84 53 38 68 93 11 16 0 76 99 21 45 44 94 7 23 49 98 84 6 59 76 86 46 7 42 76 27 47 45 78 68 98 66 66 0 14 86 40 13 85 32 40 2 80
2 75 14 34 32 77 45 12 29 55 2 78 30 32 87 2 59 63 8 33 67 82 72 65 53 1 66 23 97 48 25 68 47 4 60 21 84 90 82 31 96 75 37 40 11 36 74 97 20 71
28 37 35 1 75 63 65 14 61 80 84 8 2 69 86 55 82 23 27 41 20 75 28 77 88 15 57 28 62 70 64 74 47 63 20 59 67 97 71 1 73 89 22 29 68 18 5 44 49 58
92 78 73 79 5 74 32 41 60 83 30 82 31 58 56 45 24 27 40 17 90 94 25 24 52 27 52 99 70 31 36 85 75 71 98 95 44 0 93 68 35 43 26 73 83 46 47 42 43 91
16 30 0 1 28 67 5 74 16 56 56 66 72 80 19 60 52 39 54 34 21 51 43 83 74 26 92 68 83 25 46 1 37 62 7 91 68 88 5 27 69 27 48 70 36 17 78 97 74 53
12 85 65 78 96 52 13 12 74 43 12 29 97 56 87 20 83 31 71 97 77 44 85 45 59 33 8 61 34 65 9 67 61 74 55 43 71 20 19 66 62 89 87 77 3 46 54 68 56 68
68 8 59 27 87 29 28 57 80 80 46 96 47 56 4 89 47 7 24 33 93 88 63 31 64 56 93 67 72 0 4 37 45 89 69 27 94 76 64 18 9 49 39 73 7 0 31 86 46 61
25 57 67 79 14 4 31 10 12 63 72 82 96 50 65 35 96 25 20 0 25 83 59 28 50 11 92 39 1 61 59 67 56 84 57 34 12 44 99 86 91 68 0 87 53 52 85 89 89 29
6 66 41 67 45 16 76 34 32 2 76 94 95 75 77 51 48 68 72 58 25 91 24 55 3 42 77 91 27 40 78 35 42 16 85 36 35 31 69 27 75 17 57 6 73 49 70 21 16 60
16 52 31 82 47 44 34 21 57 40 47 55 84 6 39 19 54 86 30 26 36 78 92 86 0 57 7 68 94 99 52 70 12 72 39 68 52 71 48 20 6 20 45 58 69 79 42 91 75 4
88 25 38 62 26 66 19 68 99 48 10 72 79 95 39 13 16 22 9 74 74 88 30 83 45 64 76 26 55 7 20 23 21 32 58 72 14 3 45 87 92 29 6 27 23 93 87 60 62 1
14 89 6 48 39 95 94 24 75 24 57 32 85 5 29 61 60 6 86 1 19 63 81 94 19 19 31 15 72 30 70 24 74 14 47 55 2 24 43 59 43 63 10 12 65 98 1 19 63 36
81 36 50 79 83 66 29 6 54 73 94 98 80 96 77 70 29 70 20 81 89 49 60 57 65 11 43 68 59 52 70 40 18 72 92 31 58 22 76 9 24 20 72 24 57 5 83 52 11 9
9 34 81 12 56 11 25 43 25 98 20 46 56 39 82 57 69 12 97 15 35 22 63 54 98 99 78 74 73 72 52 36 65 58 31 34 91 13 28 84 10 3 1 3 55 57 41 86 13 84
14 82 66 89 33 58 2 98 87 76 84 44 96 7 71 12 26 2 2 7 53 98 76 66 42 13 77 40 47 55 29 14 23 5 25 57 81 46 47 41 22 59 55 79 5 88 89 47 12 60
94 46 81 63 28 62 47 72 97 0 57 95 2 96 39 92 77 51 0 17 70 57 97 99 19 46 62 74 66 88 56 46 90 48 43 66 29 47 7 4 1 88 53 8 72 84 75 75 79 23
8 75 76 53 7 97 98 72 63 16 65 78 19 99 4 63 19 89 76 69 6 99 21 91 5 60 12 57 10 57 11 51 63 40 2 39 58 60 47 0 36 57 68 33 14 12 19 42 43 38
29 76 25 33 23 5 94 90 50 9 43 55 14 85 41 96 68 6 73 67 8 17 95 27 85 57 96 55 17 17 89 50 82 34 85 38 82 99 68 59 71 75 53 31 5 5 96 36 8 24
56 37 17 20 67 0 12 13 0 52 20 47 10 3 61 8 19 23 9 70 69 99 77 49 83 45 18 14 75 40 96 47 57 9 17 40 89 78 28 36 63 37 33 72 63 98 60 95 70 75
73 97 13 15 91 44 60 75 82 51 55 77 71 11 91 12 39 91 42 51 81 0 66 26 21 54 8 21 88 51 0 87 21 83 93 11 21 73 5 49 7 61 68 69 29 75 83 92 29 70
71 93 37 20 93 11 40 6 29 45 2 65 97 74 69 57 35 29 81 89 6 24 93 71 59 39 93 95 30 85 59 91 2 84 39 96 81 71 55 54 24 72 53 14 81 45 23 32 36 28
18 71 41 55 77 70 69 86 28 50 46 17 23 74 1 15 73 36 81 11 35 93 21 79 23 0 18 17 67 57 58 10 62 89 42 23 5 95 66 50 92 57 73 83 65 68 64 75 12 7
41 37 71 2 17 13 42 3 10 31 13 8 19 55 26 92 64 4 71 91 78 69 44 45 83 83 67 43 89 64 84 93 54 46 16 0 66 23 35 18 37 97 25 76 61 69 43 86 77 6
29 40 14 14 42 34 71 55 61 83 41 1 49 15 94 8 81 3 95 86 22 0 72 61 49 52 82 71 52 84 85 25 67 14 31 6 17 94 8 82 5 82 70 59 75 77 25 70 29 31
8 53 6 96 31 67 10 35 24 29 10 16 84 86 53 93 13 91 52 38 60 53 53 28 72 32 93 47 38 10 70 54 69 15 84 75 72 89 5 33 86 94 43 94 87 14 39 73 67 6
23 48 89 23 61 74 99 10 47 50 71 86 48 69 69 12 67 66 91 7 25 94 22 45 28 9 16 99 41 87 53 56 16 10 0 1 76 15 51 16 26 0 20 60 63 69 55 59 1 93
89 98 86 10 80 66 61 77 22 29 38 44 23 16 21 39 20 32 6 95 8 50 28 28 93 27 7 63 97 49 19 16 23 65 9 71 96 89 45 50 16 86 31 46 37 36 37 81 93 51
26 68 64 8 45 86 54 56 65 96 85 79 46 5 80 43 36 24 80 73 99 34 24 65 76 83 54 25 75 30 77 43 19 30 74 47 89 76 67 96 19 32 39 81 36 47 48 95 81 42
68 45 84 48 17 9 23 48 58 42 8 88 77 70 88 51 54 43 37 17 10 27 12 65 2 47 64 83 79 53 52 74 67 15 70 58 46 77 80 42 84 9 64 26 18 95 33 58 68 53
70 89 91 85 17 91 45 11 67 59 55 57 87 57 60 64 83 57 41 59 25 40 95 17 58 65 67 18 24 18 56 30 4 77 95 25 54 96 8 85 62 44 14 10 60 17 54 94 7 71
7 17 11 11 52 11 70 46 44 9 17 58 85 88 85 15 60 22 25 98 95 76 56 14 57 26 5 18 67 65 43 20 35 33 58 60 48 46 3 51 96 65 34 44 95 44 32 62 54 43
14 65 32 69 90 40 76 77 89 93 51 4 76 4 62 22 50 16 27 66 13 65 7 49 47 58 3 85 50 54 81 24 4 79 53 90 89 90 69 28 18 46 24 68 59 88 70 59 23 6
14 56 96 4 98 32 1 15 14 74 46 4 86 38 23 44 50 29 80 39 94 6 21 60 67 1 53 16 15 79 45 90 15 59 69 56 3 27 38 75 64 4 14 42 28 74 85 42 60 33
27 40 24 41 12 84 97 73 62 88 90 55 35 91 41 75 39 50 96 85 39 90 35 56 33 19 10 58 75 55 62 17 65 34 57 32 45 59 80 94 48 99 84 37 27 85 70 19 73 86
37 66 31 58 4 42 66 3 36 69 83 14 11 59 53 11 98 77 61 73 74 79 94 64 49 96 19 57 61 88 22 39 55 17 58 55 48 24 70 17 66 17 7 35 44 48 95 72 45 98
9 42 30 44 6 70 85 18 37 44 39 88 80 42 23 8 84 86 52 76 45 16 93 75 6 55 65 72 76 79 14 36 80 79 26 35 49 46 22 5 90 69 38 69 97 5 82 74 85 67
64 50 32 29 11 89 81 64 52 19 93 23 22 64 28 30 67 24 11 32 78 48 96 81 53 8 0 5 89 61 95 85 92 20 99 46 77 90 11 9 66 85 35 93 93 57 26 3 64 84
17 96 28 95 61 8 8 20 91 24 41 24 13 36 62 83 19 13 72 23 79 76 17 85 2 47 67 0 47 32 69 53 95 82 15 57 99 40 96 31 84 83 94 62 85 45 72 93 48 49
81 10 16 85 73 25 48 42 95 67 12 9 87 4 5 66 44 8 4 65 21 60 98 83 35 62 32 24 19 41 58 47 12 46 90 43 93 5 40 15 60 68 23 65 83 91 76 88 87 3
31 1 78 0 49 10 61 39 12 61 27 69 10 25 36 78 91 4 56 92 85 89 53 9 48 75 67 40 23 85 78 58 30 55 8 6 4 4 65 19 74 77 9 89 31 82 82 70 72 15
92 17 42 92 70 12 44 73 83 53 34 5 11 92 27 65 21 20 15 42 41 45 28 64 43 69 46 45 14 34 43 17 16 6 24 29 19 24 80 46 83 74 4 60 39 3 48 73 93 1
86 84 25 91 26 37 1 46 34 31 75 13 14 88 16 81 24 61 97 19 18 18 56 96 2 69 32 50 93 54 64 53 7 38 96 88 68 34 63 65 68 10 5 39 61 18 92 19 79 68
46 80 38 26 3 0 61 16 2 84 97 32 16 6 23 73 91 8 14 32 45 7 91 28 18 56 54 99 90 41 53 99 67 28 86 58 89 41 99 17 89 34 94 25 15 39 36 99 94 7
66 60 41 0 52 67 88 50 40 85 84 12 50 48 87 56 56 80 23 21 34 63 72 91 90 91 37 35 68 4 84 77 10 59 73 51 26 65 51 62 1 59 61 12 29 94 10 61 76 81
33 26 31 17 3 96 12 79 40 2 58 40 54 87 77 61 8 29 31 63 93 81 92 81 99 2 15 12 63 29 68 39 28 54 87 61 39 22 67 43 65 38 76 10 46 4 57 45 56 39
65 74 78 26 30 90 8 89 31 43 55 15 89 0 98 38 36 73 49 94 45 57 2 92 96 57 81 37 89 88 89 67 13 37 22 30 66 70 10 53 92 83 2 75 48 98 66 96 58 81
6 53 80 75 22 66 22 70 70 78 46 33 62 77 72 27 88 39 17 3 12 37 94 37 33 90 42 48 43 10 41 17 28 1 57 50 20 53 61 86 17 90 17 47 27 53 10 54 16 29
26 40 90 88 30 18 63 45 45 71 56 94 48 96 45 51 31 46 2 1 78 20 53 35 53 34 8 87 58 76 4 15 57 48 53 19 5 58 4 12 95 62 33 37 78 79 14 42 93 20
