3 43
0 1 1 2 3 4 4 5 6 7 7 8 9 9 10 10 11 11 12 12 13 13 14 14 15 15 16 17 18 18 19 20 20 21 21 22 22 23 24 25 26 26 27 28 29 29 30 31 31 32
33 34 34 2 35 35 36 5 6 37 37 8 38 39 39 40 40 41 42 43 44 45 45 46 46 47 47 17 48 48 49 49 50 51 52 53 53 23 54 25 55 55 27 28 56 56 30 57 57 32
33 58 59 59 60 60 61 62 63 64 65 66 38 67 67 68 68 41 69 43 44 70 70 71 72 72 73 74 74 75 76 76 50 51 52 77 78 78 54 79 79 80 80 81 82 83 84 85 86 87
88 58 89 89 90 91 61 62 63 64 65 66 92 93 94 95 96 97 69 98 99 100 100 71 101 102 73 103 103 75 104 104 105 106 106 107 108 109 110 110 111 111 112 81 113 83 84 85 86 114
88 115 116 116 90 91 117 117 118 119 119 120 120 93 94 95 96 97 121 98 122 122 123 124 125 102 126 127 127 128 129 129 105 130 131 107 132 109 133 133 134 135 112 136 113 137 138 138 139 114
140 140 141 142 142 143 143 144 118 145 146 147 148 149 150 151 152 153 153 154 155 155 123 124 125 156 156 157 157 128 158 159 160 130 131 161 132 162 162 163 163 135 164 165 165 137 166 167 168 168
169 170 171 172 173 174 174 175 175 176 146 147 177 149 150 151 152 178 178 179 179 180 180 181 181 182 183 183 184 185 158 159 186 186 187 161 188 189 189 190 190 191 164 192 193 193 166 167 194 194
169 170 171 172 195 195 196 197 197 176 198 199 177 200 201 202 202 203 203 204 205 206 207 208 208 182 209 210 210 185 211 212 213 213 214 215 215 216 217 218 219 191 220 220 221 222 223 223 224 224
225 226 226 227 228 229 229 230 231 232 198 199 233 200 201 234 234 235 236 204 205 206 207 237 238 238 209 239 240 241 211 212 242 243 214 244 245 216 217 218 219 246 246 247 247 222 248 248 249 249
225 250 250 227 251 251 252 230 231 232 253 253 233 254 255 256 256 257 236 258 259 260 261 261 262 263 263 239 240 241 264 264 265 243 266 266 245 267 268 269 269 270 270 271 271 272 273 273 274 274
275 276 277 278 279 279 280 281 281 282 283 284 284 254 285 286 286 257 287 288 259 289 290 291 291 292 292 293 294 294 295 295 265 296 296 297 298 299 268 300 300 301 302 302 303 303 304 304 305 305
306 276 277 278 307 307 280 308 308 282 283 309 309 310 285 311 311 312 312 288 313 289 314 315 316 316 317 318 319 320 321 322 323 324 324 325 298 299 326 327 327 301 328 329 329 330 331 332 333 334
306 335 335 336 337 338 339 340 341 342 342 343 343 310 344 345 345 346 347 347 313 348 314 315 349 349 317 318 319 320 321 350 323 351 351 325 352 353 326 354 354 355 355 356 356 330 331 332 333 357
358 359 359 336 337 338 339 340 341 360 360 361 362 362 363 363 364 364 365 366 367 368 368 369 370 370 371 371 372 372 373 350 374 374 375 376 352 377 378 379 379 380 381 381 382 383 383 384 385 357
358 386 387 388 388 389 389 390 390 391 392 361 393 394 394 395 395 396 397 366 398 399 399 400 400 401 402 403 404 405 405 406 407 407 375 376 408 377 378 409 409 380 410 411 412 413 414 414 385 415
416 386 387 417 418 418 419 419 420 391 421 421 393 422 422 423 424 396 397 425 398 426 427 428 428 401 402 403 404 429 430 406 431 431 432 432 408 433 433 434 435 436 436 411 412 413 437 437 438 439
416 440 441 417 442 443 444 444 420 445 445 446 446 447 448 423 424 449 450 451 451 426 452 452 453 453 454 455 456 456 430 457 457 458 458 459 459 460 461 434 462 462 463 463 464 465 466 467 438 439
468 440 441 469 442 470 470 471 471 472 472 473 474 475 448 476 477 449 450 478 478 479 479 480 481 481 454 455 482 482 483 484 484 485 486 486 487 460 461 488 488 489 489 490 490 465 466 467 491 492
468 493 493 469 494 495 495 496 496 497 497 473 474 475 498 476 477 499 500 500 501 501 502 480 503 504 505 505 506 506 507 508 508 509 510 511 511 512 513 513 514 515 516 516 517 518 519 520 491 492
521 522 522 523 524 524 525 525 526 526 527 528 529 530 531 531 532 499 533 534 535 536 537 538 503 539 539 540 541 541 507 542 542 509 543 543 544 512 545 545 514 546 546 547 517 518 519 548 549 550
551 552 552 523 553 554 555 555 556 557 527 528 529 558 558 559 532 560 561 534 562 536 537 563 564 565 566 567 568 569 570 571 571 572 573 574 574 575 576 577 578 579 580 547 581 582 582 548 549 550
551 583 584 585 586 554 587 587 556 557 588 589 589 590 591 559 592 592 561 593 562 594 594 563 564 565 566 567 595 569 570 596 597 572 573 598 598 575 576 577 578 579 580 599 600 600 601 602 602 603
604 583 584 605 586 606 607 607 608 608 588 609 609 610 591 611 612 612 613 593 614 615 615 616 617 618 619 620 595 621 622 596 623 624 624 625 625 626 626 627 627 628 629 599 630 631 601 632 632 603
633 633 634 605 635 635 636 636 637 638 638 639 639 610 640 641 642 642 613 643 614 644 645 645 617 618 619 620 646 621 647 648 623 649 649 650 650 651 651 652 653 653 629 654 654 631 655 656 656 657
658 658 634 659 660 661 662 663 663 664 664 665 666 666 640 641 667 668 668 643 669 644 670 670 671 672 673 673 674 675 647 648 676 677 677 678 678 679 679 652 680 681 682 683 683 684 655 685 685 657
686 686 687 687 660 661 662 688 689 689 690 665 691 692 692 693 693 694 694 695 669 696 697 697 698 672 699 699 674 675 700 700 701 701 702 703 704 705 706 706 680 681 682 707 707 684 708 709 710 710
711 712 712 713 714 714 715 688 716 717 690 718 691 719 720 721 721 722 723 723 724 725 726 726 698 727 728 728 729 730 731 732 733 733 702 703 734 705 735 736 736 737 738 739 739 740 708 741 741 742
743 743 744 713 745 746 715 747 716 748 748 718 749 719 720 750 750 751 751 752 753 725 754 755 755 727 756 757 729 730 731 732 758 759 759 760 734 761 735 762 762 737 763 764 764 740 765 766 767 742
768 768 744 769 745 746 770 747 771 772 772 773 749 774 774 775 776 777 777 752 753 778 754 779 779 780 780 757 781 781 782 783 783 784 785 760 786 761 787 788 789 789 763 790 790 791 765 766 767 792
793 793 794 769 795 796 797 797 798 799 800 773 801 801 802 775 776 803 804 804 805 806 806 807 808 808 809 809 810 810 811 812 812 784 785 813 786 814 814 788 815 816 817 817 818 791 819 820 821 792
822 822 794 823 795 796 824 825 798 799 826 826 827 827 828 829 830 831 832 832 805 833 834 807 835 835 836 837 838 838 811 839 839 840 840 813 841 841 842 842 843 816 844 845 818 846 819 820 821 847
848 849 850 823 851 852 853 825 854 855 855 856 856 857 828 829 830 831 858 858 859 833 834 860 860 861 836 837 862 862 863 863 864 865 866 866 867 867 868 869 843 870 844 845 871 871 872 873 874 847
848 849 850 875 875 852 853 876 877 877 878 879 879 857 880 880 881 882 883 884 885 886 886 887 888 889 889 890 890 891 891 892 864 893 893 894 895 895 868 896 897 897 898 898 899 900 872 873 874 901
902 903 903 904 905 906 906 876 907 907 878 908 908 909 909 910 881 882 883 911 885 912 913 914 888 915 915 916 917 918 919 892 920 921 922 922 923 923 924 896 925 926 926 927 899 900 928 928 929 929
902 930 930 904 931 932 932 933 934 935 936 937 938 938 939 940 940 941 941 911 942 912 913 914 943 943 944 916 917 918 919 945 920 946 947 947 948 948 949 949 925 950 951 951 952 952 953 953 954 954
955 956 957 957 931 958 958 959 934 935 960 937 961 962 962 963 963 964 964 965 965 966 967 968 969 970 944 971 972 973 974 975 975 946 976 977 977 978 979 980 981 982 982 983 983 984 984 985 986 986
955 956 987 987 988 989 989 959 990 990 960 991 992 993 993 994 995 995 996 997 997 966 967 968 969 970 998 971 972 973 974 999 999 1000 976 1001 1001 978 979 1002 981 1003 1004 1004 1005 1006 1007 1007 1008 1008
1009 1010 1011 1011 988 1012 1013 1013 1014 1014 1015 1015 992 1016 1017 1018 1019 1019 1020 1021 1022 1022 1023 1024 1025 1026 998 1027 1028 1029 1030 1031 1032 1000 1033 1033 1034 1035 1035 1002 1036 1036 1037 1038 1005 1039 1039 1040 1040 1041
1009 1010 1042 1043 1043 1012 1044 1044 1045 1046 1046 1047 1048 1016 1017 1018 1049 1049 1020 1050 1050 1051 1052 1024 1025 1026 1053 1027 1028 1029 1030 1031 1054 1054 1055 1056 1056 1057 1057 1058 1059 1060 1060 1038 1061 1061 1062 1063 1064 1065
1066 1066 1042 1067 1068 1068 1069 1069 1045 1070 1071 1071 1048 1072 1073 1073 1074 1075 1075 1076 1077 1051 1052 1078 1079 1080 1053 1081 1082 1083 1084 1084 1085 1085 1086 1086 1087 1088 1088 1058 1089 1090 1091 1092 1092 1093 1062 1063 1094 1065
1095 1096 1097 1098 1099 1100 1100 1101 1101 1070 1102 1102 1103 1103 1104 1104 1074 1105 1105 1076 1077 1106 1106 1078 1107 1080 1108 1108 1082 1083 1109 1109 1110 1110 1111 1111 1087 1112 1112 1113 1089 1090 1114 1115 1115 1093 1116 1116 1094 1117
1118 1096 1097 1098 1099 1119 1120 1121 1122 1123 1124 1124 1125 1125 1126 1126 1127 1128 1129 1129 1130 1130 1131 1131 1107 1132 1133 1133 1134 1134 1135 1136 1136 1137 1138 1139 1139 1140 1140 1141 1141 1142 1114 1143 1143 1144 1144 1145 1145 1117
1118 1146 1146 1147 1147 1148 1120 1121 1122 1123 1149 1149 1150 1150 1151 1151 1127 1152 1153 1153 1154 1155 1156 1157 1158 1132 1159 1160 1160 1161 1135 1162 1163 1137 1138 1164 1165 1165 1166 1166 1167 1142 1168 1168 1169 1170 1171 1172 1173 1174
1175 1175 1176 1176 1177 1148 1178 1179 1179 1180 1180 1181 1181 1182 1182 1183 1183 1152 1184 1184 1154 1155 1156 1157 1158 1185 1185 1186 1187 1188 1188 1189 1163 1190 1191 1192 1193 1194 1194 1195 1196 1197 1197 1198 1169 1170 1171 1172 1199 1174
1200 1200 1201 1202 1202 1203 1204 1204 1205 1206 1207 1208 1208 1209 1209 1210 1210 1211 1212 1213 1214 1214 1215 1215 1216 1217 1217 1186 1187 1218 1219 1189 1220 1221 1191 1192 1222 1222 1223 1223 1196 1224 1224 1198 1225 1225 1226 1226 1199 1227
1228 1228 1201 1229 1230 1231 1232 1232 1205 1206 1233 1234 1235 1236 1236 1237 1237 1211 1212 1213 1238 1239 1239 1240 1241 1242 1243 1244 1244 1218 1245 1246 1220 1221 1247 1248 1248 1249 1249 1250 1250 1251 1252 1253 1254 1254 1255 1255 1256 1256
1257 1257 1258 1258 1230 1231 1259 1259 1260 1260 1233 1234 1261 1261 1262 1263 1264 1264 1265 1265 1238 1266 1266 1240 1241 1242 1243 1267 1268 1268 1245 1246 1269 1269 1247 1270 1270 1271 1272 1272 1273 1251 1252 1274 1275 1276 1277 1278 1279 1279
1280 1281 1281 1282 1283 1284 1285 1285 1286 1287 1287 1288 1288 1289 1289 1263 1290 1291 1291 1292 1293 1294 1295 1296 1296 1297 1297 1267 1298 1299 1300 1300 1301 1302 1302 1303 1303 1304 1305 1305 1306 1307 1307 1274 1308 1276 1309 1278 1310 1311
1312 1313 1314 1315 1283 1284 1316 1316 1317 1317 1318 1319 1320 1321 1322 1323 1323 1324 1324 1292 1293 1294 1295 1325 1326 1327 1327 1328 1298 1299 1329 1330 1330 1331 1332 1332 1333 1304 1334 1334 1306 1335 1335 1336 1308 1337 1309 1338 1310 1339
1312 1313 1314 1315 1340 1340 1341 1341 1342 1342 1318 1319 1320 1321 1322 1343 1343 1344 1344 1345 1345 1346 1346 1325 1326 1347 1348 1348 1349 1349 1329 1350 1350 1331 1351 1351 1333 1352 1353 1353 1354 1355 1355 1356 1356 1337 1357 1338 1358 1339
93 6 84 59 51 25 75 50 18 42 69 10 32 76 83 27 27 13 61 28 7 46 70 81 40 77 58 14 38 33 67 70 9 84 97 42 46 3 18 94 81 94 96 93 30 66 22 17 92 66
44 99 4 84 76 55 50 92 49 27 72 38 67 61 87 41 93 47 73 39 3 35 80 77 17 9 2 52 63 76 82 19 36 40 85 56 73 97 5 86 59 86 69 82 63 71 63 75 42 18
35 23 6 0 88 26 12 58 69 56 47 24 22 23 99 52 24 5 67 10 4 8 47 48 4 13 92 54 3 38 54 57 99 49 97 62 79 70 66 92 65 95 54 65 86 72 40 55 90 33
49 24 38 0 63 95 11 6 71 49 76 66 21 2 45 18 94 23 10 17 78 42 72 88 80 94 23 41 1 96 65 62 78 9 78 5 86 41 26 53 5 33 91 22 63 98 59 76 75 82
55 46 60 63 27 95 40 69 9 48 62 42 18 32 70 59 95 29 84 17 53 0 38 13 70 45 74 96 39 12 20 40 89 94 58 39 94 68 86 39 51 3 31 36 95 26 2 94 30 75
30 83 61 97 19 89 65 75 91 60 94 91 73 57 48 83 91 49 8 1 50 77 51 55 11 62 75 64 61 75 97 56 33 16 56 80 66 53 13 9 45 60 61 44 38 96 20 64 2 86
64 62 68 94 72 18 23 46 75 17 37 9 18 25 73 29 56 66 68 67 89 76 62 80 50 96 83 91 16 61 70 20 66 55 93 84 67 85 14 62 1 93 43 96 41 16 66 38 53 59
37 5 14 98 82 80 61 10 84 49 81 89 97 65 27 55 21 88 90 3 4 91 66 15 59 7 0 81 3 50 62 21 53 27 61 85 93 20 97 77 82 20 25 22 39 18 26 64 40 62
65 17 40 49 23 22 37 89 78 86 61 16 23 12 63 22 33 58 70 86 37 92 17 59 43 87 70 7 80 7 93 86 15 89 83 72 19 15 31 88 67 75 20 91 82 56 87 72 88 40
14 0 65 6 42 7 79 35 82 71 35 45 49 30 81 74 39 5 62 88 79 55 73 3 56 29 53 58 64 84 41 3 95 83 90 3 98 42 94 77 82 14 8 22 31 74 64 96 86 32
53 50 12 88 48 59 51 62 93 44 49 5 88 13 75 39 54 60 91 41 62 58 85 60 71 82 6 71 55 80 49 80 32 25 16 47 34 91 96 2 8 9 35 0 70 35 15 85 75 71
66 49 10 95 13 30 82 97 62 60 10 88 60 90 26 69 65 94 56 73 44 47 49 85 71 26 42 53 78 86 94 34 6 80 61 80 19 82 43 49 16 70 26 0 5 53 76 35 53 89
40 15 14 20 76 90 50 66 12 7 86 7 65 10 84 26 60 29 26 62 35 59 27 0 34 60 55 49 23 88 10 35 65 0 19 44 67 4 77 55 19 9 33 98 29 40 71 21 75 70
66 1 31 28 91 24 44 72 2 51 60 51 23 38 84 22 43 85 12 28 72 78 85 63 24 80 87 24 34 21 6 30 13 43 99 6 84 50 66 12 12 47 60 11 73 61 40 40 74 68
49 30 19 69 15 75 87 42 43 17 70 17 57 7 43 6 6 76 97 98 3 76 71 74 85 63 18 59 70 5 61 42 73 81 40 12 9 96 26 10 36 56 93 83 22 81 39 71 76 40
23 98 1 29 42 38 50 62 45 33 10 2 98 59 61 91 41 85 60 81 96 87 91 42 29 20 95 38 25 47 77 9 15 31 62 84 90 48 9 29 49 55 69 37 53 75 7 61 52 70
57 65 91 99 52 67 76 42 71 68 3 15 50 66 17 77 93 81 32 91 38 60 83 78 92 14 98 56 79 55 14 64 72 1 35 43 73 82 18 9 30 84 29 33 68 45 74 9 83 3
95 69 84 8 67 68 18 34 53 26 5 74 39 97 72 83 88 77 55 69 17 78 31 33 90 92 70 85 79 11 82 90 99 75 49 31 24 41 81 49 67 13 86 65 14 20 60 51 9 47
95 71 55 73 40 6 8 52 66 17 2 53 51 52 41 7 6 31 45 19 91 76 62 52 60 0 70 57 15 33 89 44 20 73 6 60 11 15 51 34 60 53 62 12 18 89 75 74 38 91
45 43 92 36 76 77 25 76 58 49 41 38 30 9 44 59 54 75 47 83 34 17 61 76 60 2 18 51 71 46 26 26 55 50 80 27 62 87 4 97 64 94 26 87 85 77 93 75 66 93
87 69 32 8 20 34 59 67 35 45 64 65 2 88 38 0 72 44 50 17 18 61 63 11 92 65 47 63 88 46 10 14 31 67 47 43 64 43 39 64 9 95 3 40 38 64 70 78 61 65
73 84 68 38 50 14 12 71 56 86 0 74 77 40 74 13 64 55 38 34 77 27 64 89 97 46 79 28 92 82 30 5 17 14 0 72 32 27 86 67 52 46 85 83 16 22 88 96 62 64
91 95 88 51 8 9 57 33 9 9 2 54 79 40 48 66 98 44 92 20 24 85 49 78 40 71 72 72 63 82 98 77 26 59 78 35 35 95 86 97 49 31 59 15 40 13 72 12 55 56
58 70 65 28 79 64 66 72 8 96 64 61 40 61 64 62 38 14 24 14 57 92 52 16 95 62 56 35 74 52 11 99 85 39 76 32 84 68 57 67 6 50 88 74 11 64 70 52 33 29
70 1 98 88 95 77 91 58 90 6 34 68 74 47 32 34 20 9 68 60 22 67 48 86 63 25 97 86 38 92 65 73 63 32 40 29 6 20 12 79 98 57 57 94 18 77 35 77 17 71
34 93 40 20 67 13 61 16 25 5 41 73 22 79 84 5 3 24 72 66 53 61 16 30 48 0 66 59 41 38 18 42 57 40 82 47 15 66 1 29 42 3 29 31 78 41 80 5 37 54
41 76 61 41 78 59 68 24 70 23 46 77 26 72 49 39 90 97 88 67 74 74 94 96 64 65 35 0 29 54 38 12 61 0 51 19 79 38 55 2 28 92 31 99 73 91 73 69 6 96
42 38 80 27 16 43 36 77 38 68 14 16 39 27 14 51 5 18 93 34 1 33 92 18 40 83 22 2 57 92 63 5 36 2 63 18 53 66 50 17 7 74 20 70 50 70 45 95 59 42
77 43 56 3 49 91 12 20 24 77 82 12 93 78 93 92 97 30 70 1 23 16 30 5 44 53 83 63 37 19 35 37 31 35 64 35 98 19 93 90 68 34 4 90 12 26 56 86 46 67
31 70 21 95 75 71 4 52 84 50 6 8 48 79 30 21 86 56 31 87 50 63 59 40 0 21 86 55 53 81 46 93 52 29 45 46 91 8 24 92 73 70 64 15 39 67 64 57 24 29
63 60 95 85 66 12 91 99 15 36 59 63 34 30 80 83 30 45 87 12 67 32 17 82 17 35 79 63 42 27 84 53 29 87 22 88 23 12 17 28 22 98 11 24 34 96 83 69 96 0
67 21 31 84 46 62 1 6 2 21 1 89 69 76 31 52 36 51 98 15 16 28 66 13 4 73 41 63 91 99 94 6 28 85 90 73 25 60 80 91 12 92 29 18 19 73 10 32 74 38
25 86 16 11 25 8 17 39 28 7 22 45 42 70 29 88 47 43 65 55 29 52 93 99 53 35 43 25 17 63 65 0 41 37 93 9 50 58 0 52 79 20 87 93 52 98 54 81 63 41
7 94 58 16 89 38 32 77 23 73 87 45 45 48 15 22 32 92 41 51 13 52 5 12 92 90 30 68 95 82 82 69 8 12 5 48 7 63 14 64 18 84 75 9 58 57 39 72 24 61
0 32 94 21 1 86 76 19 14 10 12 33 39 14 84 15 52 61 53 11 24 0 25 11 16 39 41 67 4 28 59 23 62 74 39 2 3 40 5 16 74 4 78 22 14 6 29 42 53 54
53 8 71 41 63 51 34 82 34 60 40 58 39 54 8 36 77 61 46 34 49 44 30 84 58 54 35 41 11 17 46 48 89 46 42 58 25 14 28 94 45 55 24 85 40 74 4 83 56 7
45 20 33 28 61 33 33 69 37 25 48 24 47 43 99 39 78 80 96 24 50 91 84 72 54 3 94 77 32 96 12 80 54 73 21 45 85 15 71 31 43 19 54 18 18 76 52 50 26 40
55 35 23 29 29 99 62 71 12 81 24 1 75 0 51 94 22 33 14 35 14 33 37 52 92 95 60 41 47 63 10 88 35 9 0 53 67 38 79 33 59 79 56 95 97 3 25 42 2 21
70 72 6 12 94 84 69 21 41 48 33 45 55 80 71 84 66 16 75 29 83 28 23 83 76 74 40 9 25 57 88 26 20 86 21 56 98 58 97 29 13 50 47 14 45 99 6 11 35 45
97 0 35 63 70 53 36 16 30 12 92 38 27 40 92 25 38 20 0 24 34 52 25 12 6 73 13 54 91 97 61 92 77 27 22 62 12 76 54 10 6 22 94 74 7 99 32 84 41 26
50 15 80 8 90 27 86 39 2 49 87 23 48 25 13 98 87 35 86 84 53 6 21 77 55 19 61 77 28 70 86 68 89 91 87 15 0 79 77 86 19 32 26 65 36 76 73 22 16 46
4 92 73 80 1 55 59 48 82 11 74 89 32 43 52 91 24 90 44 54 77 82 4 94 11 15 75 81 96 70 77 10 0 5 19 54 82 12 54 7 83 36 60 36 29 46 20 7 57 42
55 93 17 79 85 12 73 32 66 14 29 47 42 27 20 83 18 42 89 51 31 82 10 19 34 30 10 84 7 10 82 0 18 78 53 88 16 18 30 33 79 67 12 72 62 36 54 45 26 11
66 39 65 57 85 84 16 8 19 63 34 27 30 5 54 53 83 91 49 33 15 51 91 41 55 47 81 34 85 9 2 32 67 96 52 93 30 46 24 34 41 49 67 22 82 45 22 59 19 68
1 35 78 31 82 69 50 1 78 61 72 61 29 98 87 49 53 18 61 17 2 98 95 11 62 5 82 3 76 12 91 84 19 35 46 15 25 46 74 84 96 33 75 28 16 23 27 17 42 1
81 29 98 77 96 87 74 64 14 9 27 30 72 83 35 98 84 54 36 56 44 77 12 84 26 89 86 4 75 76 83 20 31 6 86 86 83 24 71 42 22 97 56 57 3 15 95 58 59 45
16 33 3 58 58 40 26 58 94 78 31 35 41 14 22 65 69 59 60 49 96 59 79 67 67 22 30 81 30 43 14 57 61 45 84 30 67 36 33 19 99 41 24 88 96 84 36 72 49 42
97 48 61 66 51 28 98 84 11 35 51 26 8 49 98 75 74 11 58 78 23 67 79 25 39 24 10 25 77 27 75 79 69 82 28 95 71 81 85 27 81 95 6 16 44 59 14 77 45 49
61 69 80 38 66 14 4 20 32 84 41 80 14 53 38 41 74 79 38 89 54 82 48 45 78 52 34 62 70 42 27 38 99 97 7 95 36 34 58 6 26 84 54 60 24 85 67 21 25 71
30 46 90 3 62 65 40 22 76 99 63 58 20 87 93 67 42 57 48 43 82 10 37 50 71 19 8 34 0 30 27 70 28 16 63 87 45 63 28 73 43 74 2 39 26 19 71 87 7 67
