16 24
0 1 2 3 3 4 5 6 6 7 7 8 8 9 9 10 10 11 11 12 12 13 13 14 14 15 15 16 16 17 17 18 19 19 20 21 21 22 22 23 23 24 25 25 26 26 27 28 29 29
0 1 2 30 31 4 32 32 33 34 34 35 36 37 38 38 39 39 40 41 41 42 43 44 45 45 46 46 47 48 48 18 49 49 20 50 50 51 51 52 52 24 53 53 54 54 27 28 55 55
56 57 58 30 31 59 60 60 33 61 61 35 36 62 62 63 64 64 40 65 65 42 43 44 66 67 68 68 47 69 70 71 71 72 73 74 75 75 76 77 77 78 79 79 80 81 81 82 83 84
56 85 58 86 86 59 87 88 88 89 90 91 91 92 93 63 94 94 95 96 97 97 98 98 66 99 99 100 100 69 101 102 103 72 73 104 104 105 76 106 107 78 108 108 109 109 110 110 83 84
111 85 112 112 113 113 87 114 115 89 90 116 116 92 93 117 118 118 95 96 119 120 121 121 122 122 123 123 124 124 101 102 125 125 126 126 127 128 128 106 107 129 129 130 131 131 132 132 133 133
134 135 135 136 137 138 139 114 115 140 140 141 141 142 143 143 144 145 145 146 119 147 147 148 148 149 150 151 151 152 152 153 153 154 154 155 127 156 156 157 157 158 159 130 160 161 162 162 163 163
134 164 164 136 137 138 165 166 166 167 168 169 170 142 171 171 144 172 172 173 174 175 176 176 177 149 150 178 179 180 180 181 181 182 182 183 184 185 185 186 186 158 187 187 160 161 188 189 189 190
191 191 192 192 193 193 165 194 195 195 168 169 170 196 197 197 198 199 199 173 174 200 200 201 177 202 202 178 203 203 204 204 205 206 206 183 207 207 208 208 209 210 211 212 212 213 213 214 215 215
216 217 217 218 218 219 220 220 221 221 222 222 223 224 225 225 198 226 227 228 228 229 229 201 230 231 232 232 233 233 234 234 235 235 236 236 237 237 238 239 209 240 211 241 242 243 243 214 244 244
245 246 247 247 248 248 249 250 251 252 252 253 223 224 254 255 255 226 227 256 257 258 259 260 260 231 261 261 262 263 264 264 265 266 266 267 268 269 238 239 270 240 271 271 242 272 273 273 274 275
245 246 276 276 277 277 249 250 278 278 279 253 280 281 282 283 283 284 284 256 257 258 259 285 286 286 287 287 262 263 288 289 289 290 290 267 268 291 292 293 270 294 295 296 297 298 299 300 274 275
301 302 303 304 304 305 305 306 306 307 308 308 280 281 282 309 309 310 310 311 312 312 313 285 314 314 315 316 317 317 318 319 319 320 320 321 321 291 292 322 322 294 295 296 323 298 299 300 324 325
326 302 303 327 328 329 330 331 332 307 333 334 334 335 336 336 337 337 338 311 339 339 313 340 341 342 342 316 343 343 318 344 345 345 346 346 347 348 349 350 350 351 352 352 323 353 353 354 324 325
326 355 355 327 328 329 330 331 332 356 333 357 358 335 359 359 360 360 338 361 361 362 362 340 341 363 363 364 364 365 365 344 366 366 367 367 368 348 349 369 369 370 370 371 371 372 372 354 373 373
374 375 376 377 378 379 379 380 380 356 381 357 358 382 382 383 383 384 385 385 386 387 388 389 389 390 391 392 392 393 394 395 395 396 397 398 368 399 400 401 401 402 403 403 404 405 405 406 406 407
374 375 376 377 378 408 409 410 410 411 381 412 412 413 414 414 415 384 416 416 386 387 417 417 418 390 391 419 419 393 420 421 421 396 397 398 422 399 400 423 424 425 425 426 404 427 428 428 429 407
430 431 431 432 432 408 409 433 433 434 434 435 436 437 437 438 438 439 440 441 442 442 443 444 444 445 445 446 447 448 420 449 449 450 451 452 422 453 453 423 424 454 455 456 456 457 458 459 429 460
430 461 462 463 464 465 465 466 467 468 468 435 436 469 470 470 471 439 440 441 472 472 443 473 473 474 474 475 447 448 476 477 477 450 451 452 478 479 480 481 481 454 455 482 482 457 458 483 483 484
485 461 462 463 464 486 486 466 467 487 487 488 488 489 489 490 490 491 491 492 493 494 495 495 496 497 498 475 499 499 500 500 501 502 503 503 478 479 504 504 505 505 506 507 508 508 509 509 510 484
485 511 511 512 513 513 514 514 515 516 517 518 519 519 520 520 521 521 522 492 493 494 523 524 524 497 525 525 526 526 527 527 501 502 528 528 529 530 530 531 531 532 532 507 533 534 535 535 510 536
537 538 539 512 540 540 541 541 542 516 517 518 543 543 544 545 545 546 522 547 548 549 523 550 550 551 552 552 553 554 554 555 556 556 557 557 558 559 560 560 561 561 562 562 533 563 564 565 566 536
567 538 568 569 569 570 571 571 542 572 573 573 574 574 544 575 575 546 576 576 548 549 577 578 578 551 579 580 553 581 581 582 583 584 585 585 558 559 586 586 587 588 588 589 590 563 564 565 566 591
567 592 568 593 594 594 595 596 597 572 598 599 599 600 601 602 602 603 603 604 604 605 577 606 607 608 579 609 609 610 610 582 583 611 611 612 612 613 613 614 615 615 616 589 590 617 617 618 619 591
620 592 621 593 622 622 623 596 597 624 625 625 626 600 627 627 628 629 630 630 631 605 632 606 607 608 633 634 634 635 636 637 637 638 639 640 640 641 641 614 642 642 616 643 643 644 644 618 645 646
647 648 649 649 650 650 623 651 651 624 652 652 626 653 654 655 656 629 657 658 631 659 660 660 661 661 633 662 662 635 636 663 663 664 639 665 665 666 666 667 668 668 669 670 670 671 671 672 645 646
647 648 673 673 674 675 675 676 676 677 678 679 679 653 680 655 656 681 682 658 683 683 684 685 685 686 686 687 687 688 688 689 689 664 690 691 692 692 693 693 694 694 695 695 696 696 697 698 699 700
701 702 703 703 674 704 704 705 705 677 678 706 706 707 680 708 708 681 682 709 709 710 684 711 712 712 713 713 714 715 716 716 717 717 690 691 718 718 719 720 720 721 721 722 723 724 724 698 699 700
701 725 726 727 728 728 729 730 731 731 732 733 733 707 734 735 735 736 736 737 738 738 739 739 740 740 741 742 742 715 743 743 744 745 745 746 747 748 749 749 750 751 751 752 723 753 754 755 755 756
757 725 726 727 758 758 729 730 759 760 761 762 763 764 734 765 765 766 766 737 767 767 768 768 769 770 771 771 772 772 773 774 744 775 776 777 747 778 778 779 750 780 780 752 781 753 754 782 783 756
757 784 785 785 786 786 787 787 759 760 761 762 763 788 789 789 790 790 791 791 792 792 793 794 769 770 795 796 796 797 773 798 799 799 776 777 800 801 802 779 803 804 805 806 781 807 808 808 783 809
810 784 811 811 812 812 813 814 815 815 816 817 817 788 818 818 819 820 821 821 822 822 823 794 824 824 825 826 826 797 827 798 828 829 830 830 831 801 832 832 803 804 805 833 833 807 834 834 835 809
810 836 837 838 839 839 813 814 840 841 816 842 843 844 845 845 819 820 846 846 847 847 823 848 849 849 825 850 851 851 827 852 828 829 853 854 831 855 856 857 858 859 860 860 861 861 862 863 864 864
865 836 837 838 866 867 867 868 868 841 869 842 843 870 870 871 872 872 873 874 875 876 876 848 877 877 878 850 879 879 880 881 882 883 884 854 885 886 856 857 858 859 887 888 889 890 891 863 892 892
893 894 895 895 866 896 896 897 898 898 869 899 900 900 901 902 902 903 873 874 875 904 904 905 905 906 878 907 908 909 880 881 882 883 884 910 885 886 911 912 913 914 914 888 889 890 891 915 916 916
893 917 917 918 918 919 919 897 920 921 921 899 922 923 901 924 925 903 926 927 928 929 929 930 931 906 932 907 908 909 933 934 935 936 937 937 938 938 911 912 939 940 941 942 943 943 944 945 945 946
947 948 949 950 951 952 952 953 920 954 955 955 922 923 956 924 925 957 958 927 928 959 959 930 931 960 932 961 962 962 933 934 935 936 963 963 964 964 965 966 939 940 941 942 967 968 969 970 971 946
947 948 949 950 951 972 973 953 974 975 976 977 977 978 956 979 979 980 958 981 982 982 983 983 984 960 985 961 986 986 987 988 989 990 990 991 991 992 992 966 993 993 994 995 967 968 969 970 996 997
998 999 999 1000 1000 972 973 1001 974 975 976 1002 1003 1004 1005 1005 1006 980 1007 981 1008 1009 1010 1011 1011 1012 985 1013 1014 1015 987 988 989 1016 1016 1017 1018 1019 1019 1020 1021 1022 1023 995 1024 1024 1025 1026 996 997
1027 1028 1029 1029 1030 1030 1031 1001 1032 1033 1033 1002 1003 1004 1034 1034 1035 1036 1007 1037 1037 1009 1010 1038 1039 1012 1040 1041 1014 1015 1042 1042 1043 1044 1045 1045 1018 1046 1046 1020 1021 1022 1023 1047 1048 1049 1025 1026 1050 1051
1027 1028 1052 1052 1053 1053 1031 1054 1054 1055 1055 1056 1057 1057 1058 1058 1035 1036 1059 1059 1060 1061 1062 1038 1039 1063 1040 1041 1064 1064 1065 1066 1043 1044 1067 1067 1068 1068 1069 1069 1070 1070 1071 1047 1048 1072 1073 1073 1050 1074
1075 1076 1077 1077 1078 1079 1080 1081 1082 1082 1083 1083 1084 1085 1085 1086 1086 1087 1088 1088 1060 1061 1062 1089 1089 1090 1091 1092 1093 1094 1065 1095 1096 1097 1097 1098 1098 1099 1100 1100 1101 1102 1071 1103 1103 1072 1104 1105 1105 1074
1075 1106 1106 1107 1078 1079 1080 1081 1108 1108 1109 1110 1084 1111 1112 1112 1113 1087 1114 1115 1115 1116 1117 1118 1118 1090 1091 1092 1093 1119 1120 1095 1096 1121 1122 1122 1123 1099 1124 1125 1101 1102 1126 1127 1128 1129 1104 1130 1130 1131
1132 1132 1133 1134 1135 1136 1136 1137 1137 1138 1109 1110 1139 1139 1140 1141 1113 1142 1114 1143 1143 1144 1117 1145 1146 1147 1148 1148 1149 1119 1120 1150 1150 1121 1151 1151 1123 1152 1124 1125 1153 1154 1126 1127 1128 1129 1155 1156 1156 1131
1157 1158 1158 1134 1159 1159 1160 1160 1161 1162 1163 1164 1164 1165 1140 1141 1166 1167 1168 1169 1170 1144 1171 1145 1146 1147 1172 1172 1173 1173 1174 1175 1175 1176 1176 1177 1177 1152 1178 1178 1153 1154 1179 1180 1180 1181 1181 1182 1183 1183
1184 1184 1185 1185 1186 1187 1187 1188 1188 1162 1163 1189 1189 1190 1190 1191 1191 1167 1168 1169 1192 1192 1193 1194 1194 1195 1195 1196 1196 1197 1174 1198 1198 1199 1199 1200 1201 1202 1203 1203 1204 1205 1206 1206 1207 1207 1208 1209 1209 1210
1211 1211 1212 1213 1213 1214 1214 1215 1216 1217 1217 1218 1218 1219 1220 1220 1221 1222 1222 1223 1224 1224 1193 1225 1226 1227 1227 1228 1229 1230 1231 1232 1233 1234 1235 1200 1201 1236 1237 1238 1238 1205 1239 1240 1240 1241 1241 1242 1243 1210
1244 1244 1212 1245 1246 1247 1247 1248 1216 1249 1249 1250 1251 1251 1252 1252 1221 1253 1254 1254 1255 1256 1256 1225 1226 1257 1258 1228 1229 1230 1231 1232 1233 1234 1235 1259 1259 1236 1237 1260 1261 1261 1262 1263 1263 1264 1265 1265 1243 1266
1267 1267 1268 1268 1246 1269 1269 1248 1270 1271 1271 1272 1272 1273 1273 1274 1275 1253 1276 1277 1278 1278 1279 1279 1280 1280 1258 1281 1282 1282 1283 1283 1284 1285 1286 1287 1287 1288 1288 1260 1289 1290 1262 1291 1291 1264 1292 1292 1293 1266
1294 1295 1296 1297 1298 1298 1299 1299 1270 1300 1300 1301 1301 1302 1302 1303 1275 1304 1304 1277 1305 1306 1306 1307 1308 1309 1309 1310 1311 1312 1313 1314 1314 1285 1286 1315 1316 1316 1317 1318 1319 1290 1320 1320 1321 1321 1322 1323 1293 1324
1294 1295 1296 1297 1325 1326 1326 1327 1327 1328 1328 1329 1330 1330 1331 1303 1332 1333 1333 1334 1305 1335 1335 1307 1308 1336 1336 1310 1311 1312 1313 1337 1337 1338 1338 1315 1339 1339 1317 1318 1319 1340 1340 1341 1341 1342 1342 1323 1343 1324
96 16 67 74 20 66 75 23 72 95 58 87 30 51 97 37 19 68 22 67 47 29 26 6 17 39 19 82 98 47 76 53 11 41 26 17 44 87 75 12 14 60 72 66 98 93 99 74 87 99
85 57 54 32 25 67 25 32 67 98 50 76 41 30 69 82 92 90 74 85 2 62 49 34 81 38 30 37 76 77 70 19 75 8 41 32 7 34 53 5 2 99 42 0 19 48 74 44 77 15
75 27 61 51 64 58 47 99 36 4 89 14 99 81 59 70 72 58 47 86 84 20 48 13 90 9 6 46 13 98 38 81 67 31 49 18 71 88 85 40 40 33 86 48 92 10 38 63 61 8
70 47 96 74 27 8 62 46 78 57 16 98 65 24 66 33 92 23 5 41 41 74 80 30 66 35 98 88 45 39 0 25 87 89 83 71 57 33 57 36 20 61 72 57 33 86 54 73 87 72
40 48 79 47 73 17 71 85 93 29 76 18 58 99 85 42 68 65 62 55 94 72 40 63 1 8 47 53 45 56 62 97 62 59 99 14 56 27 24 79 22 1 55 79 80 73 73 38 85 2
86 36 78 25 92 95 12 65 92 87 13 50 55 4 10 60 73 91 9 57 4 53 14 19 60 38 79 17 52 10 42 91 11 23 43 78 94 94 5 83 52 1 57 71 62 9 62 38 11 30
80 84 9 76 72 43 13 60 37 95 39 20 16 97 67 15 82 3 13 30 81 32 99 66 43 11 20 72 42 36 94 58 16 92 91 61 45 42 0 51 59 95 76 33 91 92 22 38 77 31
95 79 34 42 72 23 59 91 98 97 82 65 84 77 84 11 96 33 25 66 46 26 8 80 8 33 68 26 65 46 65 93 72 89 47 10 22 32 62 96 19 25 85 99 69 70 19 39 56 59
21 17 5 11 89 49 52 0 73 80 1 91 25 25 2 13 12 80 75 9 86 52 38 72 3 69 42 98 4 55 78 9 50 75 20 96 91 39 27 90 89 69 50 35 99 6 48 37 84 62
7 41 15 4 77 58 78 47 78 22 7 99 17 94 17 94 0 9 38 38 65 72 25 9 84 45 82 69 90 42 87 32 62 3 4 6 49 68 9 32 58 65 71 40 5 66 1 33 26 77
55 47 6 83 24 76 16 6 77 56 55 13 83 46 79 98 14 41 62 63 83 48 24 91 44 59 8 22 6 33 42 9 93 81 35 40 68 63 30 74 45 10 51 10 75 4 25 78 9 84
35 11 51 23 53 10 39 47 50 15 7 59 78 40 12 73 87 25 2 87 68 23 45 44 20 22 64 35 63 51 18 81 85 96 34 41 45 76 22 84 56 44 98 1 99 23 31 75 13 79
9 21 87 22 29 45 20 3 48 99 1 9 40 50 65 96 42 33 43 27 44 96 25 94 59 26 33 59 63 14 6 85 99 7 6 76 76 99 54 11 87 80 92 68 23 82 54 76 28 42
90 9 55 9 1 35 35 9 81 17 50 20 4 64 5 3 16 96 21 43 43 97 53 53 81 35 7 29 78 74 65 52 13 50 20 13 7 45 38 17 69 55 74 50 19 25 54 34 1 24
52 18 92 96 62 60 80 97 88 88 16 82 98 87 12 48 22 89 49 5 76 78 72 87 58 15 91 70 68 0 36 73 30 34 55 13 29 60 74 51 67 51 65 98 10 67 71 43 24 37
63 80 37 64 46 4 83 35 6 15 97 75 53 22 46 60 17 64 47 37 53 97 94 56 1 81 5 37 94 9 34 80 84 77 97 63 90 82 26 30 22 29 77 83 20 95 17 73 70 2
88 66 54 23 82 33 20 13 57 28 1 94 81 29 4 60 65 77 62 22 96 86 64 23 36 72 67 97 51 84 80 13 55 98 4 95 95 87 23 17 15 65 5 88 15 11 86 90 38 31
58 8 65 26 32 75 59 67 7 95 3 71 47 54 97 77 67 70 45 50 73 73 28 55 26 90 97 99 83 23 84 21 86 31 6 35 55 88 61 78 57 16 37 41 94 7 89 61 62 18
28 18 26 68 59 31 66 42 84 0 95 39 24 38 52 82 71 90 34 39 64 63 81 11 64 63 41 88 17 90 45 63 48 60 51 68 59 53 53 9 19 60 82 17 33 52 10 34 19 75
56 16 65 37 60 11 15 48 28 84 68 37 18 88 47 47 0 9 32 37 27 42 36 14 23 16 14 59 18 28 35 54 40 80 52 52 42 32 59 3 16 49 11 12 24 85 50 54 97 68
87 32 12 93 67 80 21 4 47 46 83 7 15 31 17 5 20 82 41 75 70 67 70 3 52 26 8 96 89 11 10 66 19 69 52 98 67 98 11 1 36 0 22 79 96 36 33 90 83 0
44 5 51 15 44 17 71 86 68 64 86 51 64 84 21 42 73 29 90 62 75 91 53 68 45 66 63 80 1 90 11 96 21 9 49 7 67 78 26 71 25 10 92 86 58 8 72 62 75 23
19 82 28 92 4 71 96 29 1 99 48 38 15 79 47 86 63 19 88 97 26 27 51 28 36 79 33 65 13 35 85 21 36 95 35 59 58 37 84 70 10 49 53 19 56 65 26 37 38 18
87 94 51 5 88 86 40 30 70 31 25 64 59 81 30 26 67 66 20 5 75 57 93 6 67 21 25 92 63 66 20 80 98 69 46 54 42 26 11 59 27 60 7 50 38 54 83 48 17 2
67 4 37 49 75 17 2 39 78 89 99 56 5 70 14 93 23 82 11 45 69 57 28 16 27 30 80 35 4 9 66 23 42 9 55 4 50 41 51 33 39 20 35 28 89 78 88 77 7 3
46 40 66 95 17 7 68 8 34 78 10 0 20 69 68 62 55 94 59 84 61 44 16 32 84 16 87 81 3 52 44 31 35 77 58 62 3 20 15 33 15 5 67 84 53 94 22 7 64 53
25 74 0 50 40 95 63 64 58 40 71 91 53 21 14 94 2 26 6 0 59 83 10 65 39 22 6 15 6 12 51 95 47 23 50 40 65 26 90 58 63 65 26 91 75 39 85 21 65 40
30 25 80 4 96 70 13 40 59 9 32 79 70 23 58 26 75 40 7 40 36 20 97 92 73 66 3 58 92 63 12 63 97 82 21 33 48 12 79 34 3 64 1 39 25 18 48 41 56 68
8 16 29 63 63 62 64 42 96 52 26 24 38 35 26 22 59 59 1 19 40 9 35 21 62 2 50 34 46 28 67 67 86 44 2 43 15 90 27 40 99 58 12 21 48 46 73 43 55 79
93 37 91 8 9 66 56 18 71 56 98 66 46 3 22 40 12 23 73 11 75 96 11 61 36 3 43 89 53 18 64 46 14 84 68 79 32 50 71 23 55 41 5 58 56 80 74 75 8 12
58 94 81 71 42 33 61 63 97 52 92 33 8 47 52 80 35 0 99 2 61 29 6 71 34 19 99 54 5 47 6 71 71 81 59 5 3 36 16 61 68 15 1 33 33 15 34 10 77 36
71 7 50 11 39 5 98 56 82 32 22 75 27 83 27 54 85 98 32 7 36 23 26 54 33 99 74 78 39 47 88 13 86 74 58 58 64 59 16 26 12 66 97 60 20 93 87 4 40 32
65 81 14 96 18 68 48 96 89 8 21 96 61 28 98 39 20 1 97 88 26 48 73 15 15 76 15 71 81 94 36 1 15 26 41 77 69 28 85 10 22 6 84 70 64 75 89 85 52 12
98 92 66 50 53 23 44 77 39 90 70 62 28 95 74 97 29 10 83 58 56 15 36 24 81 46 80 6 26 16 15 36 56 84 61 87 31 41 94 71 66 95 12 71 34 81 10 1 52 89
44 78 38 81 92 63 85 53 80 7 29 94 98 33 15 15 94 85 55 90 83 56 54 18 60 0 78 29 45 68 97 81 73 71 78 30 80 43 94 49 22 80 98 62 76 70 32 12 53 2
19 89 24 23 87 29 16 69 47 34 82 32 24 69 19 11 54 5 77 87 42 28 44 23 71 77 11 99 44 2 8 29 25 23 62 11 12 73 95 74 7 80 60 36 92 56 43 91 82 70
69 42 91 23 44 43 49 88 77 40 39 73 16 73 49 42 20 23 57 76 7 56 54 95 22 91 27 75 66 89 43 44 83 99 46 25 65 10 63 47 93 41 62 94 28 82 67 33 93 64
51 96 1 46 45 77 29 36 10 4 1 71 20 22 96 69 25 88 22 82 70 51 1 92 2 80 39 56 28 45 36 55 84 95 28 63 67 64 42 74 11 46 88 57 36 48 15 50 86 60
35 2 78 30 90 64 93 28 4 70 28 31 24 35 32 1 61 79 45 90 98 31 69 18 11 97 60 2 53 91 86 71 46 69 15 79 66 68 38 17 41 10 25 16 28 19 18 94 78 1
79 47 76 61 85 99 69 76 87 77 25 23 11 37 64 54 31 33 22 89 5 48 1 93 61 31 45 44 54 65 62 50 96 68 67 91 91 0 61 47 55 52 3 58 70 71 70 53 49 90
45 31 4 54 40 52 51 36 31 87 1 41 11 27 15 15 11 37 26 97 79 67 77 4 98 51 56 41 62 29 73 30 49 53 41 71 17 13 74 76 89 86 78 96 6 74 56 91 96 18
88 43 90 61 55 84 22 10 16 66 62 77 15 99 95 7 97 21 63 81 57 57 68 82 22 98 35 35 19 10 98 54 13 23 65 26 15 66 31 65 94 18 71 10 25 67 39 9 68 1
41 6 94 1 60 88 36 30 94 86 10 54 49 68 50 87 32 98 95 25 23 65 45 36 25 60 11 41 2 29 79 41 38 18 11 99 20 28 83 35 2 2 66 24 69 58 10 36 84 8
49 9 27 19 6 57 2 44 20 90 5 5 21 35 78 53 82 78 2 86 6 91 7 22 77 22 26 51 3 39 7 13 25 48 81 91 92 59 34 15 48 90 2 78 83 55 58 51 65 81
55 30 11 91 57 5 49 53 8 30 14 24 54 81 86 76 31 21 30 27 58 45 49 60 95 81 17 31 91 6 36 16 36 86 92 19 76 16 38 40 79 64 8 14 88 72 98 72 16 95
17 20 90 26 19 59 2 85 77 23 54 46 16 81 63 11 11 27 21 50 78 7 37 97 24 48 99 69 90 39 97 18 64 12 71 93 49 63 67 30 83 74 69 12 97 44 37 50 82 41
57 94 60 74 2 61 54 72 0 75 77 5 82 27 43 41 97 93 97 94 76 35 42 57 30 10 98 73 73 17 50 23 66 95 28 55 17 30 35 7 69 44 89 4 93 59 87 42 60 46
54 97 8 15 57 84 60 54 31 97 16 73 2 87 87 42 14 13 21 64 39 38 3 46 46 12 50 4 86 82 21 95 98 28 59 14 42 42 17 39 71 95 68 31 41 30 88 75 50 14
50 75 90 54 84 0 11 93 97 56 69 31 93 59 20 61 95 74 94 77 41 22 78 97 11 12 72 34 73 45 48 45 81 14 79 38 90 86 44 36 85 71 7 67 5 56 25 17 87 26
26 95 80 45 79 34 12 56 31 53 19 91 63 26 17 0 5 77 18 43 31 45 33 18 96 75 56 51 64 90 9 54 4 40 76 12 16 54 52 11 5 68 15 84 24 78 9 56 47 89
