47 46
0 0 1 2 3 4 5 5 6 6 7 8 9 10 10 11 11 12 13 13 14 15 16 16 17 18 19 19 20 21 21 22 22 23 24 24 25 25 26 27 27 28 29 30 31 32 33 33 34 35
36 36 37 2 3 38 39 40 40 41 7 8 9 42 43 43 44 44 45 46 14 47 48 49 49 18 50 51 20 52 52 53 54 23 55 56 57 57 26 58 58 28 29 30 31 32 59 59 34 35
60 61 37 62 62 38 63 64 65 65 66 67 68 42 69 70 71 72 45 73 74 47 75 76 77 77 50 51 78 79 79 53 54 80 55 81 81 82 83 84 85 86 87 88 88 89 89 90 91 91
60 92 92 93 93 94 63 64 95 96 66 67 68 97 98 70 71 99 99 73 100 100 75 101 102 103 104 104 105 106 107 108 109 110 111 111 112 82 83 84 85 86 87 113 113 114 114 115 116 117
118 119 119 120 121 94 122 123 95 96 124 125 125 126 98 127 127 128 128 129 129 130 130 101 102 103 131 131 105 106 107 108 132 110 133 133 134 134 135 135 136 137 137 138 139 140 141 115 116 117
118 142 142 143 121 144 122 123 145 146 124 147 148 126 149 150 150 151 151 152 152 153 154 154 155 156 156 157 158 158 159 159 132 160 160 161 162 163 163 164 136 165 165 138 139 140 141 166 167 167
168 169 170 143 171 144 172 173 145 146 174 147 148 175 149 176 177 177 178 179 180 153 181 181 155 182 183 183 184 184 185 185 186 186 187 187 162 188 189 190 191 192 193 193 194 195 195 166 196 197
168 169 170 198 198 199 172 173 200 201 201 202 203 175 204 176 205 205 178 179 180 206 207 208 209 182 210 210 211 212 213 214 215 216 216 217 217 188 189 190 191 192 218 219 194 220 221 221 196 197
222 223 223 224 224 225 225 226 200 227 227 202 203 228 204 229 230 230 231 232 232 206 207 208 209 233 233 234 211 212 213 214 215 235 236 237 238 239 240 240 241 241 218 242 242 243 243 244 244 245
222 246 247 247 248 248 249 249 250 250 251 252 253 228 254 229 255 256 256 257 258 258 259 259 260 260 261 234 262 262 263 263 264 235 236 237 238 239 265 265 266 266 267 268 269 269 270 271 271 245
272 246 273 273 274 275 275 276 276 277 251 252 253 278 254 279 255 280 281 282 283 283 284 284 285 285 261 286 287 287 288 289 264 290 290 291 292 293 293 294 294 295 296 268 297 297 270 298 298 299
272 300 300 301 274 302 303 304 304 277 305 306 306 278 307 279 308 280 281 282 309 310 310 311 311 312 312 286 313 313 314 289 315 316 317 291 318 319 320 320 321 321 296 322 323 324 325 325 326 299
327 328 329 301 330 302 303 331 332 333 305 334 334 335 335 336 308 337 338 339 309 340 340 341 342 342 343 343 344 344 314 345 315 316 317 346 318 319 347 348 349 350 350 351 323 324 352 352 326 353
327 328 329 354 330 355 355 331 332 333 356 356 357 358 358 359 359 337 360 339 361 362 362 363 363 364 365 366 366 367 367 345 368 369 370 346 371 372 347 348 349 373 373 351 374 375 376 376 377 377
378 378 379 380 381 381 382 383 383 384 385 386 387 388 388 389 390 390 360 391 361 392 393 393 394 364 365 395 395 396 397 398 368 369 399 400 371 401 401 402 402 403 403 404 374 375 405 405 406 406
407 407 379 380 408 408 382 409 410 411 385 386 387 412 412 389 413 414 414 415 416 392 417 418 418 419 420 420 421 422 397 398 423 423 399 400 424 425 426 427 428 428 429 404 430 430 431 432 432 433
434 435 436 437 437 438 438 409 410 411 439 440 440 441 442 442 443 444 445 415 416 446 447 447 448 419 449 449 421 422 450 450 451 451 452 453 453 425 426 427 454 454 455 455 456 457 458 458 459 433
434 460 436 461 461 462 463 464 465 465 439 466 466 467 468 468 443 444 445 469 470 471 472 472 473 473 474 475 476 476 477 477 478 479 452 480 480 481 482 483 484 485 486 487 487 457 488 489 459 490
491 460 492 493 493 494 463 464 495 496 496 497 497 467 498 498 499 500 500 469 470 471 501 502 502 503 474 504 505 506 507 507 478 508 508 509 510 481 511 483 484 485 486 512 512 513 513 489 514 514
491 515 516 516 517 494 518 518 495 519 520 521 522 522 523 523 499 524 524 525 526 526 501 527 528 503 529 504 505 506 530 531 532 532 533 509 510 534 511 535 535 536 537 538 539 539 540 541 542 543
544 515 545 545 517 546 546 547 548 519 520 521 549 550 551 552 553 554 554 555 555 556 556 527 557 557 529 558 558 559 530 531 560 561 533 562 563 534 564 565 566 566 537 538 567 567 540 541 542 543
544 568 569 569 570 571 571 547 548 572 572 573 549 550 551 552 553 574 575 575 576 576 577 578 579 580 580 581 581 559 582 582 560 561 583 562 584 585 585 565 586 587 587 588 588 589 589 590 591 592
593 593 594 595 570 596 597 598 598 599 600 573 601 601 602 602 603 574 604 605 606 606 577 578 579 607 607 608 608 609 609 610 610 611 583 612 584 613 613 614 614 615 616 616 617 617 618 618 591 592
619 619 620 595 621 596 597 622 622 599 600 623 624 624 625 626 603 627 627 605 628 629 629 630 631 632 633 633 634 634 635 635 636 611 637 612 638 639 640 641 641 615 642 642 643 643 644 645 645 646
647 647 620 648 621 649 650 650 651 651 652 652 653 653 625 626 654 655 655 656 657 657 658 630 631 632 659 660 661 662 662 663 636 664 665 665 638 639 640 666 667 667 668 668 669 669 670 671 671 646
672 672 673 673 674 674 675 676 676 677 677 678 678 679 680 680 654 681 682 656 683 683 658 684 685 686 686 660 661 687 688 689 689 664 690 691 691 692 692 693 693 694 695 695 696 696 670 697 697 698
699 700 700 701 701 702 675 703 704 705 706 706 707 708 709 709 710 710 682 711 712 712 713 684 685 714 715 715 716 687 688 717 717 718 690 719 719 720 720 721 721 722 723 724 724 725 725 726 726 698
699 727 728 729 729 702 730 703 704 705 731 731 707 708 732 732 733 734 735 711 736 736 713 737 738 738 739 739 740 740 741 741 742 718 743 744 744 745 746 747 747 722 748 748 749 750 750 751 752 753
754 727 755 755 756 756 730 757 758 759 759 760 760 761 762 763 733 764 735 765 766 766 767 737 768 769 769 770 770 771 772 773 774 775 743 776 776 745 777 777 778 779 779 780 781 781 782 782 752 783
754 784 785 785 786 787 787 757 788 788 789 790 791 791 762 792 792 764 793 765 794 795 767 796 768 797 798 798 799 771 772 773 774 775 800 801 801 802 803 804 805 806 806 780 807 808 809 810 811 783
812 812 813 814 815 816 816 817 818 818 789 790 819 819 820 821 822 823 823 824 794 795 825 826 826 797 827 828 799 829 829 830 831 831 800 832 833 833 803 804 805 834 834 835 835 808 809 810 836 837
838 838 813 814 815 839 839 817 840 841 841 842 842 843 820 821 844 844 845 846 847 847 825 848 848 849 827 828 850 851 852 852 853 854 854 832 855 855 856 856 857 857 858 859 860 861 862 862 836 837
863 864 865 865 866 866 867 868 840 869 870 870 871 871 872 872 873 874 845 846 875 876 877 878 879 849 880 880 850 851 881 882 853 883 884 884 885 885 886 887 888 888 858 889 860 861 890 890 891 892
863 893 893 894 894 895 895 868 896 869 897 898 898 899 900 900 873 901 901 902 875 903 877 878 879 904 905 906 906 907 881 908 909 883 910 910 911 911 886 887 912 913 914 889 915 916 916 917 891 892
918 918 919 920 920 921 922 922 896 923 924 924 925 926 927 928 929 930 931 902 932 903 933 933 934 904 905 935 936 937 938 908 909 939 939 940 940 941 941 942 912 913 914 943 915 944 944 945 945 946
947 947 919 948 948 921 949 950 951 951 952 953 953 926 927 954 929 930 955 955 932 956 957 958 934 959 960 935 936 937 961 962 963 964 965 966 967 967 968 942 969 970 971 943 972 973 973 974 975 975
976 976 977 978 979 979 949 950 980 981 982 982 983 984 985 954 986 986 987 988 989 956 990 958 991 959 960 992 993 994 961 962 963 964 965 966 995 996 997 998 969 970 999 1000 972 1001 1002 1002 1003 1003
1004 1005 977 978 1006 1006 1007 1007 980 1008 1009 1009 983 984 985 1010 1010 1011 1011 988 1012 1012 990 1013 991 1014 1015 992 993 994 1016 1017 1018 1018 1019 1020 995 996 997 998 1021 1022 999 1000 1023 1001 1024 1024 1025 1025
1004 1026 1027 1027 1028 1028 1029 1030 1030 1008 1031 1031 1032 1032 1033 1034 1035 1035 1036 1036 1037 1037 1038 1013 1039 1040 1015 1041 1041 1042 1042 1017 1043 1043 1019 1020 1044 1045 1045 1046 1046 1022 1047 1047 1023 1048 1049 1050 1051 1052
1053 1026 1054 1055 1055 1056 1056 1057 1057 1058 1059 1059 1060 1060 1033 1061 1062 1062 1063 1064 1065 1066 1038 1067 1039 1040 1068 1069 1069 1070 1071 1072 1073 1073 1074 1075 1076 1076 1077 1077 1078 1079 1079 1080 1080 1048 1049 1050 1051 1052
1081 1081 1054 1082 1083 1083 1084 1084 1085 1086 1087 1087 1088 1089 1089 1061 1090 1090 1063 1064 1065 1066 1091 1092 1092 1093 1068 1094 1095 1070 1071 1072 1096 1096 1074 1075 1097 1097 1098 1098 1078 1099 1099 1100 1101 1101 1102 1103 1104 1105
1106 1107 1107 1108 1108 1109 1110 1111 1085 1086 1112 1112 1088 1113 1114 1115 1115 1116 1116 1117 1117 1118 1118 1119 1120 1120 1121 1094 1095 1122 1123 1123 1124 1125 1125 1126 1126 1127 1128 1129 1129 1130 1130 1100 1131 1132 1102 1133 1104 1105
1134 1134 1135 1135 1136 1109 1110 1137 1138 1138 1139 1140 1141 1141 1114 1142 1143 1143 1144 1145 1145 1146 1146 1119 1147 1147 1121 1148 1148 1122 1149 1149 1124 1150 1151 1151 1152 1152 1128 1153 1153 1154 1155 1155 1131 1156 1156 1133 1157 1157
1158 1158 1159 1159 1136 1160 1160 1137 1161 1162 1139 1140 1163 1164 1164 1142 1165 1165 1166 1167 1168 1169 1169 1170 1170 1171 1171 1172 1172 1173 1174 1175 1175 1176 1177 1178 1179 1179 1180 1181 1182 1154 1183 1183 1184 1184 1185 1185 1186 1186
1187 1187 1188 1189 1189 1190 1191 1191 1161 1162 1192 1192 1163 1193 1194 1195 1196 1197 1166 1167 1168 1198 1198 1199 1200 1201 1202 1203 1203 1173 1174 1204 1205 1176 1177 1178 1206 1206 1207 1181 1182 1208 1209 1209 1210 1210 1211 1212 1212 1213
1214 1215 1188 1216 1216 1190 1217 1217 1218 1219 1220 1220 1221 1193 1194 1195 1196 1197 1222 1223 1224 1224 1225 1199 1200 1201 1202 1226 1227 1228 1228 1204 1205 1229 1230 1231 1231 1232 1207 1233 1233 1208 1234 1235 1236 1236 1211 1237 1237 1213
1214 1238 1239 1240 1240 1241 1241 1242 1218 1219 1243 1244 1221 1245 1245 1246 1247 1247 1222 1223 1248 1249 1225 1250 1250 1251 1251 1226 1227 1252 1252 1253 1253 1229 1230 1254 1254 1255 1256 1257 1258 1259 1234 1235 1260 1260 1261 1261 1262 1262
1263 1238 1264 1264 1265 1265 1266 1242 1267 1268 1243 1244 1269 1270 1270 1271 1271 1272 1272 1273 1274 1249 1275 1276 1277 1277 1278 1279 1280 1281 1282 1283 1283 1284 1285 1285 1286 1255 1256 1257 1258 1287 1288 1288 1289 1289 1290 1290 1291 1291
1292 1292 1293 1294 1294 1295 1296 1297 1267 1268 1298 1298 1269 1299 1300 1301 1302 1303 1304 1273 1274 1305 1275 1276 1306 1306 1278 1279 1280 1281 1282 1307 1308 1308 1309 1309 1286 1310 1310 1311 1311 1287 1312 1312 1313 1313 1314 1314 1315 1316
1317 1317 1318 1318 1319 1319 1296 1320 1320 1321 1321 1322 1322 1299 1300 1301 1302 1303 1304 1323 1323 1324 1324 1325 1325 1326 1326 1327 1328 1328 1329 1330 1330 1331 1331 1332 1332 1333 1333 1334 1334 1335 1336 1336 1337 1337 1338 1338 1315 1316
73 39 27 64 95 2 21 71 62 68 76 16 78 81 92 38 20 3 57 60 90 58 64 71 79 12 89 14 37 76 17 78 16 64 35 84 19 51 91 56 77 75 19 25 43 35 14 67 84 66
70 29 85 5 94 16 11 32 42 47 44 13 16 84 98 95 76 97 67 56 1 42 67 17 1 22 68 98 44 54 20 59 95 8 71 84 43 34 92 0 12 19 80 72 78 89 40 55 30 13
57 67 42 4 18 67 89 80 56 9 8 61 99 92 1 81 14 91 98 39 73 20 22 66 8 89 68 20 93 76 14 70 11 42 79 79 28 7 62 2 44 82 10 17 54 75 39 53 84 15
31 19 25 36 58 72 68 31 39 95 8 17 68 12 33 71 44 73 51 33 6 45 33 10 80 50 83 49 19 94 59 99 38 2 33 15 50 51 14 11 81 24 78 41 11 45 39 11 69 77
69 35 56 61 49 39 7 67 56 41 55 70 10 50 66 8 93 87 70 69 31 21 34 26 72 85 49 23 90 90 93 38 50 17 31 96 25 25 96 29 96 38 87 67 50 46 11 64 42 93
41 53 63 37 61 30 58 9 29 28 27 39 52 54 75 50 82 85 40 66 9 3 4 23 56 33 72 42 31 25 45 49 60 75 66 87 74 88 5 38 82 67 33 26 91 70 72 37 73 26
75 1 69 54 36 92 56 77 47 90 79 19 36 4 10 66 8 86 12 65 5 32 28 48 27 72 83 62 86 0 3 87 41 39 63 42 38 83 90 22 41 95 57 97 71 86 2 36 58 46
56 26 62 58 98 40 98 81 38 37 41 36 29 81 53 36 12 80 10 53 89 71 62 76 84 89 2 57 43 35 20 34 20 89 82 50 56 80 50 86 72 62 53 15 17 87 27 75 20 42
20 69 52 90 11 41 79 64 96 41 97 5 53 81 15 63 90 77 49 98 40 66 54 67 45 34 0 84 53 54 59 91 26 36 91 8 64 63 1 74 91 52 4 89 96 58 58 31 98 34
49 97 46 45 23 32 28 64 7 59 11 65 15 81 28 60 79 47 41 67 36 43 66 46 99 8 48 65 14 31 14 34 41 85 32 61 89 8 71 78 42 55 73 21 20 72 1 27 38 94
52 79 81 44 9 69 91 96 7 63 26 20 39 50 46 33 78 93 82 98 58 69 85 85 53 13 13 2 62 83 46 39 20 79 30 44 69 42 87 95 78 70 15 94 80 17 27 33 4 48
88 64 27 14 66 24 79 63 4 84 14 74 55 11 13 19 77 71 87 80 24 2 67 17 24 44 77 17 99 43 0 34 88 87 7 45 57 46 83 39 60 7 27 73 59 16 86 79 4 14
88 3 87 30 17 66 53 72 3 87 91 22 76 63 7 86 17 35 72 86 62 6 91 39 39 19 36 95 24 12 94 23 71 44 71 17 24 39 71 17 0 22 18 17 80 0 74 6 95 18
98 80 59 39 62 31 78 75 33 36 90 33 94 89 55 7 12 58 67 4 52 35 69 6 48 96 95 17 41 91 95 55 82 40 94 10 26 80 29 5 51 89 53 11 13 69 10 40 23 9
10 89 68 97 63 98 3 84 46 45 14 52 22 95 50 56 79 73 53 96 25 55 92 76 27 9 20 47 70 12 43 22 99 17 22 8 6 12 48 71 7 80 64 29 18 64 28 8 13 21
39 61 49 99 49 87 91 58 24 43 54 75 89 59 75 20 45 76 9 4 15 16 87 52 87 38 24 87 60 49 10 5 66 11 4 35 50 3 15 24 75 97 86 97 63 38 42 14 26 89
91 48 18 29 94 81 74 86 1 8 72 56 47 78 54 2 57 24 98 97 76 14 40 28 54 14 18 69 23 20 81 9 2 31 40 80 74 38 33 95 40 94 35 42 13 48 14 16 4 45
19 15 22 1 35 6 22 63 40 0 50 89 63 6 4 31 22 98 84 54 59 31 69 3 27 56 51 4 36 58 59 74 66 25 28 26 15 38 1 57 96 62 80 97 12 26 43 21 35 5
29 28 84 17 17 68 87 81 6 65 42 86 55 97 44 37 59 61 74 8 10 5 22 16 10 58 7 91 79 90 22 14 35 91 58 8 48 51 26 88 48 68 79 29 0 93 70 64 34 93
71 14 20 37 63 98 20 76 33 78 43 35 6 60 67 73 1 8 97 80 75 44 23 82 40 64 32 94 82 30 65 96 15 83 3 64 65 92 83 70 90 14 81 38 17 66 37 61 72 15
68 30 36 84 62 96 85 78 57 4 96 73 6 53 74 41 36 80 41 37 28 5 72 27 34 89 81 45 56 90 39 57 4 17 13 45 84 70 78 26 65 69 83 2 13 22 96 77 80 88
57 37 8 29 86 97 82 69 7 10 51 17 41 57 49 58 95 60 20 0 91 29 50 45 40 89 83 24 28 99 98 64 68 89 99 46 48 11 56 96 57 15 9 23 26 76 99 50 84 58
94 17 14 17 98 57 19 63 37 10 84 79 45 70 67 13 91 86 61 88 97 6 77 86 30 38 97 76 87 91 37 90 43 14 78 88 17 89 29 38 59 14 9 77 4 86 34 54 4 30
10 90 16 7 75 74 76 22 44 87 79 59 16 89 12 34 61 64 84 96 73 8 15 60 6 38 15 41 32 78 34 79 65 15 59 40 50 42 99 55 16 37 77 62 57 54 62 69 36 23
39 31 4 14 11 81 83 25 30 67 49 44 52 81 69 17 48 99 26 21 31 78 98 57 12 86 11 44 18 34 83 81 87 63 6 55 27 29 98 0 31 86 52 79 88 2 96 59 83 31
10 51 60 27 75 23 35 84 20 38 51 89 72 29 72 87 21 20 32 90 58 90 86 61 79 12 90 22 59 26 21 42 58 84 89 88 72 53 32 5 21 80 95 46 1 77 10 75 91 68
20 4 20 30 57 67 29 64 57 59 5 15 4 47 51 78 36 76 44 16 90 56 72 54 12 13 51 3 94 80 88 39 27 3 44 79 25 56 40 82 1 65 0 94 23 35 80 49 42 4
37 78 14 14 95 62 70 92 12 45 33 48 4 46 18 89 87 89 62 8 91 91 2 8 53 89 71 65 70 0 70 21 75 60 78 36 15 98 19 46 0 38 73 48 35 21 6 92 76 38
30 17 10 72 78 96 10 11 72 35 54 13 37 49 90 45 17 12 45 60 81 42 92 81 57 62 4 23 81 99 12 37 20 1 21 9 39 68 0 8 50 13 87 42 64 62 9 11 63 38
90 56 93 9 40 83 1 32 12 96 38 18 84 32 29 79 81 37 55 60 9 69 12 16 65 57 58 62 46 55 77 15 33 7 6 16 21 72 71 70 12 66 59 86 85 72 56 39 46 61
1 1 32 76 72 58 45 41 74 20 48 15 94 40 45 41 7 3 27 87 57 78 5 79 70 84 67 87 96 34 66 14 12 87 33 90 3 92 28 32 37 51 31 44 2 38 69 64 40 50
83 26 35 70 57 52 89 28 48 83 75 45 96 44 21 31 3 2 81 33 68 76 70 52 78 17 94 0 51 94 51 59 51 32 57 95 60 29 94 46 37 10 54 18 23 49 99 83 63 93
34 65 62 12 68 16 21 10 98 95 36 39 84 96 66 71 87 94 21 61 77 88 50 23 87 49 69 53 0 15 12 84 33 65 7 71 57 38 0 22 87 64 38 61 52 93 48 56 42 95
93 64 40 28 25 14 77 27 3 77 89 50 55 38 18 43 56 83 3 99 73 16 44 6 29 75 49 81 23 28 65 71 76 70 3 38 77 30 74 84 35 60 54 95 4 1 62 46 43 26
58 38 35 38 18 52 1 72 40 57 28 22 82 62 43 7 21 31 73 19 80 11 58 24 18 21 72 26 51 16 8 62 80 84 86 38 87 41 57 69 65 94 89 94 58 4 61 94 62 54
49 36 61 66 56 39 80 67 74 52 32 99 0 47 0 95 79 3 46 9 27 7 3 23 44 16 29 42 21 99 28 37 72 40 80 99 94 93 17 31 52 89 77 9 12 5 66 30 42 60
86 92 83 72 55 42 77 85 42 63 79 99 27 10 64 44 57 57 39 45 69 24 73 88 18 90 84 16 79 77 36 66 14 64 97 92 44 38 70 87 49 38 52 75 70 42 64 0 86 77
78 55 20 27 81 12 39 17 18 9 16 28 48 77 0 17 2 85 23 86 34 63 80 44 81 32 56 90 2 58 5 62 81 21 78 49 86 13 11 58 15 82 79 81 53 47 26 7 36 22
72 49 98 60 34 20 22 98 30 76 53 92 59 23 5 20 87 27 44 38 2 45 1 83 95 13 67 15 15 7 31 76 48 38 38 28 39 67 64 27 77 16 94 74 35 23 63 63 67 96
71 23 69 13 28 83 16 72 97 8 24 54 92 45 26 13 29 7 93 70 58 93 35 24 3 31 57 76 19 58 97 53 89 28 36 8 1 81 65 65 45 63 48 46 36 76 48 20 6 31
37 58 59 89 35 71 88 83 74 44 60 82 54 19 80 66 73 74 58 40 34 51 49 3 80 89 37 86 45 38 29 95 65 85 37 23 50 15 15 76 22 13 10 54 52 28 87 3 82 95
86 13 38 16 98 41 55 34 88 3 1 32 64 14 59 45 97 2 40 83 47 30 71 19 71 24 41 53 89 55 59 5 75 71 11 27 49 79 31 24 57 5 52 66 50 16 51 5 74 3
36 38 57 49 99 0 8 83 79 20 63 74 76 29 66 84 57 52 69 8 63 17 97 58 75 58 33 34 7 20 14 27 51 89 57 7 10 7 81 19 37 36 8 15 21 94 7 90 44 7
46 52 4 54 50 56 91 66 38 85 27 44 95 81 84 85 30 67 6 41 74 46 12 87 12 73 11 89 74 22 72 72 93 95 44 47 92 82 49 40 7 92 96 15 47 37 6 24 38 60
27 87 50 40 70 5 49 39 5 89 74 60 16 74 41 46 87 46 87 0 29 68 15 45 79 45 25 50 63 89 37 4 81 51 1 86 85 90 7 34 87 31 6 69 96 19 79 60 16 55
43 16 28 0 80 89 17 10 87 39 62 12 4 24 68 79 75 99 44 77 55 21 84 7 86 20 44 59 52 48 88 54 5 95 43 42 66 80 14 55 7 80 50 63 3 99 43 14 67 90
86 99 54 82 66 90 2 45 63 84 17 56 12 50 51 98 55 76 34 56 79 21 96 64 57 8 99 73 58 52 82 47 64 88 75 38 60 31 60 89 55 32 21 46 31 69 64 43 76 22
50 3 9 77 96 33 6 46 45 89 40 12 91 60 64 91 95 7 94 32 12 62 77 8 10 1 57 71 22 53 21 42 78 13 69 59 16 57 64 22 39 50 74 76 11 95 47 38 85 92
16 61 15 13 71 80 58 29 82 77 8 10 29 77 82 16 6 57 78 26 35 10 64 70 68 9 90 48 74 45 34 73 3 10 70 16 60 63 68 67 88 11 57 78 2 62 19 32 65 54
8 5 23 35 87 83 52 55 84 85 55 90 33 45 74 46 23 60 16 8 89 31 4 8 94 40 16 40 68 5 76 41 58 67 72 12 57 20 95 55 99 44 76 83 53 92 95 92 52 29
