10 46
0 1 2 2 3 3 4 5 5 6 6 7 8 9 10 11 12 12 13 14 15 16 17 18 19 19 20 21 22 22 23 23 24 25 26 26 27 28 29 29 30 31 31 32 32 33 34 34 35 36
0 1 37 38 38 39 40 41 42 42 43 44 8 9 10 11 45 46 13 47 15 16 17 18 48 49 20 50 50 51 52 53 24 54 54 55 27 56 56 57 57 58 58 59 59 33 60 61 35 62
63 64 65 65 66 39 40 41 67 68 43 44 69 70 70 71 72 46 73 47 74 75 76 76 48 77 78 79 80 81 52 53 82 82 83 84 85 86 87 87 88 88 89 90 90 91 60 61 92 62
93 64 94 95 96 97 98 98 67 99 100 101 101 102 102 71 72 103 73 104 74 75 105 106 106 77 78 79 80 81 107 107 108 108 109 84 85 86 110 111 112 112 113 113 114 115 115 116 117 118
93 119 94 95 96 97 120 120 121 99 100 122 122 123 124 125 126 126 127 127 128 129 105 130 131 131 132 133 133 134 135 136 136 137 109 138 139 140 110 111 141 142 143 143 114 144 145 146 117 118
147 119 148 148 149 149 150 150 121 151 151 152 152 123 124 125 153 153 154 155 128 129 156 130 157 157 132 158 158 134 135 159 160 160 161 161 139 162 162 163 163 142 164 165 165 144 145 146 166 167
147 168 168 169 170 170 171 172 173 173 174 175 175 176 176 177 178 179 179 155 180 181 156 182 182 183 183 184 184 185 186 159 187 187 188 189 190 191 191 192 193 193 164 194 195 195 196 196 197 167
198 199 199 200 201 202 171 172 203 203 174 204 204 205 205 177 178 206 206 207 180 181 208 209 210 211 211 212 212 185 186 213 214 215 188 189 190 216 216 192 217 218 219 219 220 220 221 221 197 222
223 223 224 200 201 202 225 225 226 226 227 228 229 230 230 231 231 232 232 207 233 233 208 209 210 234 235 236 237 238 238 213 214 215 239 239 240 240 241 241 217 218 242 242 243 244 245 246 246 247
248 249 250 251 252 253 254 255 255 256 227 228 229 257 258 259 259 260 261 261 262 262 263 264 264 234 235 236 237 265 266 266 267 268 268 269 270 271 271 272 272 273 273 274 243 244 275 275 276 247
248 249 250 251 252 253 277 277 278 279 279 280 280 257 258 281 282 260 283 283 284 284 263 285 286 287 288 289 290 291 291 292 267 293 293 269 294 294 295 295 296 297 297 274 298 298 299 300 300 301
302 303 304 304 305 306 306 307 278 308 308 309 310 310 311 281 282 312 312 313 314 315 316 285 317 287 318 289 290 319 320 320 321 321 322 323 324 325 326 326 296 327 327 328 329 329 299 330 330 301
302 331 332 332 305 333 334 335 336 337 337 309 338 338 339 340 341 341 342 313 314 315 316 343 317 344 318 345 345 319 346 346 347 348 348 323 324 325 349 349 350 351 351 352 352 353 354 354 355 355
356 331 357 358 358 333 359 335 360 360 361 361 362 363 339 340 364 365 342 366 367 368 369 343 370 370 371 371 372 373 373 374 375 376 377 378 378 379 379 380 381 382 383 383 384 353 385 385 386 387
356 388 357 389 390 391 359 392 392 393 394 394 362 395 395 396 396 365 397 366 367 368 369 398 399 400 401 401 372 402 403 403 375 376 377 404 405 406 406 380 381 382 407 407 384 408 408 409 386 410
411 412 413 389 390 391 414 414 415 393 416 416 417 418 418 419 420 420 421 421 422 423 423 398 399 400 424 424 425 425 426 427 428 429 430 404 405 431 432 433 434 435 436 437 438 438 439 440 441 410
442 412 443 443 444 444 445 445 446 446 447 448 417 449 449 419 450 450 451 451 452 452 453 453 454 454 455 456 457 458 426 427 428 429 430 459 460 460 432 433 434 435 436 437 461 462 462 440 463 463
442 464 465 466 467 467 468 469 470 470 447 448 471 472 472 473 474 474 475 475 476 477 478 479 480 481 481 456 457 458 482 483 483 484 484 459 485 485 486 486 487 487 488 489 490 491 492 492 493 494
495 464 465 496 497 498 468 499 500 500 501 502 471 503 504 473 505 505 506 506 476 477 478 479 480 507 508 509 510 510 482 511 511 512 513 513 514 515 515 516 516 517 488 489 490 491 518 519 493 494
520 521 521 496 497 498 522 499 523 524 501 525 526 503 527 527 528 529 530 530 531 531 532 532 533 507 508 509 534 535 535 536 537 512 538 538 514 539 539 540 540 517 541 542 543 543 518 519 544 545
520 546 547 548 548 549 550 551 523 524 552 525 553 553 554 554 528 529 555 556 556 557 558 558 559 559 560 561 562 562 563 563 537 564 565 566 567 567 568 569 570 570 541 542 571 571 572 572 573 545
574 574 547 575 576 576 550 551 577 577 552 578 579 579 580 580 581 581 555 582 582 557 583 583 584 584 560 561 585 586 587 588 589 564 565 566 590 590 568 591 592 593 593 594 594 595 595 596 573 597
598 598 599 599 600 600 601 602 602 603 603 578 604 605 605 606 606 607 607 608 608 609 609 610 610 611 612 613 613 586 614 588 615 616 617 617 618 618 619 591 620 620 621 621 622 622 623 623 624 624
625 626 626 627 628 629 601 630 631 632 632 633 604 634 635 635 636 637 638 638 639 639 640 640 641 611 642 642 643 643 614 644 615 616 645 646 646 647 648 649 649 650 651 651 652 652 653 654 654 655
625 656 656 627 628 657 658 630 659 660 661 633 662 634 663 663 636 664 664 665 666 666 667 667 641 668 668 669 670 671 672 644 673 674 645 675 676 647 648 677 677 650 678 679 680 680 681 681 682 655
683 684 684 685 685 657 686 687 659 660 661 688 662 689 689 690 691 691 692 665 693 694 695 695 696 696 697 669 670 671 698 699 700 674 701 675 702 702 703 704 704 705 678 679 706 706 707 707 682 708
683 709 710 710 711 711 686 687 712 713 714 688 715 716 716 717 717 718 692 719 693 720 721 722 723 724 725 725 726 726 698 699 700 727 701 728 728 729 729 730 730 705 731 731 732 733 734 734 735 708
736 709 737 738 738 739 740 740 712 713 741 741 715 742 743 744 745 745 746 746 747 720 721 722 723 724 748 748 749 750 751 752 752 727 753 753 754 755 756 756 757 757 758 759 732 733 760 761 762 762
763 764 764 765 766 739 767 768 769 769 770 770 771 742 743 744 772 772 773 774 775 776 777 778 778 779 780 781 749 750 751 782 783 783 784 784 754 755 785 785 786 786 758 787 788 788 789 761 790 791
763 792 792 765 793 793 794 768 795 795 796 796 797 797 798 799 800 801 773 774 775 776 802 803 804 779 780 781 805 806 806 782 807 808 809 809 810 811 811 812 813 813 814 787 815 815 789 816 817 791
818 818 819 819 820 820 794 821 822 822 823 823 824 824 798 799 800 801 825 825 826 826 802 803 804 827 828 828 805 829 830 830 807 808 831 831 810 832 832 812 833 833 834 835 835 836 836 816 817 837
838 839 840 840 841 842 843 821 844 844 845 845 846 847 848 848 849 850 851 851 852 853 854 854 855 827 856 856 857 829 858 859 859 860 860 861 861 862 863 863 864 865 834 866 867 868 868 869 870 871
838 839 872 873 873 842 843 874 874 875 875 876 876 847 877 878 849 850 879 880 880 853 881 882 883 884 885 885 886 886 858 887 888 889 890 891 892 862 893 894 864 895 896 866 867 897 897 869 870 871
898 898 899 899 900 901 902 902 903 903 904 904 905 905 877 878 906 906 879 907 907 908 881 882 883 884 909 910 911 912 913 887 888 889 890 891 892 914 893 894 915 895 916 916 917 917 918 919 919 920
921 921 922 923 924 901 925 925 926 927 927 928 929 929 930 930 931 932 932 933 934 934 935 936 937 937 909 910 911 912 938 939 940 941 941 942 942 914 943 943 915 944 944 945 946 946 947 948 948 920
949 950 951 923 924 952 952 953 953 954 955 956 956 957 957 958 931 959 960 960 961 962 935 936 963 964 964 965 966 967 938 939 940 968 969 969 970 971 972 973 973 974 974 975 976 976 947 977 978 978
949 979 951 980 981 982 983 984 984 985 955 986 987 988 988 958 989 959 990 990 961 991 991 992 963 993 993 965 966 967 994 994 995 968 996 996 970 971 972 997 997 998 998 975 999 1000 1000 977 1001 1001
1002 979 1003 980 1004 982 983 1005 1006 985 1007 986 1008 1009 1009 1010 1010 1011 1012 1013 1014 1015 1016 992 1017 1017 1018 1018 1019 1019 1020 1020 995 1021 1021 1022 1023 1023 1024 1024 1025 1025 1026 1026 999 1027 1027 1028 1028 1029
1002 1030 1003 1031 1004 1032 1033 1005 1006 1034 1034 1035 1008 1036 1036 1037 1037 1011 1038 1013 1014 1015 1016 1039 1039 1040 1040 1041 1041 1042 1042 1043 1044 1045 1046 1046 1047 1047 1048 1048 1049 1050 1051 1052 1052 1053 1054 1054 1055 1056
1057 1058 1058 1059 1059 1032 1060 1061 1061 1062 1063 1064 1065 1065 1066 1067 1068 1069 1038 1070 1070 1071 1072 1072 1073 1074 1075 1075 1076 1077 1078 1043 1044 1045 1079 1080 1080 1081 1081 1082 1049 1050 1051 1083 1083 1084 1084 1085 1085 1056
1057 1086 1087 1088 1089 1089 1060 1090 1091 1062 1063 1064 1092 1092 1066 1067 1068 1069 1093 1093 1094 1071 1095 1095 1073 1074 1096 1097 1076 1077 1078 1098 1098 1099 1079 1100 1101 1101 1102 1082 1103 1104 1105 1105 1106 1106 1107 1108 1109 1109
1110 1086 1087 1088 1111 1112 1112 1090 1091 1113 1114 1115 1116 1117 1118 1118 1119 1119 1120 1120 1121 1121 1122 1122 1123 1123 1124 1097 1125 1125 1126 1127 1128 1099 1129 1129 1130 1130 1102 1131 1103 1104 1132 1132 1133 1134 1107 1108 1135 1135
1110 1136 1137 1137 1111 1138 1139 1139 1140 1141 1114 1115 1116 1142 1143 1143 1144 1145 1146 1147 1147 1148 1149 1150 1151 1151 1124 1152 1153 1153 1126 1127 1128 1154 1154 1155 1156 1157 1158 1158 1159 1160 1161 1162 1133 1163 1164 1164 1165 1165
1166 1136 1167 1168 1169 1169 1170 1170 1140 1141 1171 1171 1172 1142 1173 1173 1144 1145 1174 1174 1175 1148 1149 1150 1176 1177 1178 1179 1180 1180 1181 1182 1183 1184 1185 1185 1156 1186 1187 1187 1188 1160 1161 1162 1189 1163 1190 1191 1191 1192
1166 1193 1193 1168 1194 1194 1195 1195 1196 1197 1197 1198 1198 1199 1199 1200 1201 1202 1202 1203 1175 1204 1205 1205 1176 1177 1178 1179 1206 1207 1208 1182 1183 1209 1209 1210 1210 1186 1211 1211 1188 1212 1213 1214 1189 1215 1190 1216 1217 1192
1218 1218 1219 1220 1220 1221 1221 1222 1222 1223 1224 1224 1225 1225 1226 1227 1201 1228 1229 1203 1230 1230 1231 1231 1232 1232 1233 1234 1234 1207 1208 1235 1235 1236 1237 1237 1238 1239 1240 1240 1241 1241 1213 1214 1242 1215 1243 1216 1244 1244
1245 1245 1246 1247 1248 1249 1250 1250 1251 1251 1252 1253 1253 1254 1254 1227 1255 1228 1256 1256 1257 1257 1258 1259 1259 1260 1260 1261 1262 1263 1264 1264 1265 1236 1266 1267 1238 1239 1268 1269 1270 1271 1271 1272 1273 1273 1243 1274 1274 1275
1276 1276 1246 1247 1248 1277 1278 1279 1280 1281 1252 1282 1283 1284 1285 1285 1286 1286 1287 1288 1289 1289 1258 1290 1291 1291 1292 1292 1262 1293 1293 1294 1265 1295 1266 1296 1296 1297 1298 1269 1299 1299 1300 1272 1301 1301 1302 1303 1303 1275
1304 1304 1305 1306 1307 1277 1278 1279 1280 1281 1308 1282 1283 1284 1309 1309 1310 1310 1287 1311 1312 1313 1314 1315 1316 1317 1317 1318 1319 1319 1320 1320 1321 1321 1322 1322 1323 1323 1298 1324 1325 1325 1326 1327 1327 1328 1302 1329 1330 1331
1332 1333 1333 1306 1334 1334 1335 1335 1336 1336 1308 1337 1338 1338 1339 1340 1340 1341 1341 1311 1312 1313 1314 1315 1316 1342 1342 1318 1343 1343 1344 1344 1345 1345 1346 1346 1347 1347 1348 1349 1349 1350 1326 1351 1352 1352 1353 1329 1330 1331
43 7 0 49 59 93 48 88 42 27 58 24 59 43 3 88 60 99 95 78 41 56 2 11 23 73 60 95 15 9 22 87 19 41 39 9 63 45 65 58 62 62 11 6 9 18 74 79 11 58
50 76 58 9 31 0 41 75 16 1 97 24 86 49 62 4 37 91 44 62 39 14 75 83 41 61 35 58 65 4 13 19 91 61 70 15 58 62 29 78 32 53 42 9 19 28 42 65 93 23
49 90 41 9 4 59 12 79 58 57 76 6 73 94 67 43 82 49 71 74 17 25 43 14 54 69 3 64 31 32 9 95 35 62 19 40 96 23 95 42 9 87 15 35 54 53 62 85 86 87
22 16 89 75 53 95 74 79 41 78 93 40 76 78 58 86 48 25 59 61 37 49 98 70 74 32 77 17 70 25 60 16 63 1 97 24 65 29 93 87 22 73 2 49 46 31 79 31 12 33
65 68 2 55 25 65 64 82 99 61 63 26 96 15 0 78 82 66 97 38 84 69 41 5 19 43 37 80 66 93 17 58 57 17 81 88 99 90 18 99 97 1 32 23 28 16 11 90 75 35
24 20 60 62 49 89 21 11 4 51 28 12 24 77 9 4 56 78 26 22 55 9 63 79 35 58 27 94 21 79 26 21 29 40 17 74 74 23 43 50 84 55 11 61 99 48 50 59 15 28
92 88 15 2 37 44 19 81 72 17 13 52 71 50 8 6 98 99 63 84 35 28 89 42 9 95 50 32 21 75 73 83 71 81 98 54 78 22 52 46 32 58 12 7 46 38 1 35 20 68
92 84 73 98 64 26 53 12 45 95 77 25 59 78 46 88 19 8 88 27 19 30 34 90 61 49 33 94 20 89 27 7 59 39 10 32 69 94 13 75 5 58 87 50 20 28 86 88 59 19
39 27 2 89 22 37 1 53 93 38 4 30 39 21 95 9 81 47 39 58 34 24 75 32 70 44 52 63 89 74 81 85 13 39 67 28 92 23 77 14 89 16 17 92 95 53 28 65 35 40
97 1 0 9 58 39 15 60 40 79 26 56 65 84 5 91 97 91 89 49 8 30 92 23 34 64 5 85 55 10 32 6 83 94 16 98 64 99 80 26 59 98 9 11 20 34 8 73 20 80
58 1 66 29 17 82 42 84 46 15 37 71 9 89 47 90 97 14 95 8 88 59 1 78 15 49 17 26 99 78 29 95 77 51 80 47 67 89 23 85 69 96 35 37 28 75 77 40 78 33
35 46 46 28 87 7 2 41 89 68 9 79 26 59 39 12 6 92 68 39 82 49 38 77 7 28 83 33 33 83 30 52 66 8 90 23 89 93 58 31 38 59 92 84 69 31 86 63 16 86
24 17 81 89 24 77 67 64 2 84 62 69 61 84 55 22 1 71 94 2 38 87 47 14 72 42 15 73 80 39 25 72 69 99 44 14 14 17 84 82 20 72 38 30 22 49 83 34 49 79
0 80 42 9 38 9 77 99 35 40 60 58 17 79 65 81 28 71 25 91 43 13 61 58 43 67 71 11 87 45 54 50 45 23 38 0 90 62 88 87 86 12 75 41 42 55 60 84 83 25
44 46 78 93 82 60 50 50 86 12 6 35 32 83 87 97 35 77 96 51 56 86 43 6 95 18 31 71 38 78 7 75 22 58 18 88 20 63 81 63 72 0 59 89 83 12 8 22 55 52
95 19 71 13 56 48 80 34 94 2 51 1 29 27 92 49 87 55 15 20 76 74 80 89 12 60 15 53 35 74 8 20 6 72 65 13 69 20 6 33 0 12 9 63 67 55 64 96 83 90
9 22 66 60 83 5 65 34 88 31 78 41 42 38 17 27 13 35 47 73 72 56 55 35 4 30 54 11 32 79 68 56 87 57 9 97 65 96 49 1 10 13 42 96 12 82 71 72 1 30
28 79 76 42 37 23 1 93 11 56 57 92 14 0 70 98 55 97 19 66 40 76 37 76 45 70 2 66 1 41 54 26 85 59 63 80 50 88 86 92 87 80 75 16 4 48 33 1 44 75
4 10 84 8 6 83 33 99 18 7 40 30 20 37 94 77 9 51 57 49 81 24 35 40 33 10 25 15 73 33 46 23 96 57 22 47 53 1 30 42 47 18 42 25 31 72 30 77 45 34
76 86 34 46 95 24 76 73 32 10 14 79 64 29 10 95 94 71 27 88 84 84 63 54 5 98 29 93 71 97 68 55 31 95 43 30 4 97 37 82 1 94 79 51 50 47 53 15 17 83
70 27 33 18 6 62 62 63 6 34 88 30 53 68 69 70 57 53 87 74 17 8 13 23 99 93 52 6 31 9 65 40 92 77 76 94 52 36 65 68 75 70 20 26 60 39 75 38 94 62
20 6 4 71 8 15 96 88 14 42 1 37 16 48 54 27 65 30 98 63 99 70 69 56 30 15 92 43 62 64 76 56 20 9 34 58 33 15 55 7 53 96 83 28 69 75 84 35 65 72
66 83 21 29 80 60 35 3 90 85 30 94 77 47 41 56 87 10 45 25 14 96 47 76 59 29 40 28 77 56 61 63 8 45 32 45 59 63 0 22 15 15 99 93 40 15 46 45 66 79
10 61 37 26 99 21 76 40 49 37 35 23 77 24 13 55 45 47 4 46 73 74 31 68 42 95 11 79 82 57 91 46 31 13 97 63 20 32 50 98 62 24 38 95 76 34 99 87 8 6
14 94 46 14 42 40 47 84 62 77 50 21 52 67 51 57 54 81 53 65 87 62 20 37 58 68 56 77 28 80 29 5 67 22 16 54 11 70 46 48 62 60 27 11 92 52 99 98 42 78
34 97 84 51 27 27 89 73 0 77 74 32 80 21 71 23 84 11 10 2 12 79 89 74 15 10 31 92 77 72 40 63 1 73 76 64 18 50 80 75 12 14 39 43 76 69 82 22 8 24
82 67 95 58 76 41 88 16 98 49 73 62 68 75 22 2 25 4 13 89 26 72 34 25 70 99 47 39 0 84 1 67 32 7 44 17 73 9 43 24 65 36 57 75 90 74 12 27 8 40
79 18 92 22 87 34 75 45 10 70 94 73 81 22 37 1 68 15 84 33 91 10 88 51 41 34 24 49 85 92 93 8 75 9 85 99 85 33 47 60 41 22 16 89 1 92 90 66 50 34
87 93 69 74 52 36 52 2 15 2 5 69 27 49 29 83 71 29 89 10 34 24 1 65 80 36 85 20 63 76 42 41 85 96 95 52 9 77 34 43 51 83 78 13 24 25 18 14 82 72
58 58 78 82 60 32 15 38 91 90 56 58 61 90 4 22 36 83 10 46 23 99 31 88 21 47 22 14 40 71 89 98 33 89 28 70 76 85 11 32 66 15 47 36 39 77 41 0 38 75
7 61 93 83 64 85 61 42 84 60 70 36 91 35 89 24 77 53 51 50 95 59 38 35 65 67 7 6 91 95 41 22 10 31 85 90 46 42 17 60 64 87 37 19 75 1 24 61 47 2
79 11 54 9 40 78 39 26 53 80 63 14 76 96 24 6 81 34 42 62 45 56 63 60 13 20 21 41 18 20 97 64 70 23 21 51 60 28 1 62 39 29 12 40 34 69 33 72 37 54
41 28 26 40 42 69 75 93 14 68 40 63 33 1 53 17 64 60 2 48 66 70 29 32 96 1 19 6 95 64 44 88 7 50 18 18 28 96 37 85 70 14 74 87 85 14 72 58 45 87
51 92 10 26 95 17 62 55 7 28 88 22 28 67 31 56 20 20 35 75 85 33 35 77 66 91 51 53 12 5 1 17 5 59 72 68 89 38 81 54 92 77 28 64 90 90 17 72 2 57
72 81 78 48 89 23 83 23 78 67 64 41 44 82 77 99 87 75 39 7 69 32 40 66 36 55 37 7 68 46 20 86 7 68 95 84 18 52 25 35 96 46 5 72 95 95 73 29 12 62
83 70 62 26 83 15 20 17 69 31 88 51 64 91 83 61 66 25 20 88 33 77 54 73 82 68 84 85 12 23 5 7 83 14 20 60 74 10 92 24 80 60 12 9 48 35 87 31 7 71
89 14 33 49 84 50 41 94 40 57 43 22 40 22 29 81 80 64 29 27 37 2 91 62 18 60 64 73 27 77 14 77 9 74 11 32 70 34 29 57 31 18 85 56 85 13 41 58 25 62
20 1 27 90 94 38 16 1 84 69 30 98 20 94 92 4 89 19 54 47 29 6 39 18 40 24 52 24 30 41 85 29 34 42 5 62 92 44 75 67 24 82 1 52 49 6 4 84 59 15
51 95 90 76 95 16 60 84 28 40 63 23 14 88 23 9 26 11 25 88 22 78 90 18 18 72 32 70 84 43 69 6 70 37 96 77 60 42 44 93 5 61 5 11 20 28 91 77 89 97
10 44 61 55 53 24 1 2 13 81 85 44 92 60 52 18 22 97 76 35 56 86 90 41 33 93 95 50 72 10 70 84 28 49 26 62 1 7 20 80 24 73 71 6 79 47 48 52 67 36
39 4 97 25 44 92 48 62 14 63 50 66 88 56 55 73 19 68 33 87 67 58 0 50 54 75 28 93 30 57 9 99 50 14 93 32 67 16 41 13 7 86 59 26 94 40 51 55 29 34
60 24 21 74 56 26 37 52 47 45 41 76 91 65 41 80 68 54 59 57 15 45 19 48 24 71 68 29 41 99 75 97 64 93 96 41 91 28 52 33 17 0 57 34 0 24 95 96 30 7
37 96 43 12 41 26 60 19 82 72 56 78 71 26 63 64 13 67 80 32 95 14 88 41 48 1 23 76 24 38 6 89 90 50 85 85 53 56 45 40 17 9 89 47 55 47 54 75 68 0
33 36 32 70 11 51 9 18 84 37 72 17 29 11 69 29 86 95 86 48 79 25 21 78 96 21 16 84 84 38 56 1 99 4 41 71 12 96 98 83 29 51 15 95 9 43 65 65 98 50
70 52 67 56 0 99 56 74 73 92 35 61 32 17 87 48 84 83 89 57 0 87 25 4 54 30 84 38 10 80 12 48 89 3 64 23 31 43 91 7 32 22 30 45 40 3 3 70 81 65
50 37 93 0 39 97 42 67 53 13 9 42 40 62 35 21 26 90 59 74 66 32 41 55 24 29 69 31 69 34 54 32 11 49 22 50 83 25 44 92 0 93 37 78 90 93 3 90 43 89
53 19 92 94 40 65 64 78 42 35 71 10 82 69 6 79 71 90 88 1 22 23 34 61 94 1 27 69 72 79 54 13 96 34 87 39 87 32 85 61 19 30 3 54 57 24 18 34 70 89
5 29 22 27 84 58 48 36 30 2 79 19 31 61 72 15 34 94 67 64 42 62 24 37 95 7 16 17 64 49 81 26 73 48 30 58 35 53 41 25 92 77 96 79 29 90 2 8 86 13
67 11 38 82 79 61 53 86 16 60 23 17 93 92 51 65 13 53 49 15 77 23 1 74 14 91 32 74 62 6 26 96 59 63 26 23 3 12 56 23 9 68 7 15 2 92 39 47 38 11
91 4 40 11 20 98 51 28 28 30 63 11 32 77 39 49 73 25 73 56 24 57 17 70 86 35 29 65 39 30 50 25 70 93 16 17 75 3 92 58 49 52 33 65 59 71 4 88 54 7
