2 24
0 0 1 1 2 2 3 4 5 6 6 7 7 8 9 9 10 11 12 13 13 14 14 15 15 16 17 18 18 19 20 20 21 22 23 24 25 25 26 27 28 28 29 30 31 32 33 33 34 34
35 35 36 37 37 38 3 4 39 40 41 42 42 8 43 43 10 11 12 44 45 46 47 48 49 16 50 51 52 52 53 53 21 22 23 24 54 54 26 27 55 56 29 30 31 57 57 58 58 59
60 60 36 61 61 38 62 62 39 40 63 63 64 65 65 66 66 67 67 44 45 46 47 48 49 68 50 51 69 70 71 72 73 74 74 75 75 76 76 77 78 56 79 79 80 81 81 82 82 83
84 85 86 87 87 88 89 90 90 91 91 92 64 93 94 95 96 97 98 99 99 100 100 101 101 68 102 103 69 70 71 72 104 104 105 106 107 107 108 77 78 109 110 111 80 112 113 114 114 83
84 85 86 115 115 88 116 116 117 118 119 92 120 93 94 95 96 97 98 121 121 122 123 123 124 125 102 126 126 127 128 128 129 129 105 106 130 131 108 132 133 109 110 134 135 112 113 136 136 137
138 139 140 141 142 143 144 145 117 118 146 147 148 149 150 151 151 152 153 154 155 155 156 156 124 157 158 159 159 127 160 161 161 162 162 163 130 131 164 164 133 165 166 134 135 167 167 168 168 137
138 139 140 169 142 143 144 145 170 170 146 147 148 149 150 171 171 152 172 154 173 174 174 175 175 157 176 176 177 177 160 178 179 180 181 181 182 182 183 183 184 165 185 186 187 187 188 188 189 190
191 192 192 169 193 194 194 195 195 196 196 197 198 198 199 200 201 201 172 202 202 203 203 204 204 205 205 206 207 208 208 178 179 180 209 209 210 210 211 211 184 212 185 186 213 214 214 215 189 190
191 216 217 218 193 219 220 221 221 222 222 197 223 223 224 200 225 226 226 227 228 228 229 229 230 230 231 206 232 233 234 235 236 237 238 239 239 240 241 242 242 212 243 243 244 244 245 215 246 246
247 216 217 218 248 219 220 249 250 250 251 251 252 252 224 253 254 255 255 256 257 258 259 260 261 261 262 262 232 263 234 264 236 237 238 265 265 240 266 266 267 267 268 269 270 270 245 271 272 273
247 274 275 276 248 277 278 249 279 279 280 281 281 282 282 253 254 283 283 256 257 284 259 285 285 286 287 288 288 263 289 264 290 290 291 291 292 292 293 293 294 294 268 295 295 296 296 271 272 273
297 298 275 276 299 300 278 301 302 302 280 303 304 304 305 306 307 307 308 309 309 284 310 310 311 286 312 312 313 313 314 315 315 316 316 317 317 318 319 320 321 321 322 323 323 324 324 325 326 326
297 298 327 327 299 300 328 301 329 330 330 303 331 331 305 306 332 333 308 334 335 335 336 337 337 338 338 339 339 340 314 341 342 343 344 345 345 318 319 320 346 346 322 347 348 348 349 325 350 350
351 352 353 354 355 355 328 356 357 357 358 359 359 360 361 362 362 333 363 363 364 364 336 365 365 366 367 367 368 369 369 341 342 370 344 371 372 373 373 374 374 375 375 376 376 377 349 378 378 379
351 352 353 354 380 380 381 382 383 384 358 385 386 386 361 387 388 389 390 391 392 393 393 394 395 395 396 396 368 397 397 398 398 370 399 371 400 401 402 402 403 404 405 406 407 377 408 409 410 379
411 411 412 412 413 413 381 382 383 384 414 414 415 416 416 387 388 389 390 391 392 417 418 418 419 420 421 422 422 423 424 424 425 425 399 426 400 427 428 428 429 404 405 406 407 430 430 409 431 431
432 433 433 434 435 436 436 437 437 438 439 440 440 441 442 443 444 445 446 446 447 417 448 448 419 449 421 450 451 451 452 452 453 454 454 426 455 427 456 456 429 457 457 458 459 460 461 461 462 462
432 463 463 434 435 464 464 465 466 438 439 467 467 441 442 443 444 445 468 468 469 469 470 470 471 449 472 472 473 473 474 475 476 476 477 478 478 479 480 481 482 482 483 458 459 460 484 484 485 486
487 488 489 489 490 490 491 465 492 492 493 493 494 494 495 495 496 496 497 498 498 499 500 501 502 502 503 504 504 505 506 475 507 507 508 509 509 479 480 481 510 510 483 511 511 512 512 513 514 486
487 515 515 516 517 517 491 518 518 519 520 520 521 522 523 524 524 525 497 526 526 499 500 501 527 527 503 528 528 505 506 529 530 530 508 531 532 533 534 535 535 536 536 537 538 538 539 513 514 540
541 541 542 543 543 544 544 545 545 519 546 547 521 522 523 548 549 525 550 551 551 552 553 553 554 555 556 557 558 559 560 529 561 562 563 531 532 533 534 564 565 566 566 537 567 568 569 569 570 540
571 571 572 573 573 574 574 575 575 576 576 547 577 578 578 548 549 579 550 580 580 552 581 582 554 555 556 557 583 559 584 585 561 562 563 586 586 587 588 564 565 589 590 590 591 568 592 592 570 593
594 594 572 595 596 596 597 597 598 599 600 600 577 601 602 602 603 579 604 605 606 606 581 582 607 608 609 609 583 610 584 585 611 611 612 613 613 587 588 614 614 615 615 616 591 617 617 618 619 619
620 620 621 621 622 623 624 624 598 599 625 626 626 601 627 628 603 629 629 605 630 630 631 632 632 608 633 634 634 635 636 637 637 638 639 639 640 640 641 642 643 643 644 616 645 646 647 618 648 649
650 651 651 652 653 623 654 654 655 656 656 657 658 658 627 659 660 660 661 661 662 662 631 663 664 665 666 666 667 635 636 668 668 638 669 669 670 671 641 642 672 673 673 674 645 646 675 676 677 649
678 679 680 680 653 681 682 682 683 683 684 685 685 686 687 659 688 688 689 689 690 691 691 663 664 665 692 693 667 694 694 695 695 696 697 697 670 698 699 700 672 701 702 674 703 704 675 676 677 705
678 706 707 708 709 681 710 711 712 713 713 714 714 686 715 715 716 717 718 719 690 720 720 721 722 723 723 693 724 725 726 727 728 728 729 730 730 698 699 700 731 701 732 733 703 704 734 735 735 705
736 706 707 708 737 738 710 711 712 739 740 740 741 742 742 743 744 717 745 719 746 747 747 721 722 748 748 749 749 725 726 727 750 751 729 752 753 753 754 754 755 755 732 733 756 757 734 758 759 760
736 761 762 763 737 738 764 764 765 766 767 768 741 769 770 770 744 771 745 772 746 773 774 775 776 777 777 778 778 779 779 780 750 751 781 752 782 782 783 783 784 784 785 786 786 757 787 788 759 789
790 761 762 791 791 792 792 793 765 766 767 794 795 795 796 797 797 771 798 772 799 799 774 800 776 801 801 802 802 803 803 780 804 804 781 805 805 806 807 807 808 808 785 809 809 810 787 788 811 789
812 812 813 814 814 815 815 793 816 816 817 794 818 819 796 820 821 822 798 823 823 824 825 800 826 826 827 827 828 829 830 831 831 832 832 833 834 806 835 836 837 837 838 839 839 810 840 840 841 842
843 844 845 846 847 848 849 849 850 851 852 853 818 819 854 820 821 822 855 856 856 824 825 857 858 858 859 860 828 829 830 861 861 862 862 833 863 864 865 836 866 867 838 868 869 869 870 871 841 842
843 844 845 872 847 873 873 874 850 851 852 853 875 875 876 877 878 879 855 880 880 881 881 857 882 882 859 860 883 883 884 885 886 886 887 887 863 864 865 888 888 867 889 889 890 891 891 871 892 892
893 894 895 872 896 897 897 874 898 899 900 900 901 901 876 877 878 902 903 903 904 905 905 906 906 907 908 909 909 910 884 885 911 912 913 914 915 916 916 917 918 918 919 919 920 921 921 922 922 923
924 894 925 925 926 927 928 929 898 899 930 931 932 932 933 933 934 902 935 935 904 936 937 937 938 907 939 939 940 941 942 943 911 912 913 914 915 944 945 917 946 946 947 947 920 948 949 950 950 923
924 951 951 952 926 927 928 929 953 954 930 931 955 955 956 957 958 958 959 959 960 936 961 962 938 963 964 964 965 941 942 966 966 967 967 968 968 944 945 969 970 970 971 972 972 948 949 973 973 974
975 976 976 977 978 978 979 979 953 954 980 980 981 981 956 957 982 982 983 983 960 984 985 962 986 986 987 987 965 988 988 989 989 990 990 991 992 992 993 969 994 994 995 996 997 997 998 999 1000 1001
975 1002 1003 977 1004 1004 1005 1006 1007 1008 1009 1010 1010 1011 1012 1012 1013 1013 1014 1014 1015 1015 985 1016 1017 1017 1018 1018 1019 1019 1020 1021 1022 1022 1023 1023 1024 1024 993 1025 1025 1026 995 996 1027 1027 1028 999 1000 1001
1029 1002 1030 1031 1032 1033 1033 1006 1007 1008 1009 1034 1034 1035 1036 1036 1037 1037 1038 1039 1039 1040 1041 1042 1043 1044 1045 1045 1046 1047 1020 1021 1048 1049 1049 1050 1051 1052 1052 1053 1054 1026 1055 1056 1057 1057 1028 1058 1058 1059
1060 1061 1030 1031 1032 1062 1063 1063 1064 1064 1065 1066 1066 1035 1067 1068 1069 1069 1038 1070 1071 1040 1041 1042 1072 1044 1073 1073 1046 1047 1074 1074 1048 1075 1076 1050 1051 1077 1077 1053 1078 1079 1079 1056 1080 1080 1081 1081 1082 1059
1060 1061 1083 1084 1084 1062 1085 1086 1087 1088 1065 1089 1089 1090 1067 1091 1092 1092 1093 1070 1094 1094 1095 1095 1072 1096 1096 1097 1097 1098 1098 1099 1100 1075 1101 1102 1103 1104 1104 1105 1078 1106 1107 1107 1108 1108 1109 1109 1110 1110
1111 1111 1083 1112 1113 1113 1114 1086 1087 1115 1116 1117 1117 1090 1118 1091 1119 1119 1120 1120 1121 1122 1122 1123 1123 1124 1124 1125 1126 1127 1127 1099 1128 1128 1101 1102 1103 1129 1129 1130 1130 1106 1131 1131 1132 1133 1133 1134 1135 1136
1137 1138 1139 1139 1140 1141 1114 1142 1142 1115 1143 1143 1144 1144 1118 1145 1145 1146 1146 1147 1121 1148 1149 1149 1150 1150 1151 1125 1126 1152 1153 1154 1155 1156 1157 1158 1159 1160 1161 1162 1162 1163 1163 1164 1132 1165 1165 1134 1135 1136
1166 1138 1167 1168 1140 1141 1169 1170 1171 1172 1173 1174 1174 1175 1176 1176 1177 1177 1178 1179 1179 1180 1180 1181 1181 1182 1183 1184 1184 1152 1153 1154 1185 1156 1157 1158 1186 1160 1161 1187 1188 1189 1190 1190 1191 1191 1192 1192 1193 1193
1166 1194 1195 1168 1196 1196 1169 1170 1171 1172 1173 1197 1197 1175 1198 1198 1199 1200 1178 1201 1202 1203 1203 1204 1205 1182 1183 1206 1206 1207 1207 1208 1185 1209 1209 1210 1186 1211 1211 1187 1188 1189 1212 1213 1214 1214 1215 1215 1216 1217
1218 1194 1195 1219 1220 1220 1221 1222 1223 1224 1224 1225 1226 1227 1227 1228 1199 1200 1229 1201 1202 1230 1231 1232 1205 1233 1234 1235 1236 1237 1238 1208 1239 1240 1240 1210 1241 1242 1242 1243 1244 1244 1212 1245 1245 1246 1247 1247 1216 1217
1218 1248 1249 1250 1251 1251 1221 1252 1223 1253 1253 1225 1226 1254 1255 1228 1256 1256 1229 1257 1258 1230 1231 1232 1259 1260 1234 1235 1236 1237 1238 1261 1239 1262 1263 1263 1241 1264 1265 1243 1266 1266 1267 1268 1268 1246 1269 1270 1270 1271
1272 1272 1249 1250 1273 1274 1274 1252 1275 1276 1276 1277 1277 1254 1255 1278 1278 1279 1280 1281 1258 1282 1282 1283 1283 1260 1284 1285 1285 1286 1286 1261 1287 1287 1288 1288 1289 1264 1290 1290 1291 1291 1267 1292 1293 1293 1269 1294 1295 1271
1296 1297 1298 1299 1273 1300 1301 1301 1302 1302 1303 1304 1304 1305 1305 1306 1307 1307 1280 1281 1308 1309 1310 1310 1311 1312 1313 1314 1315 1316 1316 1317 1317 1318 1318 1319 1320 1321 1322 1323 1324 1325 1326 1292 1327 1328 1328 1294 1329 1329
1296 1297 1298 1299 1330 1300 1331 1331 1332 1332 1303 1333 1333 1334 1334 1306 1335 1335 1336 1336 1308 1309 1337 1337 1311 1312 1313 1314 1315 1338 1339 1339 1340 1341 1341 1319 1320 1321 1322 1323 1324 1325 1342 1342 1343 1343 1344 1344 1345 1345
26 52 71 37 2 17 48 14 34 68 53 75 27 46 15 42 92 12 86 23 95 59 14 35 33 50 31 50 72 16 58 0 63 88 67 55 0 89 74 40 17 88 63 9 37 55 59 66 94 71
30 93 96 62 31 71 33 29 16 3 12 55 0 68 86 73 75 82 82 91 72 58 34 47 19 54 11 25 64 46 80 29 33 89 76 83 37 1 56 69 25 33 65 35 92 95 30 9 70 32
7 2 52 98 13 58 79 21 48 95 99 95 34 80 27 60 65 61 59 92 22 63 66 91 5 77 69 39 49 91 52 83 2 95 1 30 30 68 79 62 64 43 11 26 24 50 20 2 46 38
61 0 53 69 30 0 41 3 25 73 22 13 72 70 52 31 67 17 32 95 61 90 11 84 0 1 56 30 61 45 12 89 3 27 33 2 79 39 44 46 52 56 23 31 30 53 43 21 21 92
72 69 50 12 64 26 63 45 52 49 23 77 44 52 33 91 23 92 55 49 34 25 83 85 38 68 80 2 94 49 27 56 80 79 27 56 28 63 51 62 10 58 79 45 13 53 99 15 68 85
87 13 72 46 37 47 86 74 90 77 0 75 14 89 23 91 30 58 18 52 97 68 95 94 73 79 13 10 84 94 33 25 56 82 18 25 50 89 49 35 88 21 25 19 29 62 13 49 70 56
94 55 6 43 13 96 55 61 93 75 40 61 47 10 40 42 48 61 43 29 3 23 17 85 1 3 66 52 95 30 68 65 99 59 78 34 18 25 82 93 86 6 99 45 82 87 74 66 81 77
95 22 79 58 64 58 42 43 91 79 78 32 45 26 34 4 93 85 95 10 68 48 73 95 16 89 7 71 15 91 37 14 14 9 88 4 3 79 4 93 65 23 29 63 59 6 6 19 79 32
17 88 22 83 42 0 95 88 23 77 25 95 25 39 31 17 60 85 27 44 92 96 84 43 50 44 20 19 67 94 57 70 5 82 99 38 87 11 92 70 86 4 74 85 29 89 15 38 10 33
54 37 33 42 89 60 44 25 18 61 46 2 77 42 56 51 64 18 47 33 22 20 39 22 71 35 29 4 16 26 49 45 77 21 72 32 63 33 16 88 96 82 40 74 73 49 27 27 3 15
82 85 92 25 4 95 41 33 94 45 43 91 84 16 49 69 20 71 85 59 76 18 13 8 89 3 52 41 97 24 31 70 43 94 63 1 89 0 81 58 17 78 55 94 12 78 72 99 81 3
25 55 8 79 45 27 37 4 15 44 61 40 26 80 88 90 91 58 8 0 39 81 53 11 2 84 7 99 62 7 71 41 44 83 14 55 48 99 40 80 2 25 69 8 61 19 46 11 3 85
20 65 25 7 42 22 63 25 70 27 58 62 63 92 22 57 53 81 51 86 96 90 76 16 82 84 81 45 42 69 10 59 23 29 45 56 36 14 85 74 8 10 86 24 5 2 44 59 95 68
41 38 31 76 88 76 29 21 85 8 55 20 38 86 44 25 31 52 24 84 46 61 36 29 15 87 91 50 36 74 41 9 38 23 40 63 41 17 21 57 24 23 56 95 43 83 70 72 7 23
36 83 55 14 35 52 81 70 73 76 51 43 93 1 67 14 11 69 90 51 54 17 29 12 67 95 72 13 14 96 51 26 28 8 77 12 69 35 54 14 99 36 35 64 11 2 53 59 85 73
68 51 93 60 82 81 28 79 87 45 87 41 83 22 11 53 60 17 67 40 44 47 13 77 51 66 15 24 0 57 87 6 19 57 16 33 24 99 16 60 26 8 41 52 85 53 37 14 86 58
92 81 96 6 26 92 1 57 5 46 44 79 47 8 11 41 1 9 31 55 27 44 5 72 13 61 62 52 28 39 76 88 46 26 8 7 79 0 83 45 29 41 75 65 62 53 8 85 72 59
74 88 64 26 10 85 43 60 62 91 33 73 44 71 28 92 92 21 21 44 58 78 20 61 4 71 77 90 63 85 54 41 71 48 50 74 70 54 63 86 91 82 98 80 4 27 49 0 59 89
72 95 16 76 20 34 5 49 96 45 14 4 6 60 81 30 89 76 64 98 84 27 51 86 95 93 27 4 10 11 90 58 85 74 78 28 35 31 19 9 65 53 22 48 0 34 99 51 50 99
53 10 53 97 68 23 73 13 71 17 27 81 65 62 30 4 87 3 86 10 95 88 38 44 9 14 20 32 70 40 28 91 47 53 8 92 85 21 55 53 22 21 1 80 40 51 66 1 78 95
10 57 95 59 10 27 90 53 76 40 6 61 20 84 77 51 27 31 21 62 22 65 3 42 40 40 69 1 86 80 70 29 52 26 16 13 89 60 33 57 12 45 68 40 80 87 0 51 58 95
66 59 24 61 42 88 72 25 94 68 11 65 49 68 66 74 91 25 23 58 10 4 99 58 81 77 16 47 99 53 51 70 17 33 2 54 90 65 26 60 1 91 95 3 6 20 57 37 66 93
98 97 97 25 87 73 40 61 11 94 75 64 1 73 69 88 38 79 37 19 43 49 47 5 10 10 37 91 74 10 40 0 79 33 16 30 29 64 11 32 77 77 24 4 35 6 19 77 40 54
11 85 87 70 20 78 83 33 28 70 72 15 15 19 80 70 60 97 18 97 55 45 9 89 72 11 70 33 20 91 44 57 13 48 50 14 55 36 74 1 5 60 65 12 16 95 59 98 4 19
0 17 61 16 12 55 86 36 16 0 9 92 59 62 46 98 0 38 22 4 50 97 34 91 71 54 61 72 75 20 86 54 10 86 78 0 5 28 82 86 90 92 72 63 95 13 15 44 4 3
46 27 45 12 14 86 20 28 12 82 96 99 48 53 15 58 11 68 38 1 13 83 64 48 46 22 32 2 76 29 19 60 51 32 8 11 95 19 89 53 99 10 34 83 17 47 69 48 33 4
62 57 73 38 19 81 84 90 75 32 86 40 55 4 96 55 23 20 13 66 42 62 89 29 82 14 41 94 43 29 82 54 91 25 92 96 83 27 91 61 41 92 0 47 71 24 46 38 65 36
58 99 78 47 44 78 64 38 72 96 6 11 18 85 50 1 18 6 37 54 95 92 43 80 96 17 0 34 51 19 19 62 11 31 61 55 78 62 18 18 77 89 10 37 99 59 88 37 36 36
34 75 56 17 17 95 48 1 80 20 33 39 95 42 50 43 49 84 79 5 84 24 50 68 0 27 31 44 64 0 5 70 84 53 63 16 61 30 31 53 80 49 89 38 29 25 61 68 49 54
74 34 76 16 70 62 25 63 28 88 80 61 3 83 44 88 6 60 90 59 7 31 48 22 10 78 31 33 94 68 21 50 91 30 51 72 89 13 98 31 74 59 14 18 90 39 29 97 3 10
37 28 11 63 44 48 69 8 17 6 95 68 72 85 75 3 57 14 84 64 77 2 66 29 22 76 34 47 32 5 23 90 56 57 9 76 96 89 23 16 58 72 86 29 64 71 29 91 77 47
67 30 83 19 53 63 38 28 93 94 51 17 38 54 59 74 64 84 98 2 51 14 68 46 87 66 43 23 44 38 7 72 65 88 17 61 94 48 66 61 51 30 0 34 27 91 18 93 89 74
73 36 31 49 28 48 77 2 87 17 36 48 83 52 92 0 91 57 63 74 7 77 45 70 46 74 79 18 2 59 93 61 72 42 77 85 16 29 76 4 6 11 17 34 81 31 41 61 55 4
15 95 64 92 31 78 9 63 39 51 29 80 28 70 40 39 35 63 0 9 94 15 25 49 74 83 23 12 85 57 0 41 81 34 72 15 95 99 26 56 25 56 26 44 17 36 88 90 47 21
62 20 84 8 97 49 31 52 94 68 26 59 35 65 80 91 42 36 40 3 28 86 52 85 58 3 82 75 44 5 55 34 79 8 45 91 43 16 91 95 70 34 31 53 45 44 49 86 7 71
17 78 44 48 5 86 64 50 14 18 8 84 54 10 42 62 41 38 89 89 17 67 81 49 50 33 86 22 27 51 19 56 22 59 70 14 13 77 71 58 50 53 9 26 83 30 5 47 79 69
55 68 36 80 34 3 23 85 58 17 68 97 77 14 14 73 93 68 62 80 85 77 57 79 59 34 89 41 21 61 64 0 43 59 33 26 54 16 13 53 3 84 58 1 38 10 34 35 87 5
60 65 68 97 19 2 95 87 35 0 78 19 33 11 77 35 60 56 58 39 3 71 56 37 24 22 11 94 75 46 91 22 98 49 72 75 77 15 5 93 55 98 58 16 46 12 38 23 41 64
55 99 93 25 0 83 98 10 82 65 92 62 84 31 85 90 47 64 5 62 93 16 7 43 95 34 41 86 51 64 25 17 97 30 22 24 46 15 35 21 23 74 7 22 58 39 80 62 16 16
99 42 33 37 1 35 98 0 31 70 53 52 33 3 77 46 43 27 16 61 87 95 71 48 24 32 85 39 62 53 54 49 57 71 1 16 46 96 62 40 14 76 38 23 37 0 84 38 87 20
38 66 12 69 48 83 51 14 26 28 79 70 71 18 58 37 75 25 66 21 54 94 19 97 37 22 35 15 98 84 35 57 29 2 3 87 90 48 38 43 58 95 21 63 41 33 14 38 6 77
42 93 23 2 47 49 11 29 12 2 19 59 6 81 81 3 92 92 2 75 16 79 26 77 59 8 68 31 88 38 22 37 32 53 3 64 77 20 87 58 55 54 30 37 38 2 41 12 83 2
21 86 62 18 1 77 21 62 34 82 73 84 83 81 61 44 45 11 96 34 61 69 35 80 93 53 71 76 24 88 17 95 45 99 15 43 23 87 16 94 2 15 9 74 58 21 87 77 78 25
8 28 65 79 17 41 24 96 14 66 16 17 49 91 43 32 34 9 29 67 64 9 77 25 10 39 14 33 43 61 8 42 25 93 15 18 69 51 88 31 18 33 9 72 77 0 75 99 1 78
76 23 30 98 50 80 54 15 18 50 29 45 1 22 31 17 10 4 49 79 47 40 40 12 30 82 35 50 79 5 37 98 92 71 65 83 51 7 42 71 58 2 34 22 73 72 32 60 54 77
18 29 39 61 21 45 76 17 89 1 44 84 23 8 9 45 49 1 51 16 49 4 68 30 23 20 98 7 31 68 39 86 8 98 6 56 75 63 73 8 22 74 32 20 97 36 94 1 54 82
40 5 32 82 56 97 68 33 55 52 95 12 94 25 9 90 59 10 95 22 1 59 24 37 61 3 20 90 9 86 54 63 19 93 68 12 88 45 33 46 76 94 50 28 90 32 59 55 86 48
68 32 52 11 93 57 93 13 60 82 18 75 36 55 77 64 52 58 41 50 84 45 64 24 46 69 28 97 47 64 42 24 74 4 33 0 92 13 82 99 2 65 27 98 54 5 41 81 13 67
36 26 24 49 21 19 24 31 85 42 25 50 62 59 36 62 34 61 28 78 76 89 56 64 49 65 12 6 96 6 11 4 34 44 95 62 0 35 56 30 25 19 43 45 98 75 28 49 50 89
24 46 67 34 27 22 29 40 80 64 89 32 25 60 75 18 99 4 32 11 52 19 67 18 70 13 23 36 58 60 63 85 43 46 44 29 22 37 51 43 43 0 38 93 47 4 66 87 87 43
