44 20
0 1 1 2 3 4 5 5 6 7 7 8 9 10 11 11 12 12 13 13 14 14 15 15 16 16 17 18 18 19 19 20 21 21 22 22 23 24 25 25 26 26 27 28 29 30 30 31 31 32
0 33 33 2 3 4 34 35 36 37 37 8 9 10 38 39 40 41 42 42 43 43 44 45 46 47 17 48 48 49 50 20 51 52 52 53 23 24 54 55 56 57 27 28 29 58 58 59 60 61
62 62 63 64 65 65 34 35 36 66 67 67 68 68 38 39 40 41 69 70 71 71 44 45 46 47 72 73 73 49 50 74 51 75 75 76 76 77 54 55 56 78 79 80 80 81 81 59 60 61
82 83 83 64 84 85 86 86 87 66 88 89 89 90 90 91 92 92 69 70 93 93 94 95 96 97 72 98 98 99 99 100 100 101 101 102 103 103 104 105 106 78 79 107 108 108 109 110 111 112
113 114 115 115 84 85 116 117 117 118 88 119 120 121 121 91 122 122 123 123 124 124 94 95 96 97 125 126 126 127 128 128 129 129 130 102 131 132 133 105 106 134 134 135 136 137 109 110 111 112
113 138 139 140 140 141 141 142 142 143 144 119 120 145 146 146 147 148 149 149 150 151 151 152 152 153 125 154 154 127 155 155 156 156 157 157 131 158 133 159 160 160 161 135 136 137 162 163 163 164
165 138 139 166 166 167 167 168 168 143 169 170 170 145 171 171 147 148 172 172 150 173 174 175 175 153 176 176 177 178 178 179 180 180 181 182 183 158 184 185 186 187 161 188 188 189 162 190 191 164
165 192 192 193 194 194 195 195 196 197 169 198 199 199 200 201 202 203 204 205 206 173 207 208 208 209 210 210 177 211 211 179 212 212 181 182 183 213 214 185 186 187 215 215 216 217 217 190 191 218
219 219 220 193 221 222 222 223 196 224 225 225 226 226 200 201 202 203 204 227 206 228 207 229 229 209 230 230 231 232 232 233 234 234 235 236 237 213 214 238 239 240 240 241 216 242 242 243 243 218
244 244 245 246 221 247 247 223 248 224 249 250 251 252 252 253 254 255 255 227 256 228 257 258 258 259 260 260 231 261 262 263 263 264 235 236 237 265 265 238 266 266 267 241 268 269 270 270 271 272
273 273 245 274 275 276 277 278 279 279 249 250 251 280 280 253 281 281 282 283 256 284 257 285 285 259 286 286 287 287 262 288 289 264 290 290 291 291 292 292 293 294 294 295 295 269 296 296 271 272
297 298 298 274 275 276 277 278 299 300 300 301 301 302 303 303 304 304 282 305 305 284 306 307 307 308 308 309 309 310 311 288 289 312 313 314 315 315 316 316 293 317 317 318 319 319 320 321 321 322
323 324 325 325 326 327 328 328 329 329 330 331 331 302 332 333 333 334 335 335 336 337 338 339 339 340 340 341 341 310 311 342 343 344 313 314 345 346 347 348 349 350 350 351 351 352 353 353 354 354
323 324 355 356 326 327 357 358 359 360 330 361 362 363 364 364 365 334 366 366 367 337 338 368 369 370 370 371 372 372 373 342 343 344 374 375 345 346 347 348 349 376 377 377 378 378 379 380 380 381
382 383 355 356 384 384 357 358 359 360 385 385 362 386 387 387 365 388 388 389 367 390 390 368 369 391 392 371 393 393 373 394 395 395 374 375 396 396 397 398 398 376 399 399 400 400 379 401 402 381
382 383 403 404 404 405 405 406 407 408 409 410 411 386 412 412 413 414 414 415 415 416 416 417 418 391 392 419 419 420 420 394 421 422 422 423 424 424 425 426 426 427 427 428 429 430 431 401 432 432
433 434 403 435 435 436 436 406 407 408 409 410 437 438 438 439 440 441 442 443 443 444 445 445 418 446 446 447 447 448 448 449 449 450 451 452 453 453 425 454 454 455 455 428 429 430 431 456 457 457
433 458 458 459 459 460 461 462 463 463 464 464 437 465 466 466 440 441 442 467 467 444 468 469 469 470 470 471 472 472 473 474 475 475 451 452 476 476 477 478 479 480 480 481 481 482 483 456 484 484
485 486 486 487 488 460 461 489 489 490 490 491 491 465 492 493 494 495 495 496 496 497 497 498 498 499 499 471 500 500 473 474 501 502 503 504 504 505 506 478 479 507 507 508 509 482 483 510 510 511
485 512 513 513 488 514 515 515 516 516 517 518 518 519 492 493 494 520 520 521 522 522 523 523 524 524 525 525 526 526 527 528 501 502 529 530 530 505 506 531 531 532 532 508 533 533 534 535 535 511
536 512 537 537 538 539 539 540 540 541 517 542 542 519 543 544 545 546 546 521 547 547 548 549 550 550 551 552 553 553 527 528 554 554 529 555 555 556 557 558 558 559 560 560 561 561 562 563 563 564
536 565 565 566 567 568 569 569 570 570 571 571 572 573 574 544 545 575 576 577 578 578 548 579 580 580 551 581 582 582 583 584 585 585 586 587 587 556 557 588 589 559 590 590 591 591 562 592 592 564
593 594 595 596 567 568 597 597 598 598 599 599 572 573 574 600 601 575 576 577 602 603 603 579 604 604 605 581 606 606 583 584 607 607 586 608 608 609 609 588 589 610 610 611 611 612 612 613 614 614
593 594 595 596 615 616 616 617 618 618 619 620 620 621 621 600 601 622 623 624 624 625 626 627 627 628 628 629 630 631 631 632 633 634 635 636 637 637 638 639 640 640 641 642 643 643 644 613 645 646
647 648 649 650 651 651 652 617 653 653 619 654 655 656 657 658 658 659 623 660 660 625 626 661 661 662 662 629 630 663 663 632 633 634 664 636 665 665 638 639 666 667 641 642 668 669 644 670 670 646
671 648 649 650 672 672 652 673 674 675 675 654 655 656 657 676 676 659 677 678 678 679 680 680 681 681 682 682 683 684 685 686 687 687 664 688 689 690 690 691 691 667 692 693 668 694 694 695 695 696
671 697 698 698 699 700 701 673 674 702 703 703 704 705 705 706 707 707 677 708 709 710 711 712 712 713 714 715 683 716 685 686 717 718 718 688 689 719 719 720 720 721 692 722 722 723 723 724 724 725
726 697 727 727 699 700 701 728 729 702 730 730 731 731 732 732 733 734 734 708 709 710 711 735 736 737 714 715 738 716 739 739 717 740 741 741 742 743 744 744 745 745 746 747 748 749 750 751 752 725
753 754 755 755 756 757 757 728 729 758 759 760 760 761 761 762 763 763 764 765 765 766 766 735 736 737 767 767 738 768 769 769 770 740 771 771 742 743 772 773 774 774 775 747 748 749 750 776 752 777
753 754 778 778 756 779 779 780 781 781 759 782 783 784 785 786 787 787 764 788 789 790 790 791 791 792 793 793 794 768 795 796 770 797 797 798 799 799 772 773 800 800 775 801 801 802 803 776 804 777
805 805 806 807 808 809 809 810 810 811 812 782 783 784 785 786 813 814 814 815 789 816 816 817 818 792 819 820 820 821 795 822 823 823 824 824 825 825 826 827 828 829 829 830 831 831 803 832 804 833
834 835 806 807 808 836 837 837 838 838 812 839 839 840 841 841 842 843 843 815 844 844 845 817 818 846 847 847 848 848 849 822 850 851 851 852 853 853 826 827 828 854 855 855 856 856 857 858 858 859
834 835 860 861 862 863 863 864 865 866 867 867 868 868 869 869 842 870 870 871 872 872 845 873 873 846 874 875 875 876 849 877 850 878 879 879 880 881 881 882 883 884 885 886 887 888 857 889 889 859
890 891 860 861 892 893 893 864 894 866 895 895 896 897 898 898 899 900 900 871 901 901 902 903 903 904 904 905 905 906 906 877 907 907 908 909 910 910 911 882 883 884 885 886 887 888 912 913 913 914
890 891 915 915 892 916 916 917 894 918 919 919 896 897 920 921 899 922 923 924 925 926 927 927 928 928 929 929 930 930 931 931 932 932 933 909 934 935 911 936 936 937 938 939 940 941 941 942 943 943
944 944 945 945 946 947 947 917 948 948 949 950 951 952 920 921 953 922 923 924 925 926 954 954 955 956 957 958 959 959 960 961 962 963 933 964 934 935 965 965 966 966 938 939 940 967 968 968 969 970
971 971 972 973 973 974 975 975 976 976 949 950 951 952 977 977 953 978 979 979 980 980 981 982 955 956 957 958 983 984 985 961 962 963 986 987 987 988 989 989 990 991 991 992 993 967 994 995 969 970
996 997 972 998 998 974 999 1000 1000 1001 1002 1002 1003 1004 1004 1005 1006 978 1007 1008 1008 1009 1009 982 1010 1011 1012 1013 983 984 985 1014 1015 1016 986 1017 1018 1019 1020 1021 990 1022 1022 992 993 1023 1023 995 1024 1024
996 997 1025 1026 1027 1028 1028 1029 1029 1001 1030 1031 1003 1032 1032 1005 1006 1033 1007 1034 1035 1036 1037 1038 1010 1011 1012 1013 1039 1040 1040 1041 1015 1016 1042 1042 1018 1019 1020 1021 1043 1043 1044 1044 1045 1045 1046 1046 1047 1048
1049 1049 1025 1026 1027 1050 1050 1051 1051 1052 1030 1031 1053 1053 1054 1055 1055 1033 1056 1056 1035 1057 1037 1038 1058 1059 1059 1060 1039 1061 1061 1041 1062 1063 1063 1064 1065 1066 1066 1067 1068 1069 1070 1070 1071 1072 1072 1073 1047 1048
1074 1075 1075 1076 1076 1077 1078 1078 1079 1079 1080 1081 1082 1083 1083 1084 1085 1086 1087 1088 1089 1057 1090 1090 1091 1091 1092 1093 1094 1095 1096 1097 1062 1098 1098 1064 1065 1099 1100 1100 1068 1069 1101 1102 1071 1103 1103 1073 1104 1104
1074 1105 1106 1106 1107 1077 1108 1109 1109 1110 1111 1081 1082 1112 1112 1084 1085 1086 1087 1088 1089 1113 1113 1114 1115 1116 1116 1093 1094 1095 1096 1097 1117 1117 1118 1119 1119 1120 1120 1121 1121 1122 1122 1102 1123 1124 1124 1125 1126 1126
1127 1105 1128 1129 1129 1130 1130 1131 1132 1110 1111 1133 1133 1134 1134 1135 1136 1136 1137 1138 1138 1139 1139 1114 1115 1140 1140 1141 1141 1142 1142 1143 1144 1144 1118 1145 1146 1146 1147 1147 1148 1149 1149 1150 1150 1151 1151 1125 1152 1153
1127 1154 1128 1155 1155 1156 1156 1131 1132 1157 1158 1159 1159 1160 1161 1135 1162 1163 1163 1164 1164 1165 1166 1167 1167 1168 1169 1169 1170 1170 1171 1171 1172 1172 1173 1145 1174 1175 1175 1176 1177 1177 1178 1178 1179 1179 1180 1180 1152 1181
1182 1183 1184 1185 1186 1187 1187 1188 1189 1157 1158 1190 1190 1160 1191 1192 1162 1193 1193 1194 1195 1196 1166 1197 1198 1199 1199 1200 1200 1201 1201 1202 1202 1203 1173 1204 1174 1205 1205 1176 1206 1207 1207 1208 1208 1209 1209 1210 1211 1181
1182 1183 1184 1185 1212 1212 1213 1188 1189 1214 1214 1215 1215 1216 1191 1192 1217 1217 1218 1194 1195 1196 1219 1197 1198 1220 1221 1221 1222 1223 1224 1225 1225 1226 1227 1228 1228 1229 1230 1230 1206 1231 1232 1232 1233 1233 1234 1210 1235 1235
1236 1236 1237 1237 1238 1239 1239 1240 1241 1242 1243 1243 1244 1244 1245 1245 1246 1247 1218 1248 1248 1249 1250 1250 1251 1251 1252 1253 1253 1223 1224 1254 1254 1226 1227 1255 1256 1257 1257 1258 1258 1259 1259 1260 1261 1262 1234 1263 1263 1264
1265 1266 1266 1267 1267 1268 1268 1240 1241 1242 1269 1269 1270 1271 1271 1272 1273 1247 1274 1275 1276 1276 1277 1278 1278 1279 1252 1280 1280 1281 1282 1282 1283 1284 1284 1255 1256 1285 1285 1286 1287 1288 1288 1260 1261 1262 1289 1289 1290 1291
1265 1292 1293 1293 1294 1295 1295 1296 1296 1297 1298 1299 1299 1300 1301 1272 1273 1302 1274 1275 1303 1303 1277 1304 1304 1279 1305 1306 1307 1281 1308 1308 1283 1309 1310 1311 1312 1312 1313 1286 1314 1314 1315 1315 1316 1316 1317 1318 1290 1291
1319 1292 1320 1320 1294 1321 1321 1322 1322 1297 1298 1323 1323 1300 1301 1324 1325 1325 1326 1326 1327 1327 1328 1328 1329 1329 1305 1306 1307 1330 1331 1331 1332 1309 1310 1311 1333 1334 1334 1335 1335 1336 1337 1337 1338 1338 1317 1339 1339 1340
41 29 89 70 0 90 11 56 40 26 6 76 68 63 34 49 99 14 89 16 8 70 52 98 2 19 88 87 10 64 87 83 43 53 6 38 0 63 13 92 88 14 73 69 93 78 67 31 13 18
72 58 61 96 37 73 95 75 62 25 86 68 95 42 96 80 20 88 34 29 37 16 12 84 76 65 66 28 59 13 73 19 27 67 57 26 8 8 96 49 95 45 24 20 55 24 57 31 43 72
89 29 75 39 50 0 12 0 10 98 27 2 24 40 88 41 44 20 57 41 38 12 65 54 28 71 72 29 73 62 69 66 48 21 98 18 51 53 57 1 47 93 42 84 64 48 66 95 13 44
9 75 52 55 86 92 31 96 46 71 92 12 93 20 22 4 31 56 57 74 84 97 86 0 50 11 12 88 84 3 95 20 66 95 25 80 66 73 42 48 21 52 52 25 50 63 81 15 13 27
33 90 63 12 52 33 1 83 86 12 17 14 26 94 87 80 27 79 25 10 87 15 13 99 19 39 61 36 62 9 20 77 85 4 74 56 51 97 18 45 6 26 56 18 42 14 49 46 21 21
23 69 53 32 80 3 27 51 73 52 37 47 1 99 19 80 67 85 25 16 68 86 4 95 97 60 15 40 36 94 94 40 82 18 27 70 71 37 60 70 25 65 88 97 93 95 82 66 42 65
42 9 90 44 40 23 39 75 74 72 92 61 96 41 11 15 63 50 73 0 54 94 30 56 92 95 56 1 66 90 21 65 4 67 83 61 29 9 22 42 72 33 88 34 88 22 29 60 6 39
9 32 88 61 21 13 61 34 93 1 33 11 80 61 23 83 60 0 14 45 70 43 31 62 20 74 69 41 97 40 56 94 80 75 98 3 18 21 43 71 58 25 87 51 40 47 78 62 75 51
85 95 71 60 45 37 25 97 68 97 73 67 15 40 46 64 80 94 79 20 49 9 88 75 60 93 69 10 98 44 53 54 92 98 85 98 31 79 33 69 57 7 78 61 20 88 21 7 15 83
3 18 90 22 17 73 70 41 45 10 86 49 3 25 89 60 22 34 9 31 96 26 97 44 87 9 41 39 88 17 70 60 88 62 67 90 16 36 43 68 84 80 61 26 72 19 59 99 35 88
35 20 47 48 74 9 19 36 6 47 60 92 43 93 86 95 38 17 22 18 32 85 1 75 7 60 17 88 43 69 75 0 26 65 34 53 40 5 21 80 71 27 18 54 24 27 50 35 83 74
45 40 56 48 12 43 86 9 48 49 9 26 43 0 12 15 50 28 43 4 27 16 9 67 46 77 27 55 50 80 3 8 67 69 96 35 4 33 51 18 24 79 24 67 62 1 27 43 25 51
83 83 3 37 95 7 1 15 78 22 35 7 84 97 90 52 31 27 42 89 39 39 33 63 70 52 57 75 31 15 74 30 3 84 51 89 79 5 49 91 2 55 57 52 83 52 92 19 86 76
80 73 47 63 10 25 23 77 36 53 72 82 70 91 23 57 71 90 89 12 42 45 84 71 11 6 25 68 82 7 14 90 73 82 33 31 7 41 18 47 88 5 47 73 35 69 28 57 0 97
52 8 23 12 76 38 62 47 51 23 93 38 53 42 49 72 52 60 50 21 34 1 1 55 99 36 2 18 36 99 93 28 3 53 81 61 22 72 35 16 78 94 91 65 69 24 12 28 83 21
4 2 21 82 7 91 8 27 82 83 36 0 48 70 70 12 56 43 47 26 7 37 38 77 29 18 77 98 10 91 75 82 82 92 66 47 36 68 77 69 68 3 7 27 48 13 12 17 2 41
89 65 77 17 84 92 92 35 99 3 63 69 56 65 9 33 94 15 63 71 62 64 86 4 71 50 48 14 91 88 36 39 84 61 83 58 37 35 5 7 78 2 99 31 5 87 40 29 65 61
38 38 26 42 49 24 12 50 20 44 46 6 75 68 31 11 54 21 60 22 58 48 70 98 40 3 57 22 77 2 58 62 6 6 50 15 21 21 68 25 55 97 50 94 9 61 53 59 51 64
68 9 1 42 86 63 42 76 79 94 36 73 11 44 46 86 26 11 42 94 46 10 52 75 85 11 58 2 67 33 6 0 93 17 54 7 86 2 99 72 37 22 21 29 61 80 67 58 46 87
28 19 6 11 82 64 51 93 57 45 9 18 23 85 69 79 63 5 62 98 13 95 10 80 82 16 4 19 61 75 51 64 81 80 8 51 57 85 58 17 6 20 38 37 43 72 61 99 79 0
18 16 84 63 12 68 2 39 33 58 93 19 8 81 25 24 73 27 52 50 54 29 22 80 58 92 75 12 54 71 98 21 40 85 55 22 77 7 25 58 4 70 97 59 71 57 17 67 24 35
70 42 13 88 88 52 67 63 41 82 8 69 39 50 28 86 4 52 26 0 29 8 82 91 41 23 10 96 54 59 24 4 62 92 94 24 71 26 52 49 54 32 77 10 51 86 51 70 86 20
89 17 62 0 63 40 88 71 6 31 43 66 29 12 98 53 91 78 4 6 11 77 72 2 29 93 27 16 14 13 65 80 93 86 96 52 97 52 77 99 91 44 70 13 73 21 24 88 61 13
28 45 72 21 33 82 30 23 23 13 7 55 15 74 99 9 41 65 52 83 49 8 82 40 10 0 78 69 9 82 24 27 90 64 4 94 72 87 87 77 87 81 11 99 53 3 3 84 21 60
56 46 12 31 45 49 74 38 71 39 79 4 21 29 75 22 74 28 38 29 89 48 96 47 83 70 37 38 28 20 32 45 3 43 12 41 15 80 58 87 31 49 3 63 34 94 58 28 89 83
17 12 56 45 22 66 66 8 70 86 62 47 54 6 47 83 0 47 58 54 34 16 43 26 66 21 31 98 31 59 99 37 54 98 68 73 83 6 88 6 66 29 21 16 3 86 95 53 35 14
65 15 92 8 21 7 59 79 64 68 15 28 7 89 21 78 28 87 15 42 14 38 62 34 26 78 99 45 13 6 29 24 23 35 25 59 54 33 42 23 24 86 50 98 99 37 24 81 55 54
5 10 32 32 18 31 58 39 79 70 54 6 61 63 43 99 30 11 25 86 99 18 59 38 23 80 57 18 82 16 69 79 33 25 75 94 89 11 33 60 6 6 46 40 30 36 58 82 51 51
16 31 81 85 96 54 23 71 14 78 27 55 89 25 30 75 81 37 58 74 76 49 31 33 95 19 44 39 47 18 74 3 95 3 63 13 56 4 94 13 32 48 49 41 27 47 83 38 12 71
98 47 15 59 44 48 10 38 16 1 37 81 7 31 25 29 69 52 47 68 93 81 2 73 88 34 66 68 67 75 84 91 17 84 38 93 15 82 32 74 45 87 60 42 81 14 56 54 3 83
27 68 63 91 19 3 7 9 65 36 92 3 59 95 96 96 61 26 89 10 22 7 47 29 39 27 43 2 52 92 51 44 58 23 53 23 50 50 28 31 60 42 65 54 51 50 53 83 93 42
17 78 78 88 88 27 84 44 11 40 88 39 87 48 16 65 80 51 23 91 13 34 69 87 62 57 39 54 6 99 62 66 88 13 46 19 81 67 72 70 90 63 45 76 63 61 23 26 61 64
96 2 87 13 64 30 50 78 66 21 63 93 62 23 96 18 84 77 54 97 12 66 48 90 57 35 73 44 9 84 75 36 32 68 3 92 84 16 85 62 82 50 35 99 54 69 64 31 28 78
92 30 14 41 78 70 13 71 12 51 91 51 54 39 92 88 22 22 62 79 23 69 71 65 24 74 47 19 41 34 25 5 98 71 23 91 14 68 22 15 90 31 50 16 16 57 33 98 40 15
80 45 90 53 69 60 17 98 26 11 50 38 54 17 77 51 37 21 20 53 96 12 5 35 64 5 78 85 55 96 65 94 9 87 32 45 67 25 50 24 88 2 34 95 34 56 78 66 13 71
71 80 77 5 14 72 70 73 17 94 75 23 70 14 53 60 63 51 73 39 82 82 17 9 88 16 81 99 70 94 63 47 58 75 62 75 97 50 65 87 25 48 44 69 83 97 82 44 78 98
49 60 75 19 17 58 42 52 55 53 72 86 18 30 39 96 88 76 85 38 46 14 92 21 92 48 44 31 74 13 68 4 19 93 20 86 59 57 3 9 16 60 36 21 2 67 37 21 49 21
57 7 30 30 70 71 34 39 72 46 60 11 25 47 92 36 57 92 28 4 21 12 41 7 44 35 76 24 39 96 50 24 38 21 6 74 88 76 85 26 82 34 85 50 8 80 9 21 41 22
59 86 10 89 33 68 30 69 40 59 14 61 65 89 1 73 85 85 75 64 98 35 9 1 71 57 90 30 38 22 46 12 24 17 76 86 30 34 58 81 66 74 66 54 75 51 45 78 31 42
62 92 83 38 56 49 99 52 14 67 53 90 16 54 21 98 12 17 10 37 43 31 68 16 66 99 68 57 79 91 93 68 65 16 5 41 31 96 34 0 45 20 34 92 55 26 63 36 98 94
77 19 89 41 73 51 24 70 4 19 15 85 75 81 48 83 53 94 68 20 11 3 47 34 88 47 9 18 50 27 86 28 63 72 97 0 96 87 33 25 68 85 82 78 18 79 90 31 98 20
94 98 73 0 10 74 89 62 44 10 39 61 33 53 99 99 46 70 25 90 34 47 85 6 0 85 7 93 45 91 0 39 21 51 10 35 15 19 7 78 92 17 54 57 32 18 30 56 70 39
31 12 49 77 66 44 55 28 74 68 96 67 8 87 13 82 84 54 35 53 88 15 94 52 84 32 17 39 29 52 5 91 96 20 77 15 24 83 37 5 35 20 79 65 55 62 43 1 5 4
77 37 32 28 27 23 55 76 59 4 2 60 18 14 68 14 38 71 66 37 36 58 10 47 47 45 92 2 64 29 66 32 59 33 5 25 98 24 42 1 35 32 34 26 0 10 78 99 77 67
92 17 41 23 58 0 49 16 83 77 18 70 48 56 1 28 29 37 77 21 34 56 18 31 95 23 78 22 8 18 30 87 13 49 70 44 20 74 55 39 93 93 57 0 99 75 67 32 1 68
30 67 38 17 98 75 27 67 30 96 83 3 36 20 47 75 72 46 53 98 60 20 23 6 39 39 39 87 7 33 40 66 29 28 27 97 82 20 56 7 75 86 98 79 22 13 44 23 65 75
27 26 16 42 80 8 22 87 75 40 58 37 77 81 46 72 28 47 17 82 87 0 40 4 37 70 87 73 20 21 43 40 23 67 55 37 21 61 56 72 63 37 17 51 43 98 45 58 59 39
9 38 26 10 97 14 30 81 82 55 52 54 16 2 1 85 27 45 30 62 19 88 61 19 50 33 85 86 89 37 57 81 66 76 39 59 52 3 37 23 69 25 75 40 43 48 91 85 54 51
73 13 12 42 60 75 42 56 72 97 43 80 47 95 3 48 96 58 55 40 79 18 89 63 13 6 92 41 45 82 55 54 67 25 94 89 15 21 38 61 32 82 76 87 40 3 23 71 69 41
43 5 94 4 56 4 32 38 7 81 0 29 25 46 2 61 34 18 65 83 89 91 57 92 1 15 16 0 77 88 72 31 56 63 67 53 48 23 75 26 20 72 13 50 99 64 11 4 56 75
