35 28
0 0 1 1 2 2 3 3 4 4 5 5 6 7 8 9 10 10 11 11 12 13 14 15 16 17 17 18 18 19 19 20 21 22 23 23 24 25 26 26 27 27 28 29 30 30 31 32 32 33
34 35 36 37 38 38 39 39 40 40 41 42 6 7 8 9 43 43 44 45 12 13 14 46 16 47 47 48 49 50 51 51 21 22 52 52 24 25 53 54 55 55 28 29 56 56 57 57 58 58
59 35 36 37 60 60 61 62 63 63 41 64 64 65 65 66 66 67 67 45 68 69 70 46 71 71 72 48 49 50 73 74 75 75 76 77 78 79 53 54 80 80 81 81 82 82 83 83 84 84
59 85 85 86 86 87 87 62 88 88 89 90 90 91 92 93 94 94 95 96 68 69 97 97 98 98 72 99 100 101 73 74 102 102 76 77 78 79 103 103 104 105 106 106 107 107 108 108 109 109
110 111 112 112 113 113 114 115 115 116 117 117 118 91 92 93 119 119 95 96 120 121 121 122 123 123 124 124 100 101 125 125 126 126 127 127 128 128 129 129 104 105 130 130 131 132 133 134 135 136
110 111 137 137 138 138 139 140 140 116 141 141 118 142 143 143 144 145 145 146 120 147 148 122 149 150 151 152 152 153 154 155 156 157 158 158 159 160 161 162 163 164 164 165 131 132 133 134 135 136
166 167 168 168 169 169 139 170 170 171 172 172 173 142 174 174 144 175 176 177 177 147 148 178 179 150 151 180 180 153 181 155 156 182 182 183 183 160 161 162 184 185 185 165 186 187 188 188 189 189
166 167 190 190 191 192 193 193 194 171 195 195 173 196 197 197 198 199 176 200 200 201 202 178 179 203 204 204 205 205 181 206 207 208 209 209 210 210 211 211 184 212 213 214 186 215 215 216 217 217
218 219 219 220 191 221 221 222 223 223 224 225 226 226 227 228 198 199 229 229 230 201 202 231 231 232 232 233 234 234 235 206 207 208 236 237 237 238 238 239 240 212 213 214 241 242 243 216 244 245
218 246 247 220 248 249 249 222 250 251 224 225 252 252 227 228 253 254 255 255 256 256 257 258 259 259 260 261 262 263 235 264 265 265 266 267 268 268 269 269 240 270 270 271 241 242 272 272 244 273
274 246 247 275 276 277 278 278 279 251 280 281 282 282 283 284 253 285 285 286 286 287 257 288 288 289 289 261 262 263 290 291 291 292 266 267 293 294 295 296 297 297 298 271 299 300 301 301 302 273
274 303 304 275 276 277 305 306 279 307 308 281 309 309 283 284 310 311 311 312 313 314 315 315 316 316 317 318 319 319 290 320 320 321 321 322 293 294 295 296 323 323 324 325 299 300 326 327 302 328
329 303 304 330 330 331 305 306 332 332 308 333 334 335 335 336 310 337 338 312 313 314 339 339 340 340 317 318 341 341 342 343 344 344 345 322 346 347 347 348 348 349 324 325 350 350 326 327 351 351
329 352 352 353 354 355 356 357 357 358 359 359 334 360 361 362 362 337 338 363 364 365 366 367 367 368 368 369 369 370 370 343 371 372 372 373 346 374 375 376 376 349 377 377 378 379 380 381 381 382
383 384 385 353 386 355 387 387 388 388 389 390 391 392 361 393 394 394 395 363 364 365 396 396 397 397 398 399 399 400 401 401 402 403 404 373 405 374 375 406 407 408 409 409 410 379 380 411 411 382
383 384 412 412 386 413 413 414 414 415 415 390 391 392 416 416 417 417 395 418 419 420 421 421 422 422 423 424 425 426 426 427 402 403 404 428 405 429 430 430 407 431 432 432 410 433 434 434 435 435
436 436 437 437 438 438 439 439 440 441 442 443 444 444 445 445 446 446 447 418 419 448 449 449 450 451 423 424 425 452 452 427 453 454 454 428 455 429 456 456 457 431 458 459 460 460 461 461 462 463
464 465 466 467 467 468 469 470 440 441 442 443 471 471 472 472 473 473 447 474 474 448 475 475 450 451 476 477 478 479 479 480 453 481 482 482 455 483 484 484 457 485 458 486 486 487 487 488 462 463
464 465 489 490 491 468 469 470 492 492 493 493 494 495 496 496 497 498 499 499 500 500 501 502 502 503 476 477 504 504 505 480 506 506 507 507 508 509 510 511 511 485 512 512 513 514 514 488 515 516
517 518 489 490 519 520 521 522 523 524 524 525 525 495 526 527 497 498 528 529 530 530 501 531 531 503 532 533 533 534 535 536 537 538 538 539 540 509 510 541 542 543 543 544 513 545 545 546 547 516
517 518 548 549 519 520 521 522 550 551 551 552 553 554 526 527 555 556 528 529 557 558 558 559 559 560 532 561 562 534 535 536 537 563 563 539 540 564 565 541 542 566 566 544 567 567 568 569 547 570
571 572 548 549 573 573 574 574 550 575 576 552 577 554 578 579 555 556 580 580 557 581 581 582 582 560 583 584 562 585 585 586 586 587 587 588 588 564 565 589 589 590 591 591 592 593 568 569 594 595
571 572 596 597 598 598 599 600 601 602 576 603 577 604 578 605 605 606 606 607 607 608 609 609 610 611 612 584 613 614 615 615 616 617 618 619 619 620 621 622 622 623 623 624 592 593 625 626 627 595
628 628 596 597 629 629 599 600 601 602 630 603 631 604 632 632 633 634 635 636 636 608 637 638 638 611 612 639 639 614 640 640 616 617 618 641 642 642 621 643 643 644 644 624 645 645 625 626 627 646
647 647 648 648 649 650 650 651 652 652 653 653 631 654 655 656 633 634 657 658 658 659 637 660 660 661 662 663 664 665 666 667 668 669 669 670 670 671 672 672 673 674 674 675 676 676 677 677 678 679
680 681 682 683 683 684 684 685 685 686 686 687 687 654 655 656 688 688 657 689 690 690 691 692 692 661 693 663 694 665 666 667 695 696 697 698 698 699 699 700 701 701 702 702 703 704 705 706 707 679
680 681 708 708 709 709 710 711 712 712 713 714 714 715 716 717 718 719 719 689 720 721 722 723 724 724 693 725 694 726 726 727 695 696 697 728 729 729 730 730 731 731 732 733 734 704 705 706 707 735
736 737 737 738 739 740 710 711 741 741 713 742 743 715 716 717 718 744 744 745 720 746 722 723 747 747 748 749 750 751 752 753 753 754 754 728 755 755 756 756 757 757 732 733 734 758 758 759 760 735
736 761 762 738 739 740 763 764 764 765 766 742 743 767 767 768 769 770 771 772 773 746 774 775 775 776 777 749 750 751 752 778 778 779 779 780 780 781 781 782 782 783 784 784 785 785 786 759 760 787
788 761 762 789 790 791 763 792 792 793 766 794 795 796 797 797 769 770 771 772 773 798 799 799 800 800 777 801 801 802 802 803 803 804 804 805 806 806 807 808 808 783 809 810 811 812 786 813 813 814
788 815 815 816 790 791 817 818 818 793 819 820 795 796 821 821 822 822 823 824 825 798 826 826 827 828 828 829 830 830 831 832 833 834 835 805 836 836 807 837 838 838 809 810 839 812 840 841 841 814
842 843 844 816 845 845 817 846 847 847 819 820 848 848 849 849 850 850 823 824 851 851 852 852 827 853 854 855 855 856 856 832 833 834 835 857 857 858 859 860 860 861 862 862 839 863 840 864 864 865
842 843 844 866 867 867 868 869 870 870 871 871 872 873 873 874 875 876 877 878 879 879 880 881 881 853 882 883 883 884 885 885 886 887 888 889 890 858 859 891 891 861 892 893 893 894 894 895 895 865
896 897 898 866 899 899 868 869 900 900 901 901 872 902 902 903 875 876 877 878 904 905 880 906 906 907 882 908 909 884 910 910 911 887 888 889 912 912 913 914 915 916 916 917 918 919 920 921 922 922
896 897 898 923 924 925 925 926 927 927 928 929 929 930 930 903 931 931 932 933 904 905 934 935 936 936 937 908 909 938 938 939 911 940 941 941 942 942 913 914 915 943 944 917 918 919 920 945 945 946
947 948 948 923 949 949 950 950 951 951 952 952 953 954 955 956 957 958 932 933 959 960 934 935 961 961 937 962 963 963 964 964 965 965 966 967 967 968 968 969 970 970 944 971 971 972 972 973 973 946
947 974 975 975 976 977 977 978 979 980 980 981 953 954 955 956 957 958 982 982 959 960 983 983 984 985 986 987 987 988 989 989 990 991 966 992 992 993 994 995 995 996 997 997 998 999 999 1000 1000 1001
1002 974 1003 1004 976 1005 1006 978 979 1007 1007 981 1008 1009 1009 1010 1010 1011 1012 1013 1013 1014 1014 1015 984 985 986 1016 1017 988 1018 1019 990 991 1020 1021 1022 1022 994 1023 1024 996 1025 1025 998 1026 1026 1027 1027 1001
1028 1028 1003 1004 1029 1005 1030 1030 1031 1031 1032 1032 1008 1033 1033 1034 1034 1011 1035 1036 1036 1037 1038 1038 1039 1040 1041 1016 1017 1042 1018 1019 1043 1044 1044 1021 1045 1046 1047 1023 1024 1048 1048 1049 1049 1050 1051 1051 1052 1052
1053 1054 1055 1055 1056 1056 1057 1057 1058 1059 1060 1061 1061 1062 1062 1063 1064 1064 1035 1065 1066 1037 1067 1067 1068 1040 1069 1070 1070 1042 1071 1072 1043 1073 1074 1074 1045 1046 1047 1075 1075 1076 1076 1077 1078 1050 1079 1079 1080 1080
1053 1054 1081 1081 1082 1083 1084 1085 1058 1059 1060 1086 1086 1087 1087 1063 1088 1089 1089 1090 1066 1091 1091 1092 1068 1093 1069 1094 1094 1095 1071 1096 1097 1073 1098 1098 1099 1099 1100 1101 1101 1102 1102 1077 1078 1103 1104 1104 1105 1105
1106 1107 1107 1108 1082 1083 1084 1085 1109 1110 1111 1111 1112 1113 1114 1115 1088 1116 1116 1090 1117 1117 1118 1118 1119 1093 1120 1121 1121 1095 1122 1096 1097 1123 1124 1124 1125 1125 1100 1126 1126 1127 1127 1128 1129 1130 1130 1131 1131 1132
1106 1133 1134 1108 1135 1135 1136 1137 1137 1110 1138 1138 1112 1113 1114 1115 1139 1140 1140 1141 1141 1142 1142 1143 1119 1144 1120 1145 1146 1147 1122 1148 1149 1150 1151 1151 1152 1153 1153 1154 1155 1156 1156 1157 1129 1158 1158 1159 1160 1132
1161 1133 1162 1163 1163 1164 1165 1166 1166 1167 1168 1169 1170 1171 1172 1173 1139 1174 1174 1175 1176 1176 1177 1143 1178 1179 1179 1145 1146 1147 1180 1148 1149 1150 1181 1182 1182 1183 1184 1184 1155 1185 1186 1157 1187 1187 1188 1159 1189 1190
1191 1192 1162 1193 1194 1164 1165 1195 1195 1167 1168 1169 1170 1171 1172 1196 1196 1197 1197 1175 1198 1199 1199 1200 1178 1201 1202 1202 1203 1203 1204 1205 1205 1206 1181 1207 1207 1183 1208 1208 1209 1209 1186 1210 1211 1212 1188 1213 1189 1190
1191 1192 1214 1193 1194 1215 1216 1217 1218 1219 1219 1220 1221 1222 1222 1223 1223 1224 1225 1225 1198 1226 1227 1228 1229 1230 1230 1231 1232 1232 1204 1233 1233 1234 1235 1236 1236 1237 1237 1238 1239 1240 1240 1210 1211 1212 1241 1242 1242 1243
1244 1244 1214 1245 1246 1247 1216 1248 1218 1249 1249 1220 1221 1250 1250 1251 1252 1253 1253 1254 1255 1226 1227 1228 1229 1256 1256 1231 1257 1257 1258 1258 1259 1234 1260 1260 1261 1262 1262 1238 1239 1263 1263 1264 1265 1266 1267 1267 1268 1243
1269 1270 1271 1271 1246 1247 1272 1248 1273 1273 1274 1275 1275 1276 1277 1277 1252 1278 1278 1254 1255 1279 1279 1280 1281 1282 1282 1283 1284 1285 1285 1286 1286 1287 1288 1288 1289 1289 1290 1291 1291 1292 1292 1264 1265 1266 1293 1293 1268 1294
1269 1270 1295 1295 1296 1297 1272 1298 1298 1299 1274 1300 1300 1276 1301 1301 1302 1303 1304 1304 1305 1306 1306 1280 1281 1307 1308 1283 1284 1309 1309 1310 1310 1287 1311 1311 1312 1312 1313 1313 1314 1315 1316 1317 1317 1318 1319 1319 1320 1294
1321 1321 1322 1322 1296 1297 1323 1324 1324 1325 1325 1326 1326 1327 1327 1328 1328 1303 1329 1329 1330 1330 1331 1331 1332 1332 1308 1333 1333 1334 1335 1335 1336 1337 1337 1338 1338 1339 1339 1340 1340 1315 1316 1341 1341 1342 1342 1343 1320 1344
44 32 67 15 37 24 90 71 28 88 35 29 25 48 5 48 57 96 21 72 55 66 35 78 75 28 67 80 92 89 13 69 95 70 75 68 67 27 7 31 44 21 16 81 10 57 10 96 45 51
66 9 63 20 27 73 60 21 29 93 83 47 17 56 89 66 99 99 5 52 91 17 47 56 24 82 50 68 73 77 68 21 39 2 27 2 6 99 89 20 49 1 51 47 77 77 90 88 98 72
84 6 90 57 97 63 95 24 79 11 77 93 74 4 48 50 69 41 24 76 24 52 36 43 18 82 23 59 0 50 39 18 70 87 80 22 27 73 30 40 74 37 99 60 32 54 24 29 27 67
37 29 48 46 98 40 41 7 85 61 60 34 38 47 89 15 54 1 1 7 89 70 44 91 9 24 57 95 2 69 93 48 39 49 21 50 29 66 15 17 28 58 32 13 52 2 87 51 26 96
19 14 24 35 54 8 78 39 38 71 95 68 22 97 7 5 75 74 1 46 19 69 68 72 46 51 81 44 36 47 93 57 63 90 40 35 73 47 88 4 93 40 92 37 11 70 15 8 90 37
78 35 16 87 45 35 25 59 56 77 22 72 23 99 76 81 34 77 7 71 18 74 66 33 71 56 60 57 20 6 23 52 14 53 32 5 43 13 49 77 65 21 40 79 6 63 21 13 5 64
94 9 49 78 91 3 0 51 91 68 95 48 71 35 4 14 71 6 41 76 73 11 87 81 79 95 68 59 14 44 58 56 80 15 96 31 47 46 86 61 48 44 87 18 64 38 2 75 75 39
99 57 36 29 3 16 87 54 34 61 39 31 42 54 52 69 69 27 93 40 17 81 74 84 74 83 24 32 5 22 43 28 82 31 30 82 84 79 38 47 56 66 41 19 2 84 24 58 46 34
64 22 28 91 81 76 53 71 84 73 12 84 51 27 54 77 83 27 70 42 54 28 77 50 6 18 26 28 79 29 20 58 6 11 45 18 88 33 42 47 34 85 17 16 36 10 19 47 68 78
94 47 62 40 29 44 12 60 99 92 62 28 55 17 37 74 86 59 22 66 83 36 56 25 80 48 45 76 38 2 78 44 64 59 83 57 68 46 36 61 65 91 38 87 29 94 53 7 10 57
59 12 36 47 29 30 99 82 36 82 13 74 60 72 15 71 92 77 90 59 5 24 30 87 7 24 40 38 82 34 87 99 63 23 90 14 0 15 81 15 46 74 32 15 93 7 60 38 68 19
64 11 10 16 43 63 27 90 0 42 91 98 5 45 16 30 90 59 30 86 82 24 33 71 13 9 60 81 90 7 3 42 98 67 68 15 67 76 71 12 71 76 67 55 0 12 88 88 40 28
53 69 82 85 71 13 99 79 96 51 65 78 21 78 89 69 33 29 50 54 71 19 38 35 27 34 87 67 55 48 26 0 26 22 70 57 3 36 76 15 86 43 11 46 52 85 0 84 62 66
39 18 47 92 8 33 14 47 18 33 70 82 99 23 11 47 97 46 66 26 77 88 8 25 16 82 2 7 83 75 33 53 99 98 88 46 26 24 93 20 16 14 20 88 35 29 78 88 71 12
0 90 41 61 39 83 31 13 63 95 1 56 76 83 57 89 74 9 63 14 34 25 90 19 73 35 47 29 33 32 89 51 18 94 67 19 47 70 3 73 88 7 31 77 93 20 60 94 5 60
13 42 70 74 6 19 22 37 60 55 16 16 81 43 24 2 11 45 82 14 75 37 82 95 77 40 94 11 43 62 63 13 30 31 97 34 12 91 63 32 24 83 66 12 27 25 46 46 37 62
17 55 62 67 20 1 85 12 14 34 24 68 33 52 53 55 68 21 35 89 96 45 60 24 38 72 59 75 27 55 2 11 23 83 96 9 53 71 62 99 59 57 96 80 57 5 0 33 11 88
75 55 20 49 81 54 10 27 81 4 46 63 30 14 30 94 73 12 94 23 14 2 98 16 53 34 12 37 82 9 81 23 34 86 31 13 57 2 59 15 0 27 16 65 8 74 13 22 15 60
20 37 40 76 56 10 45 69 10 74 12 2 27 40 97 36 28 11 3 90 78 79 57 70 43 85 13 26 70 24 45 63 48 18 60 5 6 32 13 28 26 51 89 50 26 58 83 40 48 70
45 60 1 36 98 49 79 10 23 35 66 22 86 52 24 34 37 28 9 66 93 93 20 67 33 8 21 69 96 12 77 19 32 53 17 76 32 89 63 51 79 74 70 53 59 79 14 86 83 90
62 33 64 15 14 93 81 59 18 57 79 65 50 97 77 16 8 32 98 20 89 83 61 48 10 7 2 41 24 23 50 93 39 39 25 48 38 91 86 68 97 63 11 16 39 38 45 43 49 23
77 26 46 28 93 62 57 68 85 23 41 72 43 36 79 17 12 85 94 29 37 61 33 31 16 62 36 44 75 38 9 3 37 11 97 14 11 59 7 20 32 41 9 7 33 19 9 3 48 73
99 56 75 33 43 89 93 30 95 88 73 24 7 20 84 36 55 63 1 26 74 28 80 58 76 48 56 15 29 66 40 66 51 23 6 36 39 41 15 35 65 33 53 52 24 68 27 7 75 1
19 86 55 25 66 71 34 62 84 72 47 56 59 50 7 98 93 94 31 36 84 12 6 88 11 55 48 19 9 12 54 27 69 43 63 15 75 10 59 22 13 38 57 58 90 36 61 39 98 26
80 71 30 59 91 5 53 93 72 96 11 56 28 43 22 4 86 13 14 70 27 27 73 41 21 73 58 30 17 90 33 33 48 21 10 97 54 97 92 8 90 71 48 94 1 36 66 71 15 34
32 3 38 78 19 99 10 12 81 69 22 99 65 47 77 68 91 15 33 79 6 92 20 49 56 75 26 2 32 25 47 31 68 58 9 54 43 79 72 61 90 89 93 28 47 4 40 24 52 10
77 57 30 8 18 57 47 64 71 12 28 12 39 61 37 12 33 18 82 93 92 60 50 82 13 23 54 35 65 99 45 52 78 26 97 42 83 43 42 68 3 34 30 90 21 13 11 67 51 18
0 72 47 36 34 60 12 81 36 28 48 34 44 41 24 98 59 90 26 91 66 73 90 75 13 33 42 79 78 72 90 67 98 88 86 3 62 18 19 17 4 89 38 26 22 91 25 9 70 43
48 8 20 73 8 25 1 14 90 1 41 0 72 23 31 85 98 27 46 56 28 79 5 19 98 63 79 67 6 40 22 50 44 14 64 48 74 55 23 65 23 70 7 11 61 4 56 30 74 70
60 20 91 13 78 20 76 53 62 57 24 91 13 16 91 44 71 82 69 28 54 46 75 5 73 28 45 43 88 16 60 33 82 87 76 8 12 42 86 64 90 88 40 60 37 78 78 24 46 45
46 12 60 0 67 92 73 82 1 84 22 89 7 69 84 42 14 54 6 21 89 79 46 63 63 98 10 69 26 27 35 35 25 60 33 27 91 43 65 6 8 71 1 2 2 64 25 35 51 97
86 3 10 14 7 79 85 8 29 52 10 90 39 15 15 27 64 0 63 69 44 76 46 21 49 13 97 10 66 26 97 22 35 75 69 69 57 89 89 59 67 8 75 46 3 87 74 51 88 84
4 25 16 49 1 86 84 72 31 8 24 97 50 47 60 34 57 20 65 60 30 62 13 48 13 94 31 28 89 67 87 72 5 19 84 5 60 26 60 69 96 21 21 46 96 93 88 49 15 85
69 98 57 93 99 38 81 51 76 58 75 42 60 51 22 1 97 75 18 66 84 89 37 91 49 79 41 48 97 37 35 62 46 68 50 82 41 3 17 38 43 7 99 87 59 68 46 88 53 42
16 98 50 29 0 3 98 4 79 82 93 65 62 77 72 32 58 88 71 57 5 98 95 22 97 5 10 68 80 74 20 22 93 98 75 17 13 77 55 68 33 51 0 42 83 64 82 0 76 54
12 90 23 65 53 81 74 22 11 28 83 26 24 6 72 31 57 84 16 67 79 54 84 69 87 36 23 99 19 34 74 45 45 20 43 72 73 65 81 91 80 8 45 14 71 80 18 77 69 95
11 9 78 1 31 76 38 46 11 35 19 78 25 32 4 76 50 49 61 63 60 12 93 39 84 71 76 17 55 20 55 67 68 45 57 0 67 42 75 50 60 51 23 15 74 46 17 89 66 80
54 36 95 93 67 46 25 29 33 38 36 21 36 94 58 77 52 34 99 72 25 3 22 91 25 58 15 27 9 15 52 45 67 12 41 60 27 24 85 50 11 87 99 56 6 86 41 30 81 78
9 65 63 70 67 75 97 99 2 22 7 22 35 59 28 51 34 17 88 70 73 26 20 75 99 29 56 40 30 91 41 25 31 19 35 92 70 11 2 60 82 51 13 81 17 84 7 54 77 60
38 91 19 7 2 64 10 16 86 36 75 8 0 73 21 46 94 88 16 96 26 33 39 70 0 29 26 33 64 53 27 53 15 67 77 64 8 59 36 30 72 59 74 18 79 31 9 74 12 60
91 34 15 74 41 14 41 51 97 49 67 72 37 7 53 79 47 6 88 17 16 71 21 28 45 0 23 6 24 44 34 33 67 45 22 74 95 63 95 77 38 92 4 53 11 94 7 15 11 58
35 34 28 44 37 1 0 61 6 0 25 89 41 4 76 92 3 50 8 51 20 85 95 65 56 64 94 12 68 71 96 40 80 12 26 97 66 44 77 92 39 16 43 46 96 91 1 98 77 32
51 95 46 29 6 79 57 51 28 92 70 0 43 53 17 62 12 95 34 4 42 9 17 31 10 38 33 89 74 87 70 76 35 84 97 68 66 56 71 25 33 18 53 57 4 85 4 56 13 88
9 12 14 86 21 43 11 6 53 35 22 48 61 92 57 81 63 9 2 66 76 2 58 80 29 33 54 42 29 52 95 62 7 92 92 33 7 26 46 28 26 17 41 87 58 53 75 76 18 5
23 73 9 88 94 30 79 45 5 36 85 7 87 31 11 57 62 46 22 83 56 65 43 62 65 68 60 82 35 81 97 86 51 24 25 71 44 73 54 54 42 24 16 73 72 57 26 80 36 52
39 89 19 27 48 13 90 93 85 9 75 94 23 52 2 53 20 56 66 69 10 56 44 33 82 28 74 81 21 63 79 19 60 47 78 34 3 24 12 26 16 34 39 20 21 82 58 77 97 54
13 21 19 46 31 92 60 99 17 60 89 54 54 98 12 9 13 56 82 64 16 38 79 68 25 73 21 98 75 17 76 12 0 7 37 88 54 42 83 52 15 94 51 20 71 93 9 58 1 94
47 22 73 64 18 69 51 69 47 57 20 6 48 52 28 30 88 49 86 74 47 63 23 26 69 73 82 13 39 27 40 59 79 96 75 25 34 69 22 65 55 26 81 8 40 61 4 35 35 34
53 53 32 62 83 21 40 45 58 3 96 74 80 11 96 89 71 8 25 11 75 13 29 89 96 18 23 95 24 20 2 72 94 13 72 15 90 45 69 19 86 37 91 77 9 69 9 92 19 18
93 65 28 58 80 46 84 37 3 13 9 86 86 89 96 6 29 98 6 72 67 84 82 30 67 7 96 3 64 75 28 18 10 54 87 65 9 35 99 85 6 53 38 48 16 32 87 65 56 12
