28 1
0 1 1 2 2 3 3 4 5 6 7 8 8 9 9 10 10 11 12 13 14 15 15 16 17 18 19 19 20 21 21 22 22 23 24 25 25 26 27 27 28 28 29 29 30 30 31 31 32 33
34 35 36 37 38 38 39 4 5 6 40 40 41 42 42 43 44 11 12 13 45 45 46 16 17 18 47 48 48 49 50 50 51 52 24 53 53 26 54 55 55 56 56 57 58 58 59 59 32 60
34 61 36 62 62 63 63 64 64 65 65 66 67 67 68 69 44 70 70 71 72 73 46 74 74 75 47 76 76 77 78 78 51 52 79 80 81 82 83 83 84 84 85 57 86 86 87 88 88 60
89 61 90 91 91 92 93 93 94 95 96 96 97 98 99 69 100 100 101 101 72 73 102 102 103 75 104 105 105 77 106 106 107 107 108 80 81 82 109 110 111 111 112 113 113 114 114 115 116 116
117 118 90 119 120 92 121 122 123 95 124 124 97 125 99 126 127 128 128 129 130 131 132 132 133 133 104 134 134 135 135 136 136 137 108 138 138 139 139 110 140 140 112 141 142 143 143 115 144 145
117 118 146 146 120 147 121 122 123 148 148 149 150 125 151 151 127 152 153 129 130 131 154 154 155 156 157 158 158 159 160 160 161 161 162 163 164 164 165 165 166 167 168 141 142 169 169 170 144 145
171 172 172 173 173 174 174 175 175 176 176 149 150 177 177 178 179 152 180 180 181 182 182 183 183 156 184 185 185 159 186 187 188 188 162 163 189 190 191 192 166 167 193 194 194 195 196 196 197 197
171 198 199 200 201 202 203 203 204 205 206 206 207 208 208 178 179 209 209 210 181 211 212 213 214 214 184 215 216 216 186 187 217 217 218 218 189 219 191 220 220 221 193 222 222 195 223 224 225 225
226 198 199 200 227 202 228 229 204 205 230 230 207 231 231 232 233 233 234 235 236 236 212 237 237 238 239 215 240 240 241 242 243 244 245 245 246 219 247 247 248 221 249 249 250 251 251 224 252 252
253 253 254 254 227 255 256 229 257 258 259 259 260 261 261 262 262 263 234 235 264 265 266 267 268 238 239 269 270 270 241 242 243 244 271 271 272 272 273 273 248 274 275 275 250 276 276 277 278 278
279 280 280 281 282 255 256 283 257 258 284 284 260 285 285 286 286 287 288 289 264 265 266 267 268 290 290 269 291 292 292 293 294 295 295 296 296 297 298 298 299 299 300 300 301 302 302 277 303 303
279 304 304 281 282 305 306 283 307 308 308 309 310 310 311 311 312 287 288 313 314 314 315 316 317 317 318 318 291 319 319 293 320 321 321 322 323 297 324 324 325 325 326 327 301 328 328 329 329 330
331 332 332 333 333 305 306 334 335 336 337 338 338 339 340 341 342 342 343 313 344 345 315 346 346 347 347 348 349 349 350 350 320 351 351 322 323 352 352 353 354 355 356 327 357 358 359 359 360 330
331 361 362 362 363 363 364 334 335 336 337 365 365 339 340 341 366 366 367 368 344 345 369 370 371 371 372 373 374 374 375 376 377 378 378 379 380 380 381 353 354 355 356 382 357 383 384 385 386 386
387 361 388 389 390 391 391 392 392 393 394 395 395 396 396 397 398 398 367 368 399 400 401 370 402 403 403 373 404 404 375 376 377 405 405 379 406 407 381 408 408 409 409 410 410 383 384 385 411 411
412 413 388 389 390 414 414 415 416 393 394 417 418 419 420 397 421 422 422 423 399 400 401 424 402 425 426 427 427 428 429 429 430 430 431 431 406 432 432 433 434 434 435 436 437 438 439 440 440 441
412 413 442 443 443 444 444 415 416 445 446 417 418 419 420 447 421 448 449 423 450 450 451 452 452 425 426 453 454 454 455 455 456 456 457 458 458 459 460 460 461 461 462 436 437 463 439 464 464 465
466 466 442 467 468 469 470 471 471 445 446 472 473 474 474 475 476 476 449 477 478 478 451 479 479 480 480 453 481 482 482 483 484 484 457 485 485 459 486 487 487 488 462 489 490 463 491 491 492 465
493 494 495 495 468 469 470 496 496 497 498 498 473 499 499 475 500 501 502 477 503 504 504 505 506 506 507 507 481 508 508 483 509 509 510 510 511 512 513 513 514 488 515 489 490 516 517 517 492 518
493 494 519 520 521 522 522 523 523 497 524 524 525 525 526 526 500 501 527 528 529 530 530 531 532 533 533 534 534 535 536 536 537 537 538 539 511 512 540 540 514 541 515 542 543 544 544 545 545 518
546 547 547 520 548 548 549 549 550 551 552 552 553 553 554 554 555 555 527 556 529 557 557 531 532 558 559 560 560 535 561 561 562 562 538 539 563 563 564 565 566 541 567 542 543 568 568 569 570 570
571 571 572 573 574 574 575 575 550 551 576 577 578 578 579 579 580 580 581 556 582 582 583 584 585 558 586 586 587 587 588 588 589 590 591 591 592 592 593 565 594 594 567 595 596 597 598 569 599 599
600 601 601 573 602 603 603 604 605 605 576 577 606 606 607 608 609 609 581 610 610 611 611 584 585 612 612 613 613 614 615 615 589 590 616 616 617 618 593 619 619 620 621 595 596 597 598 622 622 623
600 624 624 625 625 626 627 627 628 628 629 629 630 630 607 631 631 632 632 633 633 634 635 635 636 636 637 638 639 614 640 640 641 641 642 643 617 618 644 644 645 620 621 646 646 647 647 648 648 623
649 650 651 651 652 626 653 653 654 655 656 656 657 657 658 659 660 660 661 662 663 663 664 664 665 665 637 638 639 666 667 668 669 669 642 643 670 671 672 672 645 673 674 674 675 676 677 678 678 679
649 650 680 681 652 682 682 683 654 655 684 685 685 686 687 659 688 689 661 690 691 692 693 694 695 695 696 696 697 697 667 698 699 699 700 700 670 701 701 702 703 704 705 706 707 676 677 708 708 679
709 710 711 681 712 712 713 713 714 715 716 717 717 718 687 719 688 689 720 690 691 721 693 694 722 722 723 724 724 725 726 698 727 727 728 729 730 731 731 702 732 704 705 706 707 733 733 734 734 735
709 710 711 736 737 737 738 739 740 715 716 741 741 718 742 719 743 744 720 745 745 721 746 747 748 748 723 749 750 751 726 752 753 754 728 729 730 755 756 756 732 757 757 758 759 760 761 761 762 762
763 763 764 765 765 766 767 739 740 768 769 769 770 770 742 771 743 772 772 773 774 774 746 747 775 776 777 749 750 751 778 778 753 754 779 780 781 781 782 783 784 784 785 786 759 760 787 787 788 789
790 791 764 792 792 793 767 794 794 768 795 796 797 798 799 771 800 801 801 773 802 803 804 805 775 776 777 806 807 807 808 809 810 810 779 780 811 811 782 812 813 813 785 786 814 815 816 817 788 789
790 791 818 819 819 793 820 821 822 823 824 796 797 798 799 825 825 826 827 828 802 803 804 829 829 830 830 831 831 832 808 833 833 834 834 835 835 836 836 812 837 837 838 839 814 815 816 817 840 840
841 842 842 843 843 844 820 821 822 845 824 846 846 847 847 848 849 826 827 828 850 850 851 852 852 853 853 854 855 855 856 857 858 858 859 860 861 862 862 863 864 864 838 839 865 866 867 867 868 869
841 870 870 871 872 872 873 873 874 845 875 876 876 877 878 878 849 879 879 880 881 882 851 883 884 885 886 887 888 889 889 857 890 891 891 860 861 892 892 893 893 894 895 895 865 896 897 897 868 869
898 899 900 871 901 902 902 903 903 904 904 905 906 877 907 907 908 909 910 910 881 911 912 883 884 885 913 887 888 914 915 915 890 916 916 917 917 918 918 919 919 894 920 920 921 896 922 923 923 924
898 899 900 925 901 926 927 928 928 929 930 905 906 931 932 932 908 909 933 933 934 911 912 935 936 937 913 938 938 939 939 940 941 941 942 943 944 944 945 946 946 947 948 949 950 950 922 951 951 924
952 953 953 925 954 926 927 955 956 929 930 957 957 958 958 959 960 961 961 962 934 963 963 935 936 937 964 965 965 966 967 940 968 968 942 943 969 970 971 972 972 947 948 949 973 974 974 975 976 976
977 978 979 980 980 981 982 955 956 983 984 985 986 987 988 959 989 989 990 962 991 991 992 992 993 994 964 995 996 966 997 997 998 999 999 1000 969 970 971 1001 1001 1002 1002 1003 973 1004 1005 975 1006 1007
977 978 979 1008 1009 981 982 1010 1011 983 984 985 986 987 1012 1013 1013 1014 990 1015 1015 1016 1017 1018 993 994 1019 995 996 1020 1021 1021 998 1022 1022 1000 1023 1023 1024 1024 1025 1026 1027 1003 1028 1004 1029 1029 1006 1007
1030 1031 1031 1008 1009 1032 1033 1034 1011 1035 1035 1036 1037 1037 1012 1038 1039 1039 1040 1041 1042 1016 1017 1018 1043 1043 1019 1044 1044 1020 1045 1045 1046 1047 1048 1048 1049 1049 1050 1050 1025 1026 1027 1051 1052 1052 1053 1054 1055 1056
1057 1057 1058 1058 1059 1032 1033 1034 1060 1060 1061 1036 1062 1063 1063 1038 1064 1064 1040 1041 1042 1065 1065 1066 1067 1067 1068 1069 1070 1071 1072 1073 1046 1047 1074 1074 1075 1075 1076 1076 1077 1077 1078 1051 1079 1079 1053 1054 1055 1056
1080 1080 1081 1081 1082 1083 1084 1084 1085 1086 1086 1087 1062 1088 1088 1089 1090 1091 1091 1092 1093 1094 1095 1066 1096 1096 1068 1069 1097 1071 1072 1098 1099 1099 1100 1100 1101 1102 1103 1103 1104 1105 1105 1106 1106 1107 1108 1108 1109 1110
1111 1111 1112 1112 1082 1083 1113 1113 1085 1114 1115 1116 1116 1117 1118 1118 1090 1119 1120 1092 1093 1094 1121 1122 1123 1123 1124 1124 1097 1125 1125 1098 1126 1127 1128 1129 1101 1130 1131 1132 1104 1133 1134 1135 1136 1107 1137 1137 1138 1110
1139 1140 1141 1141 1142 1143 1143 1144 1144 1145 1115 1146 1146 1147 1147 1148 1149 1119 1120 1150 1151 1151 1121 1122 1152 1152 1153 1154 1155 1156 1157 1158 1126 1127 1128 1159 1160 1130 1161 1132 1162 1133 1134 1135 1163 1163 1164 1164 1138 1165
1139 1166 1166 1167 1167 1168 1169 1170 1171 1145 1172 1173 1173 1174 1175 1148 1149 1176 1176 1150 1177 1178 1178 1179 1180 1181 1153 1154 1155 1182 1157 1183 1184 1185 1186 1159 1160 1187 1161 1188 1162 1189 1190 1191 1192 1192 1193 1194 1195 1196
1197 1198 1198 1199 1199 1168 1169 1170 1200 1201 1202 1202 1203 1174 1175 1204 1204 1205 1206 1206 1207 1207 1208 1209 1180 1181 1210 1211 1211 1182 1212 1183 1184 1185 1213 1213 1214 1187 1215 1188 1216 1216 1190 1191 1217 1218 1193 1194 1195 1196
1197 1219 1219 1220 1220 1221 1222 1223 1200 1201 1224 1225 1203 1226 1227 1227 1228 1205 1229 1229 1230 1231 1208 1209 1232 1233 1233 1234 1235 1235 1212 1236 1236 1237 1237 1238 1214 1239 1215 1240 1241 1241 1242 1243 1217 1244 1244 1245 1245 1246
1247 1247 1248 1249 1250 1221 1222 1223 1251 1251 1224 1225 1252 1226 1253 1253 1254 1254 1255 1255 1230 1231 1256 1257 1232 1258 1259 1260 1260 1261 1261 1262 1262 1263 1263 1264 1264 1239 1265 1265 1266 1267 1242 1243 1268 1268 1269 1269 1270 1271
1272 1273 1273 1249 1250 1274 1275 1275 1276 1276 1277 1278 1252 1279 1279 1280 1280 1281 1282 1282 1283 1283 1256 1257 1284 1284 1259 1285 1286 1286 1287 1288 1288 1289 1290 1290 1291 1292 1293 1294 1266 1267 1295 1295 1296 1297 1298 1299 1270 1271
1272 1300 1301 1302 1303 1274 1304 1304 1305 1305 1277 1278 1306 1306 1307 1308 1309 1281 1310 1311 1311 1312 1313 1313 1314 1315 1316 1285 1317 1317 1287 1318 1318 1289 1319 1320 1321 1292 1293 1294 1322 1323 1323 1324 1324 1297 1298 1325 1326 1327
1328 1300 1301 1302 1303 1329 1330 1330 1331 1331 1332 1332 1333 1333 1307 1308 1309 1334 1310 1335 1335 1312 1336 1336 1314 1315 1316 1337 1338 1338 1339 1339 1340 1340 1319 1320 1321 1341 1342 1342 1322 1343 1343 1344 1344 1345 1345 1325 1326 1327
88 46 64 59 9 75 87 13 83 81 34 97 35 96 89 46 46 21 16 62 18 46 79 22 28 35 62 5 50 2 33 6 21 17 80 67 60 5 62 50 86 67 42 20 44 88 33 29 78 74
84 84 54 1 8 20 39 78 58 60 43 83 61 1 87 54 19 91 25 91 49 51 57 91 74 53 80 56 80 2 15 51 47 97 47 18 11 56 43 40 71 57 87 40 37 89 98 67 14 88
58 84 46 81 93 92 12 48 48 24 24 66 84 89 21 41 98 27 13 15 26 73 50 50 69 88 30 24 85 4 27 98 19 7 70 3 99 87 92 3 8 24 64 85 87 90 93 27 93 8
33 80 40 65 72 41 64 83 28 7 60 48 56 9 33 28 43 19 3 97 48 76 76 86 60 84 3 46 25 83 67 82 17 52 94 57 2 65 61 40 51 9 60 93 91 98 40 8 31 91
86 75 83 9 56 31 4 73 81 16 46 54 55 70 86 93 44 1 20 77 17 63 52 95 31 97 93 23 22 99 35 94 50 41 78 11 16 24 31 86 50 37 90 7 91 31 11 99 80 21
81 14 1 85 97 54 24 22 37 7 81 10 17 27 7 83 58 42 86 69 58 24 93 38 66 91 75 34 14 92 95 3 60 59 86 10 90 60 49 36 70 63 36 94 38 66 70 88 47 39
58 18 84 19 14 70 94 37 0 95 98 37 39 35 60 94 39 70 51 16 64 65 51 12 24 51 4 36 54 87 79 23 49 94 34 61 73 69 3 92 72 15 34 4 55 0 72 75 64 59
37 86 52 16 75 41 44 55 45 78 6 38 83 70 16 66 22 19 26 6 19 75 18 67 10 23 86 72 85 29 17 17 88 9 13 70 58 27 71 10 92 58 41 70 6 87 47 59 20 8
35 45 98 46 59 43 83 36 7 64 20 77 68 82 83 73 83 0 82 18 13 87 69 15 37 84 0 71 40 35 5 19 12 37 42 69 82 20 18 23 74 84 65 87 34 48 73 3 53 4
18 61 12 60 91 24 93 17 87 71 52 86 70 13 11 5 73 25 85 82 85 83 66 10 21 34 30 52 76 50 25 42 25 45 79 17 34 26 42 24 89 70 92 84 54 10 18 33 60 5
23 32 39 72 84 48 9 22 36 83 16 52 38 36 69 28 2 81 10 11 8 0 53 50 85 25 88 85 11 29 68 29 54 8 90 67 5 78 44 22 96 72 34 10 85 60 35 47 81 46
46 74 15 95 87 5 97 8 91 95 84 27 84 47 52 14 48 70 0 20 32 58 18 86 79 30 43 81 65 59 32 53 71 85 16 83 73 6 50 59 55 45 59 61 57 41 56 35 26 82
48 19 70 20 47 97 79 1 17 28 63 93 51 77 4 78 31 18 76 44 89 64 24 8 91 14 95 88 28 57 87 14 25 52 74 91 76 45 59 34 30 33 63 48 9 39 96 80 89 80
79 39 56 99 42 56 45 68 29 58 62 44 0 9 73 94 17 62 89 47 64 49 76 29 0 43 3 14 16 51 21 74 17 44 61 17 79 62 50 29 39 99 83 50 46 58 43 55 18 36
0 40 15 13 75 36 5 49 61 52 23 72 72 53 42 65 26 70 71 37 94 94 73 97 62 9 11 74 66 89 73 23 77 59 68 57 27 91 29 22 15 72 48 11 23 53 53 60 37 86
90 67 19 12 87 40 40 33 47 12 56 14 96 31 32 80 31 92 71 5 79 51 19 7 9 23 55 30 0 24 31 57 62 66 72 80 49 35 19 48 38 75 41 56 40 7 75 42 27 25
3 34 94 25 21 2 74 33 66 79 12 25 44 76 93 74 6 98 61 81 42 3 93 61 51 22 91 32 61 73 97 71 66 12 25 95 38 18 81 89 36 41 99 1 45 58 75 18 88 34
90 5 62 91 4 91 84 49 49 2 80 81 4 75 32 97 16 17 24 12 86 0 66 73 34 27 91 56 24 30 24 85 38 74 19 29 5 56 34 70 99 88 75 92 12 77 41 67 35 91
6 17 91 29 41 84 33 30 96 80 47 47 24 90 11 34 91 24 94 60 34 63 25 64 56 79 6 19 57 39 57 11 6 95 15 44 23 48 69 86 80 78 98 87 64 52 86 59 67 37
41 10 49 34 54 25 62 19 86 48 78 92 99 57 17 10 85 91 70 6 54 73 98 17 69 25 11 56 76 79 40 95 87 77 46 1 55 82 39 8 52 68 52 20 1 28 47 46 71 40
68 88 98 15 31 20 48 84 12 90 16 27 73 51 82 21 71 14 55 7 76 65 26 12 35 5 2 94 27 5 41 64 87 96 23 21 1 61 51 18 73 65 3 59 10 52 7 63 35 42
23 17 36 56 44 29 86 94 57 61 10 98 70 81 81 30 88 59 90 34 81 40 8 9 30 39 65 38 49 20 25 47 47 5 24 45 8 52 78 82 8 42 7 9 0 58 54 35 82 41
15 78 17 17 41 46 39 32 35 74 28 37 11 19 43 70 52 18 13 32 8 42 15 4 88 12 87 15 42 14 51 55 2 9 78 84 9 7 50 5 42 43 66 10 10 73 71 4 30 26
62 15 80 33 70 64 17 73 9 40 38 85 46 45 35 29 22 43 95 46 65 43 19 44 19 78 2 86 94 92 55 11 79 35 92 89 63 81 44 77 47 29 77 43 72 23 58 82 80 20
54 28 47 36 93 93 20 16 83 66 53 25 42 83 64 6 67 3 63 18 43 19 19 79 84 14 68 35 50 13 45 84 38 43 65 78 30 39 2 4 33 79 88 7 12 46 64 26 3 48
14 16 35 64 72 77 58 50 2 52 33 30 20 13 54 48 4 65 55 46 76 35 6 79 74 92 70 7 85 14 43 78 81 15 5 96 1 12 51 56 79 1 16 42 77 9 69 89 28 55
66 2 58 30 5 51 1 23 38 99 47 89 24 11 14 97 96 67 88 88 60 21 87 74 18 60 34 27 17 59 4 77 66 98 78 57 98 27 66 17 3 20 45 30 8 71 45 94 92 54
30 41 4 39 98 56 27 19 25 55 34 10 92 35 30 40 35 86 79 57 41 54 8 5 23 72 56 98 54 69 86 24 18 45 65 92 81 63 46 63 79 94 33 4 89 36 82 65 53 92
97 31 54 1 55 94 94 32 96 36 66 79 19 26 87 95 27 84 36 27 41 81 24 98 22 39 43 30 5 8 0 45 19 14 76 31 77 23 23 80 82 89 24 29 19 21 56 21 47 78
31 66 83 31 52 44 20 30 32 11 35 54 89 61 42 15 47 76 14 3 9 98 12 76 43 83 57 54 49 27 47 9 78 39 79 10 4 24 58 11 98 68 65 81 20 92 57 58 9 40
59 54 86 28 16 69 12 92 33 44 10 24 96 95 8 21 98 60 77 11 38 62 88 37 59 61 36 1 80 36 5 65 25 95 35 41 42 55 44 73 11 52 96 91 85 73 2 90 47 72
18 18 20 32 8 15 21 11 6 20 69 50 74 35 34 9 85 25 85 60 85 8 40 73 61 46 67 87 95 31 72 99 0 91 8 43 95 97 71 72 61 37 36 12 45 64 4 47 40 69
67 83 63 6 70 93 8 65 58 82 82 34 15 39 2 75 11 74 30 46 21 22 79 89 79 40 93 87 2 76 76 40 91 21 97 96 24 16 79 78 81 71 35 4 4 25 79 68 46 85
72 20 81 0 20 83 50 5 50 18 32 38 5 91 28 98 68 16 79 22 37 53 93 69 92 20 80 16 62 6 90 92 34 92 94 87 40 49 6 70 77 83 12 86 37 56 31 47 41 8
65 82 99 23 56 18 58 86 48 29 71 90 33 58 5 40 44 61 54 6 99 71 52 94 78 84 33 21 58 47 64 43 39 56 7 45 60 25 54 76 95 20 87 51 64 34 99 76 87 39
83 27 93 39 41 25 85 57 43 46 69 51 72 74 45 64 13 27 6 11 59 82 40 74 44 59 18 44 76 27 39 30 53 72 89 74 65 39 73 61 6 54 55 50 51 31 12 19 60 47
96 29 63 91 32 28 78 89 7 98 74 79 82 67 34 84 84 51 82 31 20 96 83 96 83 2 63 59 90 55 64 44 40 48 66 55 35 86 40 22 94 54 87 30 67 10 86 63 60 0
20 51 50 4 89 22 91 99 5 8 78 99 46 98 88 97 10 53 91 94 92 36 50 46 68 45 49 10 60 10 54 9 1 88 16 75 31 96 83 48 63 99 33 30 37 2 12 0 45 97
4 97 61 27 44 5 3 16 24 10 5 5 10 57 30 20 17 32 2 94 99 71 97 59 11 68 34 98 8 27 87 96 75 56 64 99 27 26 79 75 10 97 23 57 9 97 19 10 90 3
36 41 79 99 31 63 14 62 78 17 83 69 32 88 49 30 34 30 92 44 57 77 15 8 21 53 2 48 43 70 25 47 92 47 94 0 84 66 64 50 65 60 61 43 11 5 24 59 70 69
57 60 52 47 50 44 44 67 17 34 72 9 18 91 7 77 54 42 5 62 76 74 33 13 88 99 50 5 68 64 77 60 45 42 68 66 13 97 48 29 13 11 77 6 64 38 4 8 28 54
54 78 87 58 68 44 83 42 62 76 22 99 21 94 96 52 59 43 54 16 30 46 57 70 46 55 61 28 94 66 14 68 86 82 96 72 63 55 29 98 38 23 92 5 35 56 18 73 37 42
37 3 9 62 52 70 53 81 10 90 52 10 65 93 48 84 80 95 99 14 13 42 96 76 29 92 61 96 74 66 96 66 75 83 25 74 95 33 22 88 3 22 51 79 33 66 76 72 69 89
27 31 12 11 93 85 68 62 81 79 76 42 53 41 78 62 6 72 39 40 7 86 59 19 98 35 67 68 36 99 78 18 93 84 14 45 72 31 91 81 6 34 72 82 24 97 55 60 96 51
69 74 19 13 20 12 32 99 60 19 93 81 61 26 81 1 7 39 80 82 80 43 58 65 8 93 38 9 90 83 3 95 13 88 73 93 32 44 63 93 83 96 50 21 41 78 0 75 5 76
60 41 8 90 3 89 25 8 47 48 32 87 42 33 58 64 18 56 20 66 80 67 40 0 2 61 75 87 74 88 22 5 87 7 51 67 81 28 53 91 57 50 98 76 50 61 91 97 96 43
19 21 27 90 41 59 9 93 13 57 52 69 44 85 68 27 69 29 42 41 9 74 4 40 65 16 35 58 96 23 38 28 82 17 15 16 75 34 10 76 80 70 16 54 60 52 72 27 48 61
8 54 68 39 78 90 59 96 59 93 0 93 89 43 71 77 63 5 35 83 79 85 55 7 24 4 5 89 47 86 91 52 29 8 29 89 56 75 58 51 19 49 68 19 17 19 53 89 27 85
26 73 49 37 32 61 24 5 35 67 58 61 27 12 49 85 6 35 19 54 60 31 61 50 55 16 18 46 65 34 61 68 98 28 15 71 62 72 98 39 23 9 37 70 25 13 96 9 13 1
60 44 69 63 18 53 97 24 41 21 48 64 80 50 58 37 94 30 22 78 74 65 10 31 25 49 24 67 0 3 19 31 80 1 68 60 22 43 88 67 42 75 49 2 77 13 33 82 24 4
