35 2
0 0 1 2 3 4 4 5 6 6 7 8 8 9 9 10 11 12 12 13 14 15 15 16 17 18 19 20 21 21 22 22 23 24 24 25 25 26 26 27 27 28 28 29 30 31 32 32 33 33
34 34 35 2 3 36 37 38 39 39 7 40 40 41 41 10 11 42 43 13 14 44 45 16 17 18 19 20 46 47 48 48 49 50 51 52 52 53 54 54 55 56 57 29 30 58 58 59 60 60
61 61 35 62 62 36 63 38 64 64 65 66 66 67 68 69 70 42 71 72 73 73 45 74 74 75 75 76 77 47 78 78 49 50 51 79 80 81 81 82 55 56 57 83 84 85 86 59 87 87
88 89 90 90 91 92 63 93 94 94 95 96 96 67 68 69 70 97 71 98 99 99 100 100 101 102 102 103 77 104 104 105 106 107 107 108 80 109 109 82 110 110 111 83 84 85 112 113 114 114
115 89 116 116 91 117 117 93 118 118 95 119 120 121 122 123 123 124 125 98 126 127 128 129 101 130 130 103 131 132 133 105 106 134 134 108 135 135 136 137 138 139 111 140 140 141 112 142 142 143
115 144 144 145 146 146 147 147 148 149 150 119 120 121 122 151 152 124 125 153 126 127 128 154 154 155 155 156 131 132 133 157 157 158 158 159 159 160 136 161 138 139 162 163 164 164 165 165 166 143
167 168 169 169 170 171 172 173 148 149 150 174 175 175 176 151 152 177 178 153 179 180 181 181 182 182 183 184 184 185 185 186 187 188 188 189 189 190 190 161 191 191 162 192 192 193 193 194 166 195
167 168 196 197 197 171 198 173 199 199 200 174 201 201 202 202 203 177 204 204 205 180 206 207 207 208 209 210 210 211 211 186 187 212 213 214 215 215 216 216 217 218 219 219 220 220 221 222 223 195
224 224 196 225 225 226 198 227 227 228 229 230 230 231 231 232 203 233 234 235 205 236 236 237 237 208 209 238 238 239 239 240 240 212 213 214 241 241 242 242 217 218 243 244 245 245 221 222 223 246
247 247 248 249 249 250 250 251 252 228 229 253 254 255 256 257 257 233 234 235 258 259 259 260 260 261 262 263 264 264 265 266 266 267 267 268 268 269 269 270 271 272 243 273 273 274 274 275 276 276
277 277 248 278 278 279 279 251 252 280 281 282 254 255 283 283 284 285 286 287 258 288 289 289 290 261 262 263 291 291 292 293 293 294 295 296 296 297 297 270 271 272 298 298 299 300 300 275 301 301
302 303 304 304 305 306 307 307 308 280 281 282 309 309 310 311 284 285 286 287 312 288 313 313 290 314 314 315 316 316 292 317 317 294 295 318 319 319 320 320 321 322 323 324 299 325 326 326 327 327
328 303 329 329 305 306 330 331 331 332 332 333 334 334 310 311 335 335 336 336 312 337 338 339 340 341 341 342 343 343 344 344 345 345 346 346 347 347 348 349 350 322 323 324 351 351 352 353 353 354
328 355 355 356 356 357 358 359 360 360 361 361 362 362 363 364 364 365 366 367 368 368 338 339 340 369 370 342 371 371 372 373 374 374 375 376 377 377 348 349 350 378 379 380 381 381 352 382 382 354
383 384 384 385 385 357 358 386 386 387 388 389 390 391 363 392 393 365 366 394 395 395 396 397 397 369 370 398 399 399 372 400 400 401 401 376 402 402 403 404 405 378 379 406 406 407 407 408 408 409
410 410 411 412 412 413 413 414 414 387 415 389 390 391 416 392 417 417 418 394 419 420 396 421 421 422 422 423 423 424 425 425 426 426 427 427 428 429 430 404 405 431 432 433 433 434 435 436 436 437
438 438 411 439 439 440 440 441 442 442 415 443 443 444 445 446 447 447 418 448 448 420 449 450 450 451 451 452 453 424 454 455 456 457 458 458 428 429 430 459 459 431 432 460 460 434 461 461 462 437
463 464 465 466 467 467 468 441 469 470 471 471 472 444 445 446 473 474 474 475 475 476 449 477 478 478 479 452 453 480 481 455 456 457 482 482 483 483 484 485 485 486 486 487 488 488 489 489 462 490
463 464 465 466 491 492 493 494 469 470 495 495 472 496 497 498 498 499 499 500 500 501 502 502 503 503 504 505 506 480 481 507 508 508 509 510 510 511 511 512 512 513 514 514 515 516 516 517 518 518
519 519 520 520 491 492 493 494 521 522 523 523 524 496 525 525 526 527 527 528 528 501 529 530 530 531 504 532 506 533 533 507 534 535 509 536 536 537 537 538 539 540 541 542 515 543 544 517 545 545
546 547 548 548 549 549 550 551 521 552 553 553 524 554 555 556 526 557 558 558 559 559 560 560 561 531 562 532 563 564 564 565 534 535 566 567 568 568 569 538 539 540 541 542 570 543 571 571 572 572
546 573 574 574 575 576 550 551 577 552 578 579 579 554 555 580 581 582 582 583 584 585 585 586 561 587 588 588 563 589 590 590 591 592 566 593 594 595 569 596 597 597 598 598 599 600 600 601 601 602
603 573 604 604 575 605 606 607 607 608 578 609 610 610 611 580 612 613 613 583 614 614 615 616 617 618 619 620 620 589 621 621 591 592 622 593 594 595 623 596 624 624 625 626 599 627 627 628 629 602
603 630 631 632 632 605 633 633 634 634 635 609 636 637 611 638 612 639 639 640 640 641 615 616 617 618 619 642 642 643 644 645 645 646 622 647 647 648 649 649 650 650 625 626 651 651 652 652 629 653
654 630 631 655 656 656 657 657 658 658 659 660 636 637 661 638 662 662 663 664 664 665 665 666 667 667 668 669 669 643 670 671 672 646 673 673 674 674 675 675 676 676 677 678 678 679 680 680 681 653
654 682 683 655 684 684 685 686 686 687 659 660 688 689 689 690 691 691 692 693 693 694 695 666 696 697 668 698 699 699 670 671 672 700 701 701 702 702 703 703 704 705 705 706 707 679 708 708 681 709
710 682 683 711 712 712 685 713 713 714 714 715 688 716 716 690 717 717 692 718 719 694 695 720 696 697 721 698 722 723 723 724 725 700 726 727 727 728 728 729 729 730 731 706 707 732 732 733 734 709
710 735 736 737 738 738 739 740 741 742 743 743 744 744 745 745 746 747 747 718 748 748 749 720 750 751 721 752 722 753 753 724 725 754 754 755 756 757 757 758 759 759 731 760 760 761 761 762 734 763
764 735 736 737 765 765 739 740 741 742 766 767 768 768 769 770 771 772 773 773 774 774 749 775 750 751 776 752 777 778 779 780 781 782 783 783 756 784 785 758 786 786 787 788 789 790 791 762 792 763
793 793 794 794 795 796 797 798 798 799 799 767 800 801 769 770 771 772 802 803 803 804 805 775 806 806 776 807 807 778 779 780 808 782 809 809 810 810 785 811 812 813 787 788 789 790 814 815 816 816
817 817 818 818 795 796 797 819 820 821 822 822 800 823 823 824 824 825 825 826 827 804 828 829 829 830 831 832 833 834 834 835 808 836 836 837 837 838 838 811 812 813 839 839 840 840 814 841 842 842
843 844 844 845 846 846 847 848 820 849 849 850 851 851 852 852 853 853 854 826 855 855 828 856 856 830 831 832 857 857 858 858 859 859 860 860 861 862 862 863 864 865 865 866 867 867 868 841 869 870
843 871 872 845 873 874 847 848 875 876 876 850 877 878 879 880 880 881 881 882 883 884 884 885 885 886 887 887 888 889 889 890 891 892 893 893 894 894 895 863 864 896 896 866 897 898 899 900 869 870
901 871 902 903 904 874 905 905 906 907 908 908 877 878 909 910 911 911 912 912 883 913 914 914 915 886 916 917 888 918 918 890 891 892 919 919 920 921 921 922 922 923 924 924 897 898 899 900 925 925
901 926 902 903 904 927 928 928 906 907 929 929 930 930 909 910 931 932 933 933 934 913 935 936 936 937 937 917 938 939 939 940 940 941 941 942 920 943 943 944 944 923 945 946 947 948 949 949 950 951
952 953 953 954 955 955 956 957 957 958 959 959 960 961 962 963 931 964 965 966 934 967 935 968 968 969 969 970 938 971 972 972 973 973 974 942 975 975 976 976 977 978 979 946 947 948 980 981 950 951
952 982 982 983 983 984 984 985 985 958 986 987 960 961 962 963 988 964 965 989 989 967 990 991 991 992 992 970 993 994 994 995 996 997 997 998 999 999 1000 1000 977 978 979 1001 1002 1002 980 1003 1004 1005
1006 1007 1008 1009 1009 1010 1010 1011 1011 1012 986 987 1013 1014 1014 1015 988 1016 1017 1017 1018 1019 990 1020 1020 1021 1022 1023 993 1024 1024 995 996 1025 1025 1026 1026 1027 1028 1029 1030 1031 1032 1001 1033 1033 1034 1003 1004 1005
1006 1007 1035 1035 1036 1036 1037 1037 1038 1038 1039 1040 1040 1041 1041 1015 1042 1043 1043 1044 1018 1019 1045 1046 1046 1021 1022 1023 1047 1048 1049 1049 1050 1051 1052 1052 1053 1027 1028 1029 1030 1031 1054 1055 1055 1056 1057 1058 1059 1059
1060 1061 1062 1063 1063 1064 1065 1066 1066 1067 1039 1068 1068 1069 1069 1070 1071 1072 1073 1074 1074 1075 1045 1076 1077 1077 1078 1079 1047 1048 1080 1081 1050 1051 1082 1082 1053 1083 1083 1084 1084 1085 1054 1086 1087 1056 1057 1058 1088 1089
1060 1090 1062 1091 1091 1064 1065 1092 1093 1093 1094 1094 1095 1095 1096 1070 1071 1097 1073 1098 1098 1075 1099 1076 1100 1100 1078 1079 1101 1101 1080 1081 1102 1103 1103 1104 1104 1105 1106 1106 1107 1107 1108 1086 1087 1109 1110 1110 1088 1111
1112 1090 1113 1114 1114 1115 1115 1116 1116 1117 1118 1118 1119 1119 1120 1121 1121 1097 1122 1123 1124 1124 1099 1125 1126 1127 1127 1128 1129 1129 1130 1130 1102 1131 1131 1132 1132 1105 1133 1133 1134 1134 1108 1135 1135 1136 1137 1138 1138 1111
1112 1139 1139 1140 1140 1141 1142 1143 1143 1117 1144 1145 1146 1146 1120 1147 1147 1148 1122 1123 1149 1150 1150 1151 1126 1152 1153 1154 1155 1156 1157 1157 1158 1159 1159 1160 1160 1161 1162 1163 1164 1164 1165 1165 1166 1136 1137 1167 1167 1168
1169 1170 1170 1171 1172 1172 1142 1173 1174 1174 1144 1145 1175 1175 1176 1177 1177 1178 1178 1179 1180 1181 1181 1151 1182 1152 1153 1154 1155 1156 1183 1183 1184 1184 1185 1186 1186 1161 1162 1163 1187 1188 1189 1190 1166 1191 1192 1193 1193 1168
1169 1194 1195 1195 1196 1196 1197 1198 1199 1200 1200 1201 1201 1202 1176 1203 1204 1204 1205 1179 1180 1206 1206 1207 1208 1209 1209 1210 1210 1211 1211 1212 1213 1213 1214 1215 1216 1216 1217 1217 1187 1188 1189 1190 1218 1219 1192 1220 1221 1221
1222 1194 1223 1223 1224 1224 1197 1198 1199 1225 1225 1226 1226 1227 1227 1203 1228 1228 1205 1229 1229 1230 1230 1207 1208 1231 1231 1232 1232 1233 1233 1212 1234 1235 1214 1215 1236 1236 1237 1238 1239 1240 1240 1241 1218 1219 1242 1243 1243 1244
1222 1245 1245 1246 1246 1247 1248 1248 1249 1250 1251 1252 1252 1253 1254 1255 1255 1256 1257 1258 1258 1259 1260 1261 1261 1262 1262 1263 1263 1264 1264 1265 1234 1266 1267 1267 1268 1268 1237 1238 1239 1269 1269 1270 1270 1271 1242 1272 1272 1273
1274 1275 1275 1276 1277 1277 1278 1278 1279 1250 1251 1280 1280 1253 1254 1281 1281 1282 1257 1283 1283 1259 1284 1284 1285 1286 1287 1287 1288 1289 1290 1265 1291 1266 1292 1293 1293 1294 1294 1295 1296 1297 1297 1298 1298 1271 1299 1300 1300 1273
1274 1301 1302 1276 1303 1304 1305 1305 1279 1306 1307 1308 1309 1310 1310 1311 1312 1282 1313 1314 1315 1316 1316 1317 1285 1318 1319 1319 1288 1289 1290 1320 1321 1322 1292 1323 1323 1324 1324 1295 1325 1325 1326 1327 1328 1328 1299 1329 1330 1331
1332 1301 1333 1333 1303 1304 1334 1335 1335 1306 1307 1308 1309 1336 1336 1311 1312 1337 1313 1314 1315 1338 1338 1339 1339 1318 1340 1340 1341 1342 1342 1320 1321 1322 1343 1343 1344 1345 1345 1346 1347 1347 1326 1327 1348 1349 1349 1329 1330 1331
49 60 32 48 18 62 40 83 31 94 28 75 3 90 83 61 31 3 60 56 44 29 82 0 7 87 95 38 8 42 81 41 59 42 31 1 77 27 3 77 16 51 98 8 19 55 59 85 80 99
91 63 89 5 10 35 90 41 26 96 72 56 68 6 34 9 61 70 1 5 25 22 27 14 17 49 73 9 27 32 96 92 63 41 59 36 87 83 61 42 3 29 13 46 21 45 2 93 41 78
89 49 22 21 41 48 73 11 69 61 17 72 71 62 28 58 78 51 52 67 67 58 62 48 43 72 2 20 85 9 35 27 3 88 14 65 75 82 73 24 89 37 57 43 58 94 94 35 16 41
46 2 87 8 13 78 67 76 34 73 26 45 44 96 55 94 38 75 64 2 61 35 41 43 46 73 59 74 5 64 30 11 86 6 41 3 81 66 79 88 12 88 5 44 41 74 55 94 76 70
58 35 58 83 91 20 67 76 10 48 21 91 13 91 54 0 23 2 92 49 26 60 50 45 72 86 79 65 98 70 49 18 17 73 89 74 24 91 68 20 82 3 59 74 11 89 73 33 8 66
17 45 94 47 16 23 82 4 1 88 57 46 73 98 55 81 52 32 92 92 92 26 60 2 34 68 14 3 47 80 96 46 0 10 18 65 12 60 84 39 72 66 17 62 77 63 34 20 86 93
97 12 27 32 24 43 51 3 84 56 84 8 98 99 67 20 10 63 12 76 47 8 97 26 94 10 76 11 84 77 18 45 62 30 26 3 70 55 96 4 73 66 57 37 25 73 76 45 66 58
87 58 48 95 28 26 25 54 43 13 88 57 80 30 4 75 30 49 49 43 43 98 69 69 16 16 76 16 61 13 41 71 34 94 88 61 64 53 3 48 47 5 73 77 97 71 8 39 89 27
64 87 28 65 54 45 75 66 19 86 17 73 21 24 45 99 67 96 50 76 50 27 65 1 76 25 76 29 3 28 93 87 71 78 7 60 35 59 56 63 9 80 83 29 25 15 19 27 61 57
46 30 68 93 35 41 36 90 41 45 12 4 17 36 67 97 22 74 32 83 2 45 30 71 24 1 5 64 64 71 30 69 90 98 86 53 60 40 38 34 98 54 11 0 96 85 12 61 15 89
4 25 14 9 7 25 90 77 88 12 87 97 46 11 68 39 15 31 42 99 3 47 83 0 92 30 61 0 81 18 82 65 13 19 33 8 20 32 94 70 61 24 57 88 57 28 83 75 72 19
28 51 14 15 86 41 56 60 88 18 28 49 40 48 23 82 35 37 51 54 16 14 36 98 77 23 89 48 47 75 88 89 24 10 18 29 71 52 5 78 80 83 63 19 26 39 69 87 47 56
89 86 28 1 52 3 18 62 17 72 21 53 77 72 9 98 61 49 43 97 26 67 6 91 25 58 30 11 39 9 24 29 61 56 53 77 49 1 2 40 40 93 72 71 41 16 34 92 84 20
65 17 94 28 97 14 51 28 20 13 80 77 41 45 66 80 96 86 81 86 44 85 22 4 13 57 40 43 1 32 30 11 13 11 59 55 67 16 50 73 24 63 43 75 51 44 27 1 64 31
84 79 3 26 1 32 46 12 50 5 79 4 26 93 46 15 96 48 7 59 60 9 7 82 73 88 73 55 17 5 9 57 60 89 74 25 93 6 98 73 25 96 68 81 37 10 77 92 40 27
10 14 92 45 30 86 33 73 8 37 25 8 77 4 93 48 49 94 57 33 59 83 16 15 0 11 91 78 87 19 42 29 91 67 94 79 61 68 20 27 47 12 10 39 15 67 58 65 30 29
4 16 6 89 21 84 24 38 18 55 51 38 46 3 94 61 2 11 99 97 7 98 73 30 9 93 22 6 51 16 46 99 48 27 19 50 43 66 85 95 80 68 88 80 65 5 11 4 63 77
29 48 69 58 95 60 45 5 30 70 43 25 94 93 27 5 2 12 9 25 92 51 27 6 12 23 8 61 86 95 66 8 58 88 5 20 66 5 42 50 6 22 56 35 22 79 59 69 67 79
78 79 45 91 72 42 48 70 61 92 23 77 95 34 18 91 37 49 86 62 26 31 0 88 83 29 21 56 76 5 77 5 77 72 93 8 33 99 74 22 82 27 55 92 38 77 49 68 15 50
4 24 19 52 65 30 86 2 70 15 61 47 64 26 63 35 29 81 25 84 59 92 88 13 14 37 29 2 60 66 35 28 85 60 87 28 90 71 15 28 46 3 93 30 0 58 1 65 27 92
76 58 41 17 41 85 35 54 32 13 98 3 46 44 29 39 51 72 23 42 6 90 73 57 42 5 26 77 28 75 2 93 96 19 39 41 35 51 45 92 97 92 53 77 64 31 34 54 58 42
34 80 99 20 94 10 20 10 99 8 34 5 78 5 78 14 6 96 75 18 24 35 28 94 76 92 69 64 54 79 62 5 72 33 80 37 68 65 27 11 75 25 99 82 55 2 56 42 4 46
62 35 62 88 44 90 48 41 81 72 82 14 85 77 97 11 72 23 87 93 74 54 91 51 37 24 1 54 84 36 61 1 75 60 83 5 10 67 87 39 57 37 70 72 89 21 25 91 67 44
94 76 71 31 83 63 78 99 69 67 11 95 43 55 54 97 86 13 64 77 73 18 33 37 58 34 51 40 5 91 45 2 18 92 97 0 42 9 7 51 24 21 38 57 7 91 26 69 45 75
30 83 56 25 59 83 5 12 80 36 27 88 74 65 99 59 35 51 20 14 23 26 94 89 44 22 24 89 65 84 83 59 98 0 10 49 55 2 87 73 78 80 51 86 57 69 26 30 24 2
51 60 44 29 2 62 86 64 19 23 44 33 80 42 40 92 36 13 26 60 38 11 66 40 61 67 47 50 93 51 89 29 15 48 8 16 44 59 15 53 1 15 75 96 63 42 86 12 3 2
73 1 67 90 41 44 22 21 16 33 56 32 4 80 20 66 95 81 80 42 3 37 60 32 39 76 44 32 9 77 47 16 71 44 11 55 37 8 11 55 21 71 14 93 0 13 44 21 18 95
19 12 63 32 48 59 83 74 94 22 46 28 16 30 43 81 49 85 21 34 13 20 16 92 38 5 68 25 34 14 69 85 19 40 44 74 5 27 51 37 57 25 26 70 23 63 68 10 43 29
72 69 67 84 50 58 79 73 93 34 7 73 36 48 90 89 95 85 1 77 24 10 40 39 20 46 52 55 41 8 52 16 30 49 57 70 72 17 59 54 80 42 26 35 36 83 62 35 15 42
27 64 43 35 36 61 76 4 33 35 41 71 34 2 61 56 74 78 2 63 24 91 70 22 61 68 19 23 85 21 76 99 66 77 55 83 27 41 97 72 82 4 87 77 4 70 82 13 26 74
99 11 39 57 43 51 14 99 71 98 22 81 46 62 6 45 43 78 17 81 88 66 38 57 51 75 24 33 18 96 32 43 47 99 79 34 65 13 52 38 80 47 66 85 57 95 83 91 11 40
26 55 1 93 44 73 68 8 17 55 16 99 35 31 11 14 96 73 51 40 5 39 88 78 95 44 69 72 64 53 5 88 39 42 33 18 10 1 26 29 88 42 1 32 9 25 52 55 48 76
0 61 65 78 12 27 18 2 24 2 27 40 66 46 26 79 25 1 0 55 34 24 75 99 41 47 9 83 30 18 29 68 41 85 32 80 82 86 47 99 29 60 91 94 83 76 74 79 32 5
35 14 52 47 28 43 92 68 38 15 5 15 99 0 96 2 77 35 36 4 98 60 88 72 52 77 91 34 77 11 89 24 86 49 32 84 89 4 65 48 50 33 27 9 99 6 43 1 61 85
33 6 85 40 97 45 5 61 86 54 93 25 80 91 36 83 95 90 15 80 81 38 16 6 76 96 67 16 88 31 52 19 74 81 21 97 97 37 45 97 81 33 54 37 32 94 98 28 53 11
80 5 69 1 18 41 59 57 92 72 96 53 67 50 86 5 51 70 94 79 5 72 60 32 0 51 8 67 5 29 77 19 38 87 72 11 37 86 37 69 25 30 49 15 76 36 41 51 23 99
8 52 30 65 44 29 30 6 23 67 58 54 1 83 95 96 38 42 16 75 48 68 37 79 12 45 65 2 39 43 70 55 68 7 49 67 91 83 90 16 77 8 39 19 45 99 73 1 35 40
82 73 42 18 55 52 47 95 18 77 8 98 12 70 78 4 19 47 68 96 3 7 79 25 90 13 70 38 18 77 64 36 37 40 3 35 4 81 15 31 3 66 48 65 95 91 18 18 45 3
85 75 46 23 68 80 52 49 62 62 60 57 72 35 11 66 21 88 93 47 53 35 37 23 3 70 86 3 78 27 20 25 52 85 73 75 12 75 80 66 38 8 43 16 2 53 84 55 60 10
98 92 62 33 52 84 8 86 98 9 69 95 72 22 71 13 79 17 38 50 35 64 78 51 42 85 29 68 15 89 35 19 53 47 93 41 91 88 10 96 40 19 56 88 60 89 5 60 46 6
67 71 62 6 0 81 54 54 87 99 63 36 55 93 29 48 79 33 19 21 85 98 35 23 99 22 6 13 97 58 88 19 50 18 97 13 99 96 40 29 88 7 79 59 33 26 59 93 60 93
4 88 33 72 15 97 0 68 63 19 81 56 30 30 95 48 92 6 81 85 88 17 79 87 18 50 14 37 69 79 22 6 83 61 85 69 6 52 38 5 59 28 64 50 13 57 98 10 86 66
81 75 83 48 36 98 71 24 2 80 7 75 92 43 57 66 30 90 12 27 92 94 79 0 92 44 21 66 34 52 93 48 42 87 20 53 62 11 44 72 98 54 62 48 84 63 37 15 93 37
70 78 68 94 81 27 1 13 45 12 5 10 30 9 61 30 82 9 9 81 10 3 55 15 95 37 76 45 8 2 32 79 41 24 53 20 98 48 8 48 39 2 72 43 72 67 34 27 5 43
40 78 20 42 41 29 46 19 70 85 37 45 29 42 9 99 28 74 48 13 62 3 66 24 55 80 56 93 85 52 75 61 20 71 49 58 39 80 14 1 8 93 31 94 15 65 17 90 21 68
97 19 75 47 8 21 44 31 28 69 57 57 92 23 92 56 60 15 80 26 17 13 63 47 42 68 19 87 50 99 46 87 16 59 62 79 69 61 51 68 20 10 96 16 64 80 64 49 96 88
95 4 99 0 21 75 57 60 10 35 34 51 88 40 48 8 42 47 91 39 35 76 10 18 80 60 96 92 51 72 60 67 1 40 40 67 67 40 30 84 80 15 51 12 59 17 46 41 60 89
24 15 88 26 77 97 17 68 31 99 76 31 69 14 16 73 52 32 15 61 94 92 40 87 74 84 34 4 8 49 86 33 47 88 92 5 72 60 10 22 82 5 31 20 62 80 66 46 39 71
27 82 37 83 73 80 91 81 17 61 61 54 19 89 83 78 73 1 72 24 14 99 78 77 21 78 84 78 64 85 66 84 44 47 17 13 19 74 56 95 0 43 71 60 35 6 70 14 95 83
93 35 56 31 27 60 91 15 31 53 61 94 64 65 65 41 3 99 42 95 80 65 95 50 60 42 16 69 3 2 93 6 6 13 53 91 39 32 89 36 1 90 88 46 76 76 52 84 23 25
