0 34
0 1 1 2 2 3 3 4 4 5 6 7 7 8 8 9 10 10 11 11 12 13 14 14 15 16 17 17 18 18 19 20 21 21 22 22 23 23 24 24 25 26 26 27 28 28 29 29 30 31
0 32 32 33 34 35 35 36 36 37 6 38 39 40 40 9 41 42 42 43 12 13 44 44 15 45 45 46 46 47 19 20 48 49 50 51 51 52 53 53 25 54 54 27 55 56 56 57 58 31
59 59 60 60 34 61 61 62 62 37 63 63 39 64 65 65 41 66 66 43 67 67 68 68 69 69 70 70 71 72 72 73 48 49 50 74 75 52 76 77 78 79 80 81 55 82 83 57 58 84
85 86 87 88 88 89 89 90 91 91 92 93 93 94 95 96 96 97 98 98 99 99 100 101 101 102 103 104 105 106 106 73 107 108 109 110 75 111 111 77 78 79 112 81 113 82 114 114 115 115
85 86 116 116 117 117 118 90 119 120 92 121 121 94 95 122 122 97 123 123 124 124 100 125 125 102 126 104 105 127 128 129 107 108 109 110 130 131 131 132 133 134 112 135 135 136 137 137 138 138
139 140 140 141 141 142 118 143 119 120 144 145 146 147 148 149 149 150 151 152 152 153 153 154 155 155 126 156 156 127 128 129 157 157 158 158 159 160 161 162 133 163 163 164 164 165 165 166 167 167
139 168 169 170 170 142 171 171 172 172 144 145 146 147 148 173 173 150 151 174 175 176 177 154 178 179 179 180 181 182 183 183 184 184 185 186 159 160 161 162 187 187 188 189 189 190 190 166 191 192
193 193 169 194 195 196 197 198 199 200 200 201 202 203 204 204 205 206 207 208 175 176 209 209 178 210 211 180 181 182 212 212 213 213 185 186 214 214 215 215 216 216 217 218 218 219 219 220 220 192
221 221 222 223 195 196 224 198 199 225 225 226 202 203 227 228 205 206 207 208 229 230 231 232 233 234 211 235 236 237 238 238 239 240 241 241 242 243 243 244 245 245 217 246 247 248 249 250 251 251
252 253 222 223 254 254 224 255 256 257 258 226 259 259 227 228 260 260 261 262 229 230 231 232 233 234 263 264 236 265 266 266 267 240 268 269 270 271 272 244 273 274 275 246 247 248 249 276 276 277
252 278 278 279 279 280 280 255 281 257 258 282 283 284 284 285 286 287 261 262 288 288 289 290 291 291 263 264 292 265 293 294 267 295 268 269 270 271 272 296 297 274 298 298 299 300 301 301 302 277
303 304 305 305 306 307 308 308 281 309 309 282 283 310 310 285 286 287 311 311 312 312 289 313 313 314 314 315 292 316 293 317 318 295 319 320 321 322 322 296 297 323 324 325 299 326 326 327 327 328
303 329 329 330 331 307 332 332 333 333 334 334 335 335 336 336 337 337 338 338 339 340 340 341 341 342 342 343 343 344 344 317 318 345 346 320 321 347 347 348 349 323 324 350 351 352 352 353 354 354
355 356 356 330 331 357 358 358 359 360 361 362 362 363 364 364 365 366 366 367 339 368 369 369 370 371 372 372 373 374 374 375 375 345 346 376 377 377 378 348 349 379 380 350 351 381 382 383 384 385
386 386 387 387 388 357 389 389 359 360 361 390 390 363 391 391 365 392 393 367 394 368 395 396 370 371 397 398 373 399 400 401 402 403 404 405 405 406 406 407 408 379 409 410 410 381 382 383 384 411
412 412 413 413 414 415 416 416 417 417 418 418 419 419 420 420 421 392 393 422 423 424 424 396 425 425 426 398 427 427 400 401 402 428 404 429 430 431 432 407 408 433 409 434 434 435 435 436 437 411
438 438 439 439 414 415 440 441 442 442 443 444 444 445 446 446 421 447 447 422 423 448 449 450 450 451 426 452 453 453 454 455 455 428 456 456 430 431 432 457 457 433 458 458 459 460 460 436 437 461
462 463 463 464 465 465 440 441 466 466 467 467 468 469 469 470 471 471 472 473 473 448 449 474 474 451 475 475 476 477 454 478 479 479 480 480 481 482 483 484 484 485 486 486 459 487 488 489 490 491
462 492 493 464 494 495 496 496 497 498 499 500 468 501 502 470 503 503 472 504 504 505 505 506 506 507 508 509 509 477 510 478 511 512 512 513 481 482 483 514 514 515 515 516 517 487 488 489 490 491
518 492 519 520 494 521 521 522 497 498 499 500 523 501 502 524 524 525 525 526 526 527 528 528 529 507 530 530 531 532 532 533 511 534 534 513 535 535 536 537 538 538 539 516 517 540 540 541 542 543
544 544 519 545 546 547 548 522 549 550 551 552 552 553 553 554 554 555 555 556 556 527 557 557 529 558 558 559 559 560 560 561 561 562 563 563 564 564 565 537 566 567 539 568 569 570 571 572 542 543
573 573 574 545 575 547 576 577 549 550 551 578 579 579 580 581 582 583 583 584 584 585 585 586 587 587 588 589 590 590 591 591 592 592 593 593 594 594 565 595 566 567 596 568 569 597 571 572 598 598
599 600 600 601 575 602 576 577 603 604 604 578 605 606 580 581 582 607 607 608 608 609 610 586 611 611 588 589 612 613 614 614 615 616 617 618 619 619 620 620 621 621 622 622 623 597 624 624 625 626
627 627 628 629 629 602 630 631 603 632 633 634 605 606 635 636 636 637 638 639 639 640 610 641 641 642 643 644 612 613 645 645 646 616 617 647 647 648 649 650 651 651 652 653 654 655 656 656 657 626
658 658 659 660 661 662 630 663 663 632 633 664 665 666 635 667 668 668 638 669 670 640 671 671 672 642 643 644 673 673 674 675 646 676 677 678 678 648 649 650 679 680 680 653 654 655 681 681 657 682
683 684 659 660 661 662 685 686 686 687 688 664 665 666 689 667 690 690 691 669 670 692 692 693 672 694 694 695 695 696 674 675 697 697 677 698 698 699 700 701 702 702 703 703 704 705 706 707 708 708
683 684 709 710 711 711 712 713 714 714 688 715 715 716 689 717 718 719 691 720 721 722 722 693 723 723 724 724 725 726 727 727 728 728 729 730 730 699 700 701 731 731 732 732 704 733 706 707 734 734
735 735 709 736 737 737 712 738 738 739 739 740 741 716 742 717 718 743 744 720 721 745 746 747 747 748 749 749 725 726 750 750 751 752 729 753 754 754 755 756 757 758 759 760 760 733 761 761 762 763
764 765 765 736 766 766 767 767 768 769 769 740 770 770 771 772 772 743 744 773 773 745 746 774 775 776 777 778 778 779 780 781 751 752 782 753 783 783 784 756 785 758 786 786 787 787 788 788 789 763
764 790 791 792 793 793 794 794 768 795 795 796 796 797 771 798 799 799 800 800 801 802 803 774 804 776 777 805 805 779 780 781 806 807 807 808 809 809 784 810 785 811 811 812 813 814 815 816 789 817
818 818 791 792 819 819 820 820 821 822 822 823 823 824 825 798 826 826 827 827 828 802 803 829 804 830 831 832 833 834 834 835 806 836 837 838 839 840 840 810 841 842 843 812 844 814 815 816 845 845
846 847 847 848 849 850 851 851 821 852 852 853 854 824 825 855 855 856 857 857 828 858 859 860 861 861 831 832 862 863 864 864 865 836 837 838 839 866 867 867 841 842 868 869 844 870 871 871 872 873
846 874 874 848 849 850 875 876 877 878 879 853 854 880 880 881 881 856 882 883 884 858 859 860 885 885 886 886 862 863 887 887 865 888 889 889 890 890 891 891 892 892 868 869 893 870 894 895 895 873
896 897 897 898 898 899 875 900 877 878 901 901 902 903 904 904 905 906 906 883 907 907 908 909 910 911 912 912 913 913 914 914 915 916 916 917 917 918 918 919 920 920 921 921 922 922 894 923 924 924
925 925 926 927 927 899 928 900 929 929 930 930 902 931 931 932 933 933 934 934 935 935 908 909 910 936 936 937 937 938 939 940 940 941 942 942 943 944 944 919 945 946 947 948 948 949 949 923 950 951
952 952 926 953 954 954 928 955 955 956 956 957 958 959 960 961 962 962 963 964 965 966 966 967 967 968 969 970 970 938 939 971 971 941 972 973 973 974 974 975 945 946 947 976 977 978 979 979 950 951
980 981 982 983 983 984 984 985 985 986 986 957 958 959 960 961 987 987 963 964 965 988 989 989 990 991 969 992 993 994 995 995 996 996 972 997 998 999 999 975 1000 1000 1001 976 977 978 1002 1003 1004 1005
1006 981 1007 1008 1009 1009 1010 1010 1011 1011 1012 1012 1013 1014 1015 1016 1017 1018 1019 1019 1020 988 1021 1022 990 991 1023 1023 993 1024 1024 1025 1025 1026 1026 997 998 1027 1027 1028 1029 1029 1001 1030 1031 1031 1032 1003 1004 1005
1006 1033 1007 1008 1034 1034 1035 1035 1036 1036 1037 1038 1013 1014 1015 1016 1017 1018 1039 1040 1040 1041 1021 1022 1042 1042 1043 1044 1045 1045 1046 1047 1047 1048 1049 1050 1051 1052 1053 1054 1054 1055 1055 1056 1057 1057 1032 1058 1058 1059
1060 1033 1061 1062 1063 1064 1064 1065 1066 1066 1067 1038 1068 1068 1069 1069 1070 1071 1071 1072 1072 1073 1073 1074 1074 1075 1043 1044 1076 1076 1077 1077 1078 1078 1049 1050 1051 1052 1053 1079 1080 1081 1082 1056 1083 1084 1084 1085 1086 1086
1060 1087 1087 1062 1088 1088 1089 1089 1090 1090 1067 1091 1092 1092 1093 1094 1094 1095 1096 1097 1097 1098 1099 1100 1100 1075 1101 1101 1102 1103 1104 1104 1105 1106 1107 1107 1108 1108 1109 1109 1080 1110 1082 1111 1083 1112 1113 1114 1114 1115
1116 1116 1117 1118 1119 1119 1120 1120 1121 1121 1122 1122 1123 1123 1093 1124 1125 1095 1096 1126 1126 1098 1099 1127 1127 1128 1129 1129 1102 1130 1131 1132 1105 1133 1134 1135 1136 1136 1137 1138 1138 1110 1139 1139 1140 1112 1113 1141 1142 1115
1143 1144 1117 1118 1145 1146 1147 1147 1148 1148 1149 1149 1150 1151 1151 1124 1125 1152 1153 1153 1154 1155 1155 1156 1157 1128 1158 1159 1159 1130 1131 1160 1161 1133 1134 1135 1162 1163 1137 1164 1164 1165 1165 1166 1167 1168 1169 1141 1142 1170
1171 1144 1172 1172 1145 1146 1173 1174 1174 1175 1176 1177 1150 1178 1179 1179 1180 1152 1181 1181 1182 1183 1183 1156 1184 1185 1158 1186 1187 1188 1189 1160 1161 1190 1191 1191 1162 1163 1192 1193 1194 1194 1195 1166 1167 1168 1196 1196 1197 1170
1171 1198 1199 1200 1201 1202 1173 1203 1203 1175 1176 1204 1204 1178 1205 1205 1180 1206 1207 1207 1182 1208 1209 1209 1184 1185 1210 1211 1187 1188 1189 1212 1212 1190 1213 1213 1214 1215 1192 1193 1216 1217 1217 1218 1219 1220 1221 1222 1197 1223
1224 1198 1199 1200 1201 1202 1225 1226 1226 1227 1228 1229 1229 1230 1230 1231 1231 1206 1232 1232 1233 1233 1234 1234 1235 1235 1210 1211 1236 1237 1237 1238 1238 1239 1239 1240 1214 1241 1241 1242 1243 1244 1245 1218 1219 1220 1221 1222 1246 1223
1224 1247 1248 1248 1249 1250 1225 1251 1252 1227 1228 1253 1253 1254 1254 1255 1256 1257 1258 1259 1260 1260 1261 1262 1262 1263 1264 1265 1266 1267 1267 1268 1268 1269 1270 1270 1271 1271 1272 1242 1243 1244 1245 1273 1273 1274 1275 1276 1276 1277
1278 1279 1280 1280 1249 1250 1281 1281 1252 1282 1283 1284 1284 1285 1285 1255 1256 1257 1258 1259 1286 1286 1261 1287 1288 1263 1264 1265 1266 1289 1289 1290 1290 1269 1291 1292 1293 1294 1272 1295 1296 1297 1297 1298 1298 1299 1275 1300 1300 1301
1278 1279 1302 1302 1303 1304 1305 1305 1306 1282 1307 1308 1309 1310 1310 1311 1312 1312 1313 1314 1315 1315 1316 1316 1288 1317 1317 1318 1319 1320 1321 1322 1322 1323 1323 1292 1293 1294 1324 1325 1296 1326 1326 1327 1327 1299 1328 1329 1329 1301
1330 1330 1331 1331 1303 1304 1332 1332 1306 1333 1307 1308 1334 1334 1335 1311 1336 1336 1313 1314 1337 1337 1338 1338 1339 1339 1340 1318 1319 1320 1321 1341 1341 1342 1342 1343 1344 1344 1324 1325 1345 1345 1346 1346 1347 1347 1348 1348 1349 1349
49 92 44 81 69 13 6 24 94 50 17 3 52 70 85 6 75 80 91 80 64 88 51 17 88 64 8 2 62 48 5 16 56 91 12 54 19 12 15 26 87 98 82 26 71 26 21 77 46 52
2 97 48 75 13 62 53 46 6 19 30 86 94 71 51 54 16 9 92 93 65 89 61 64 73 56 31 73 90 25 15 7 58 18 47 53 69 3 29 8 23 84 64 12 59 19 34 2 23 32
99 40 97 30 20 73 49 62 86 79 12 36 35 98 68 1 78 21 60 38 5 11 30 94 0 63 10 61 38 13 26 81 20 57 38 88 88 27 93 37 54 95 53 3 16 46 98 5 34 55
22 83 43 79 70 90 42 70 53 71 8 2 88 20 17 78 24 36 57 5 49 27 42 88 90 54 43 85 3 85 31 99 9 74 1 27 6 30 14 31 26 84 97 45 14 29 64 47 78 81
53 47 43 50 89 36 78 25 51 5 41 57 43 81 35 5 11 17 1 25 18 52 22 5 40 14 12 19 75 50 83 90 14 9 25 17 11 94 91 61 87 87 97 25 27 72 84 55 81 81
88 80 53 7 6 53 87 10 94 67 27 81 44 94 21 75 89 83 1 82 12 36 34 27 88 60 31 62 83 19 49 15 10 81 91 39 52 3 80 79 27 71 59 32 16 89 81 89 11 93
44 86 98 2 69 90 3 22 7 2 20 10 28 47 37 62 6 49 99 48 54 60 92 86 80 91 31 17 61 44 76 56 16 64 88 25 29 6 89 12 91 25 41 36 70 58 75 20 73 0
87 6 30 61 56 96 82 59 28 29 55 23 19 58 29 66 53 41 86 28 36 10 32 75 95 3 75 94 55 92 96 25 29 15 80 25 11 35 2 12 75 71 37 52 22 12 71 12 70 25
52 35 91 11 21 60 41 31 94 61 50 24 21 31 37 24 68 72 69 18 23 48 55 86 53 74 24 63 16 58 29 85 60 61 61 91 12 44 62 62 76 63 7 43 54 71 50 90 16 15
9 10 87 97 49 35 46 62 36 66 30 26 72 57 11 17 8 67 84 53 39 64 58 39 92 37 74 10 12 70 28 17 96 60 28 73 91 15 8 1 40 86 34 57 48 16 81 5 4 90
75 4 12 31 46 68 90 13 98 77 19 52 14 76 47 18 24 63 16 5 55 56 61 83 11 8 94 7 58 50 3 16 91 97 9 50 62 55 6 2 12 43 22 92 74 45 87 62 18 90
2 26 65 0 1 88 51 33 23 64 68 93 47 31 16 40 18 80 40 94 82 81 83 36 17 55 36 22 76 64 22 69 83 87 81 39 48 6 80 1 56 71 29 48 46 63 13 52 1 81
60 67 32 54 46 21 53 75 86 4 23 13 55 3 89 3 22 18 3 4 10 84 84 90 17 31 10 67 98 31 68 39 24 30 96 42 78 27 44 94 4 31 81 50 70 79 70 10 10 18
55 3 46 84 12 79 11 84 38 65 71 2 99 7 2 39 94 18 34 15 61 21 37 5 28 11 2 7 35 72 60 93 14 56 95 13 52 98 50 85 90 71 87 2 63 5 34 15 79 57
25 92 88 52 57 79 89 65 72 24 3 50 97 60 39 35 52 12 56 3 6 37 53 73 52 79 96 6 14 74 11 30 65 55 9 61 77 15 46 13 20 10 93 98 97 97 98 30 69 46
61 31 71 84 40 76 38 54 12 23 35 94 98 80 37 73 4 81 99 54 63 92 63 75 16 30 31 79 64 32 11 48 0 86 17 93 94 86 89 59 26 54 92 64 54 65 27 91 3 55
59 96 11 90 66 98 36 6 5 70 54 32 58 39 12 48 15 96 2 0 61 45 23 19 33 70 50 17 99 8 95 47 15 71 83 82 9 65 82 39 8 57 98 54 4 19 49 82 78 84
18 73 7 11 97 54 16 18 66 0 76 22 85 67 15 37 15 63 2 12 86 35 21 26 75 13 92 88 47 90 10 77 47 99 69 91 63 87 99 46 10 67 5 53 93 48 82 29 23 19
44 57 27 99 30 89 69 38 75 22 26 69 13 52 8 62 41 89 95 93 89 24 46 39 2 71 72 12 28 42 84 94 68 5 40 48 94 29 60 34 18 33 7 60 56 37 4 47 8 32
47 95 51 70 54 0 24 8 88 68 14 84 11 40 64 33 44 80 44 34 35 90 63 41 30 56 73 10 67 39 98 52 70 66 62 9 24 98 57 26 29 19 97 78 30 80 24 24 99 49
7 25 22 11 94 36 49 37 31 89 95 19 89 25 56 87 1 49 15 3 32 38 29 73 15 18 12 1 64 56 14 37 10 60 93 42 87 59 59 28 64 95 39 37 90 11 26 27 38 99
95 23 22 9 33 89 93 43 94 52 93 43 20 93 98 69 54 23 32 81 19 90 75 72 74 69 82 87 50 75 77 64 38 68 5 56 34 14 74 21 73 33 8 64 70 0 11 96 81 24
16 33 72 99 99 77 19 90 91 11 49 49 42 32 45 39 49 42 86 80 78 47 5 54 33 9 50 64 95 49 24 64 85 4 63 32 25 2 11 25 76 8 83 77 44 29 15 25 66 47
30 57 75 74 7 5 20 30 37 10 61 62 71 67 67 50 68 24 36 50 69 1 80 52 85 78 75 42 50 42 98 80 69 56 84 48 57 58 56 75 94 90 7 28 43 45 98 24 83 82
73 85 65 7 77 96 97 50 26 9 21 3 81 43 71 89 86 40 81 74 52 57 6 93 60 68 59 71 8 86 86 98 58 24 52 9 79 43 90 1 3 36 94 24 71 76 39 2 23 69
43 17 41 62 33 97 54 17 87 29 54 17 65 52 68 9 69 80 72 80 90 88 27 86 74 32 90 20 16 93 64 83 58 6 44 73 4 79 63 85 91 71 91 51 37 96 37 86 61 28
79 77 80 15 73 53 49 57 25 63 93 19 71 17 72 30 9 55 4 4 40 32 69 88 31 68 25 50 20 4 84 18 97 48 26 59 89 95 85 94 71 83 24 22 99 15 11 49 55 70
35 46 91 26 89 79 8 58 99 28 20 0 1 67 66 55 37 58 29 46 51 49 64 52 76 54 29 88 80 37 90 48 17 50 75 97 76 75 99 3 41 60 4 34 11 48 12 84 89 24
84 92 20 26 46 43 32 28 36 26 38 99 8 57 48 31 5 4 39 24 37 4 92 61 84 75 14 12 36 64 8 34 99 10 79 14 81 22 10 86 57 7 62 55 88 72 86 76 62 17
47 95 94 37 72 2 34 55 67 31 42 47 71 70 67 77 49 34 24 29 41 34 29 13 24 9 45 24 47 41 96 6 18 94 12 24 81 67 10 47 25 48 45 96 64 78 48 64 43 82
4 87 72 53 32 37 16 50 72 53 81 43 15 8 90 85 49 27 9 76 52 93 38 64 11 51 44 90 42 10 76 1 24 88 44 99 55 12 3 19 72 14 87 20 72 38 70 32 33 30
87 10 5 7 65 69 68 66 83 69 22 79 34 45 84 32 46 47 63 99 92 21 89 63 54 46 70 32 56 85 24 71 96 50 69 56 56 76 38 14 52 27 3 22 50 98 99 44 11 6
90 18 27 86 49 12 30 24 64 59 2 89 70 24 6 47 89 10 29 46 42 14 48 54 30 19 94 18 86 72 13 83 79 97 4 98 62 53 33 24 38 81 36 47 17 78 60 68 13 45
17 61 65 74 30 58 93 36 81 9 99 84 59 70 40 99 57 20 85 31 68 49 79 90 51 40 32 27 41 82 76 39 4 36 6 61 32 79 78 31 46 24 84 48 45 33 27 5 16 14
15 43 49 31 13 2 77 78 38 34 16 45 33 41 77 72 23 70 76 56 86 67 23 10 79 75 11 5 52 49 62 95 19 37 65 35 23 9 6 49 65 37 71 11 9 22 95 71 95 46
40 94 30 80 77 79 1 92 77 16 4 43 56 3 58 21 68 93 93 12 46 32 64 85 80 77 4 53 20 37 25 70 27 23 87 0 99 30 32 73 35 72 35 58 11 18 92 93 58 64
24 52 58 35 49 43 84 46 97 38 49 52 25 20 29 7 99 85 46 20 27 41 51 61 93 20 39 37 89 92 59 93 48 47 78 70 65 96 85 83 10 56 84 43 17 12 64 84 43 20
73 27 71 87 39 2 66 90 11 22 32 97 42 24 68 87 32 67 87 0 32 70 18 9 67 40 62 79 71 17 86 23 3 89 93 50 69 43 9 18 62 52 68 13 67 66 21 78 70 28
67 37 12 9 61 50 94 51 95 92 27 90 87 27 50 29 76 89 54 32 2 85 34 18 23 80 82 80 82 95 33 7 54 73 99 9 69 37 28 66 52 88 55 17 99 31 84 76 8 21
27 47 96 76 84 29 88 81 48 79 69 90 21 89 12 82 7 10 41 36 64 16 26 8 34 82 29 48 44 48 25 84 45 30 98 81 87 81 56 79 9 66 51 57 58 80 70 22 48 62
66 81 8 46 2 54 13 34 59 55 2 8 91 96 3 83 98 88 74 96 0 9 10 46 28 43 74 82 4 65 85 47 47 24 58 32 17 81 19 67 70 31 77 85 45 84 95 76 63 47
20 63 80 85 20 40 6 62 12 43 47 16 65 57 42 9 6 58 95 41 76 38 91 86 47 1 12 57 85 5 96 55 71 31 99 12 24 88 9 99 5 1 33 14 50 73 86 75 43 59
90 49 99 9 42 10 3 94 40 19 13 58 54 10 73 64 46 92 80 74 24 48 79 58 29 89 46 5 69 70 41 17 93 54 37 42 65 13 26 50 54 50 89 13 49 43 17 34 90 50
81 6 12 25 94 55 52 60 17 40 26 20 46 52 61 25 60 59 73 89 25 90 56 98 3 24 65 6 90 42 75 22 44 36 45 9 28 31 98 12 33 96 97 35 71 68 3 90 98 32
87 82 89 20 60 49 93 52 31 24 92 27 4 27 92 99 12 32 91 0 83 98 52 28 16 89 66 40 29 25 83 20 14 51 28 56 31 86 64 39 36 49 60 88 44 53 12 46 12 31
65 67 31 98 62 60 90 68 84 61 51 37 92 23 19 23 62 51 63 38 24 61 53 9 13 23 16 93 38 4 36 84 57 86 69 48 65 54 21 4 82 81 88 30 95 78 77 23 98 32
93 61 88 84 64 82 79 19 84 91 45 73 95 89 63 35 1 29 38 41 45 18 89 98 19 87 68 81 15 55 93 17 94 16 34 67 6 0 47 40 64 9 40 71 69 29 29 79 6 77
76 35 87 75 22 19 66 13 25 26 80 78 83 14 63 74 19 20 3 25 79 82 79 71 81 11 77 4 40 24 21 95 21 32 1 44 41 53 30 44 70 79 50 8 98 81 16 60 67 82
5 91 68 4 46 41 21 4 41 76 41 29 64 51 9 23 26 23 44 22 9 98 8 27 83 34 31 73 40 73 35 39 68 12 92 25 79 99 7 22 81 80 33 67 70 17 73 58 8 84
89 99 24 35 10 30 88 58 64 14 76 9 4 24 7 46 91 9 46 51 6 90 35 70 52 70 49 12 3 40 96 84 5 65 2 84 27 66 24 15 81 41 77 93 59 49 79 65 32 90
