7 11
0 1 2 3 4 5 5 6 6 7 7 8 9 9 10 10 11 12 13 13 14 15 15 16 17 17 18 18 19 19 20 21 22 23 24 24 25 25 26 26 27 28 28 29 30 30 31 31 32 32
0 1 2 3 4 33 34 34 35 35 36 8 37 37 38 38 11 39 40 40 41 42 42 16 43 44 45 46 47 48 20 21 22 49 50 51 52 52 53 53 54 55 56 56 57 58 59 60 61 61
62 63 63 64 65 33 66 66 67 67 36 68 69 69 70 71 71 39 72 72 41 73 74 74 75 44 45 46 76 48 77 78 78 49 50 51 79 79 80 81 54 82 82 83 83 58 59 60 84 85
62 86 86 87 65 88 89 89 90 90 91 68 92 93 93 94 94 95 96 96 97 73 98 99 75 100 101 101 76 102 77 103 103 104 104 105 105 106 107 81 108 109 109 110 110 111 112 112 84 113
114 115 115 87 116 88 117 117 118 118 91 119 120 120 121 121 122 95 123 123 97 124 98 125 125 100 126 127 127 102 128 128 129 130 130 131 132 132 107 133 133 134 134 135 136 137 138 139 139 113
140 141 142 143 143 144 145 146 147 147 148 119 149 150 151 152 122 153 154 154 155 155 156 157 157 158 126 159 160 161 162 163 163 164 164 165 165 166 167 168 168 169 169 135 136 137 170 170 171 171
140 172 142 173 174 175 145 176 176 177 177 178 178 150 151 152 179 153 180 181 181 182 156 183 184 158 185 185 160 161 186 187 188 188 189 189 190 190 167 191 192 192 193 193 194 195 195 196 196 197
198 172 199 173 174 175 200 201 201 202 202 203 203 204 204 205 179 206 207 208 208 209 209 183 210 211 212 213 214 214 186 215 215 216 217 217 218 219 220 220 221 222 222 223 194 224 225 226 227 227
228 228 199 229 230 230 200 231 232 233 233 234 234 235 236 237 237 206 207 238 239 239 240 240 210 211 212 241 241 242 242 243 243 216 244 245 245 219 246 247 221 248 249 223 250 250 225 226 251 251
252 253 253 229 254 255 255 231 256 257 258 258 259 235 236 260 260 261 262 238 263 264 265 265 266 266 267 268 269 270 270 271 271 272 272 273 273 274 246 247 275 248 276 277 278 278 279 280 280 281
252 282 283 284 284 285 285 286 256 257 287 288 289 289 290 291 292 261 262 293 263 294 295 296 296 297 267 268 298 299 300 301 302 302 303 304 305 306 306 307 308 308 276 309 310 311 311 312 313 281
314 282 283 315 316 317 317 286 318 318 287 288 319 320 320 291 292 321 321 293 322 294 295 323 323 324 325 326 298 299 300 327 328 329 329 304 305 330 331 332 332 333 334 309 335 336 336 312 337 338
314 339 340 315 316 341 342 342 343 344 345 346 319 347 347 348 348 349 350 351 322 352 353 354 354 324 325 326 355 355 356 327 328 357 357 358 359 360 331 361 362 333 334 363 335 364 364 365 337 338
366 366 340 367 367 368 368 369 343 344 345 370 371 371 372 372 373 373 350 351 374 375 353 376 377 377 378 378 379 379 380 381 382 383 384 358 359 360 385 361 362 386 386 387 388 388 389 365 390 390
391 391 392 392 393 394 394 395 395 396 396 370 397 397 398 399 400 400 401 402 402 375 403 403 404 404 405 405 406 407 380 381 382 408 384 409 409 410 411 412 413 413 414 387 415 415 389 416 417 418
419 419 420 421 421 422 423 424 425 425 426 427 428 428 398 429 429 430 401 431 432 432 433 434 435 435 436 436 406 407 437 438 438 408 439 439 440 440 411 412 441 442 443 443 444 444 445 445 417 446
447 447 448 448 449 450 423 424 451 452 426 427 453 453 454 455 456 456 457 458 459 460 433 434 461 461 462 462 463 463 464 465 466 467 468 468 469 469 470 470 441 442 471 472 473 473 474 474 475 446
476 476 477 478 478 450 479 480 451 452 481 482 483 483 454 455 484 484 457 458 459 485 485 486 486 487 488 488 489 489 464 465 466 467 490 490 491 492 493 494 494 495 496 472 497 497 498 499 475 500
501 502 503 504 505 505 479 480 506 507 481 482 508 509 510 510 511 511 512 513 513 514 515 515 516 517 517 518 519 519 520 521 522 522 523 523 491 492 493 524 525 525 496 526 527 527 498 499 528 500
501 502 503 529 529 530 530 531 531 507 532 532 508 509 533 533 534 534 512 535 536 536 537 538 516 539 539 540 540 541 520 521 542 542 543 544 545 545 546 547 547 548 548 549 549 550 551 551 528 552
553 554 555 555 556 556 557 557 558 558 559 559 560 561 562 562 563 563 564 564 565 565 566 538 567 568 568 569 570 571 571 572 572 573 573 544 574 574 575 576 577 578 579 580 581 581 582 583 584 584
553 554 585 585 586 587 588 588 589 590 590 591 592 561 593 594 594 595 595 596 597 598 566 599 567 600 600 569 570 601 602 602 603 604 604 605 606 606 575 576 577 578 579 580 607 607 582 583 608 608
609 610 610 611 586 587 612 613 613 614 614 591 592 615 615 616 617 617 618 596 597 598 619 619 620 621 622 623 623 601 624 624 603 625 625 605 626 627 627 628 628 629 629 630 631 632 632 633 633 634
609 635 636 611 637 637 612 638 639 640 640 641 642 643 644 616 645 645 618 646 647 648 649 650 620 651 622 652 653 654 654 655 655 656 657 658 658 659 660 660 661 662 662 630 631 663 663 664 665 665
666 635 636 667 668 668 669 638 639 670 670 641 642 643 644 671 672 672 673 646 647 648 649 674 675 651 676 652 653 677 677 678 679 656 680 681 682 683 683 684 661 685 686 687 688 689 690 690 691 692
693 694 694 667 695 696 696 697 698 698 699 700 701 702 702 703 703 704 673 705 706 706 707 674 708 709 709 710 711 711 712 678 679 713 680 714 682 715 716 684 717 685 686 687 688 718 718 719 691 692
693 720 721 722 722 723 724 724 725 726 699 700 701 727 727 728 729 704 730 730 731 732 707 733 708 734 734 735 735 736 737 737 738 713 739 714 740 715 716 741 742 742 743 743 744 745 745 746 746 747
748 720 721 749 750 750 751 752 725 726 753 753 754 755 756 728 729 757 757 758 731 759 760 733 761 761 762 762 763 763 764 764 738 765 739 766 767 768 769 769 770 771 771 772 744 773 774 774 775 747
776 776 777 778 778 779 751 752 780 781 781 782 783 755 784 784 785 786 787 787 788 759 760 789 790 790 791 791 792 793 793 794 795 765 796 797 767 768 798 799 799 800 801 772 802 802 803 804 775 805
806 806 777 807 808 809 810 811 811 812 812 782 783 813 813 814 785 815 816 817 788 818 819 820 821 821 822 822 792 823 823 794 795 824 796 797 825 825 826 827 828 800 829 830 830 831 831 804 832 832
833 833 834 835 808 809 836 836 837 838 838 839 839 840 840 814 841 815 842 817 843 818 819 820 844 844 845 845 846 846 847 847 848 849 849 850 850 851 826 852 828 853 829 854 855 856 856 857 857 858
859 860 860 835 861 862 863 863 837 864 865 866 867 868 868 869 870 870 842 871 843 872 872 873 873 874 875 876 877 877 878 878 848 879 880 881 881 851 882 852 883 883 884 854 885 885 886 886 887 858
859 888 889 890 861 862 891 891 892 864 865 893 867 894 894 869 895 895 896 897 897 898 898 899 900 900 875 876 901 901 902 903 903 879 880 904 904 905 906 906 907 908 909 909 910 911 912 912 887 913
914 888 889 890 915 915 916 917 892 918 919 893 920 920 921 921 922 922 923 924 925 926 926 899 927 928 928 929 930 930 902 931 931 932 933 934 935 905 936 937 907 908 938 938 910 939 940 941 942 913
943 943 944 945 945 946 916 917 947 918 919 948 948 949 949 950 950 951 923 924 925 952 953 953 927 954 954 955 956 957 957 958 958 932 959 934 960 960 936 961 962 963 964 964 965 939 940 941 942 966
967 968 968 969 970 946 971 971 947 972 972 973 973 974 975 976 977 978 978 979 980 980 981 981 982 983 983 955 984 984 985 986 986 987 959 988 989 990 991 961 962 963 992 993 965 994 995 995 996 997
967 998 998 969 999 999 1000 1001 1001 1002 1003 1003 1004 974 1005 976 1006 1007 1008 1009 1009 1010 1010 1011 982 1012 1012 1013 1014 1015 1015 1016 1017 1017 1018 988 989 990 991 1019 1020 1020 992 1021 1021 1022 1022 1023 996 997
1024 1025 1026 1027 1028 1029 1029 1030 1031 1032 1033 1034 1004 1035 1005 1036 1006 1007 1037 1037 1038 1039 1039 1011 1040 1041 1041 1013 1042 1043 1044 1044 1045 1046 1047 1047 1048 1049 1049 1019 1050 1050 1051 1052 1053 1053 1054 1023 1055 1056
1024 1025 1026 1027 1028 1057 1057 1030 1031 1032 1033 1034 1058 1059 1059 1036 1060 1060 1061 1062 1038 1063 1064 1065 1040 1066 1066 1067 1042 1043 1068 1068 1045 1069 1070 1070 1048 1071 1072 1072 1073 1073 1074 1052 1075 1075 1054 1076 1055 1056
1077 1078 1078 1079 1080 1081 1082 1082 1083 1084 1085 1086 1086 1087 1088 1089 1090 1090 1061 1062 1091 1063 1064 1092 1092 1093 1093 1094 1095 1095 1096 1097 1098 1069 1099 1100 1101 1071 1102 1103 1104 1105 1074 1106 1107 1108 1108 1076 1109 1110
1077 1111 1111 1079 1080 1112 1113 1113 1083 1084 1085 1114 1114 1087 1088 1089 1115 1116 1116 1117 1091 1118 1118 1119 1119 1120 1121 1094 1122 1123 1096 1097 1098 1124 1099 1100 1101 1125 1102 1103 1104 1126 1126 1127 1107 1128 1128 1129 1109 1110
1130 1130 1131 1132 1132 1112 1133 1134 1135 1135 1136 1137 1137 1138 1138 1139 1115 1140 1140 1117 1141 1142 1142 1143 1144 1120 1145 1146 1122 1123 1147 1148 1149 1124 1150 1151 1151 1125 1152 1153 1154 1155 1155 1127 1156 1156 1157 1158 1159 1160
1161 1162 1131 1163 1163 1164 1164 1134 1165 1166 1136 1167 1168 1169 1169 1139 1170 1171 1172 1172 1141 1173 1174 1143 1144 1175 1145 1146 1176 1177 1177 1148 1149 1178 1179 1179 1180 1181 1152 1182 1154 1183 1184 1184 1185 1186 1186 1158 1159 1160
1161 1187 1187 1188 1189 1189 1190 1190 1165 1191 1191 1167 1168 1192 1193 1193 1194 1171 1195 1195 1196 1173 1174 1197 1197 1198 1198 1199 1199 1200 1201 1202 1203 1178 1204 1204 1180 1205 1206 1182 1207 1183 1208 1209 1209 1210 1211 1212 1212 1213
1214 1215 1215 1188 1216 1216 1217 1218 1218 1219 1219 1220 1221 1192 1222 1223 1194 1224 1224 1225 1196 1226 1227 1228 1229 1230 1230 1231 1231 1200 1201 1202 1232 1233 1234 1235 1235 1205 1236 1237 1237 1238 1208 1239 1239 1210 1211 1240 1241 1213
1214 1242 1243 1244 1245 1245 1246 1246 1247 1248 1249 1250 1221 1251 1222 1252 1252 1253 1254 1225 1255 1226 1227 1228 1229 1256 1256 1257 1258 1258 1259 1260 1232 1233 1234 1261 1261 1262 1236 1263 1263 1264 1264 1265 1265 1266 1267 1240 1268 1268
1269 1270 1243 1271 1271 1272 1273 1274 1247 1248 1275 1250 1276 1276 1277 1277 1278 1278 1254 1279 1279 1280 1280 1281 1282 1283 1283 1284 1285 1286 1259 1260 1287 1287 1288 1288 1289 1289 1290 1290 1291 1292 1292 1293 1294 1266 1267 1295 1295 1296
1269 1270 1297 1298 1298 1272 1273 1274 1299 1300 1275 1301 1301 1302 1303 1304 1304 1305 1306 1307 1308 1309 1310 1281 1311 1312 1313 1284 1285 1286 1314 1315 1315 1316 1317 1317 1318 1319 1320 1321 1291 1322 1322 1293 1294 1323 1323 1324 1324 1296
1325 1326 1297 1327 1328 1329 1329 1330 1299 1331 1332 1333 1333 1302 1303 1334 1335 1305 1306 1336 1308 1309 1337 1338 1311 1339 1313 1340 1340 1341 1314 1342 1343 1316 1344 1344 1318 1345 1320 1346 1346 1347 1348 1349 1350 1350 1351 1351 1352 1352
1325 1326 1353 1327 1328 1354 1354 1330 1355 1331 1332 1356 1356 1357 1357 1334 1335 1358 1358 1336 1359 1359 1337 1338 1360 1339 1361 1361 1362 1362 1363 1342 1343 1364 1364 1365 1365 1345 1366 1366 1367 1367 1348 1368 1368 1369 1370 1370 1371 1371
91 51 2 29 93 29 98 53 64 61 31 61 89 52 59 41 57 43 47 43 94 6 5 94 97 35 51 15 54 96 74 19 68 35 55 79 7 74 42 49 6 69 39 92 80 59 0 92 58 14
83 33 45 78 67 75 82 68 63 62 75 77 43 63 88 27 85 36 68 85 3 54 62 36 80 19 95 73 53 45 67 23 77 76 53 9 85 6 27 65 97 38 29 44 71 55 12 6 34 51
28 48 41 29 22 70 60 94 44 8 54 37 36 49 54 24 96 0 6 38 23 42 50 96 93 45 19 23 96 78 28 52 79 54 87 75 66 15 35 42 3 84 71 67 96 63 11 74 9 47
49 22 84 0 37 86 64 25 88 75 82 37 66 87 55 28 32 14 22 62 78 59 87 75 86 25 59 80 18 82 24 29 53 12 60 41 29 64 76 8 11 48 99 38 10 12 12 56 32 53
44 0 5 57 87 88 86 57 32 37 90 52 17 3 40 73 24 44 3 62 65 37 57 62 23 32 76 47 91 85 17 32 26 87 95 1 45 63 90 88 78 25 25 14 30 44 27 75 79 18
51 25 52 18 73 6 96 82 43 31 24 52 76 76 41 51 11 92 22 98 87 53 59 52 56 83 17 12 86 51 40 59 73 69 94 15 34 5 6 81 81 48 84 32 94 57 76 87 46 42
72 84 69 41 22 7 39 63 35 56 17 62 84 62 66 5 32 8 95 71 72 86 64 61 35 65 36 4 64 10 75 30 3 47 40 63 32 19 91 1 56 15 65 17 19 27 36 62 8 87
56 34 50 88 59 8 92 76 84 90 65 11 49 43 16 77 67 35 15 25 45 16 0 61 59 42 89 82 2 44 36 62 14 67 39 45 31 69 93 26 19 94 98 91 95 46 74 92 21 86
41 13 6 44 29 98 11 21 65 82 47 4 58 36 26 0 56 42 1 34 63 9 76 95 64 29 15 10 64 81 6 37 87 45 47 7 72 85 15 64 55 13 55 5 81 98 42 33 61 30
58 15 89 1 99 81 76 9 43 59 21 30 30 34 26 72 54 69 38 64 69 46 28 31 11 66 70 23 45 64 10 11 61 4 39 23 73 82 89 44 91 51 59 48 68 5 45 67 54 53
4 45 63 10 93 41 77 60 82 62 34 54 74 35 63 24 41 66 0 1 1 85 99 83 50 65 89 83 70 35 54 55 58 31 98 2 92 12 76 55 21 17 73 3 26 54 82 78 64 80
36 26 5 3 39 5 70 72 85 71 4 37 94 15 14 70 99 58 73 49 36 26 2 67 37 8 56 77 77 3 69 43 50 4 15 47 64 12 27 99 66 44 65 40 5 31 21 53 61 57
39 17 90 33 98 73 50 12 78 28 32 0 58 9 67 48 55 29 77 71 8 95 79 79 64 42 54 9 46 4 64 68 18 36 70 13 9 97 41 26 44 21 56 2 99 0 34 80 11 31
48 30 48 82 2 51 46 19 46 83 3 20 17 17 68 67 26 32 9 61 56 91 41 3 0 52 8 3 11 82 8 17 41 23 20 93 45 77 91 27 39 74 47 9 49 71 28 91 11 72
43 94 30 15 34 98 34 76 30 14 14 80 65 85 0 34 79 20 10 12 80 77 89 93 60 28 8 62 70 71 59 64 19 28 39 30 44 38 61 28 13 40 16 37 22 3 94 55 52 61
10 37 57 9 22 34 88 19 25 26 91 1 58 10 16 62 32 64 61 41 66 47 12 92 88 30 99 21 82 32 65 9 86 50 92 11 30 29 8 7 1 76 25 31 81 72 10 27 28 29
45 10 78 80 76 91 34 85 76 76 31 71 76 87 50 3 6 76 52 83 61 8 36 28 79 86 36 31 64 48 49 76 77 40 61 18 90 41 68 7 23 48 43 82 9 98 78 52 21 75
75 87 50 85 49 17 47 91 92 18 89 14 88 33 76 24 86 52 5 85 70 87 55 54 64 66 65 94 10 6 73 83 39 21 54 22 35 19 59 46 45 7 77 81 99 80 29 46 63 91
35 3 88 39 52 46 73 24 36 89 81 67 55 26 75 70 17 64 65 70 52 64 99 40 41 97 98 4 78 10 33 45 11 80 15 72 29 67 12 31 80 27 29 92 80 72 6 13 22 17
20 95 46 68 45 46 52 89 24 38 74 51 15 11 78 95 23 36 54 95 18 98 17 5 95 35 57 11 98 28 53 58 87 4 50 13 0 81 71 25 65 1 68 55 11 64 46 26 73 33
85 46 62 38 17 75 82 99 1 89 74 59 8 19 83 71 0 19 62 43 88 67 55 74 33 31 46 75 14 81 11 86 21 21 23 1 39 1 69 85 49 13 16 57 30 7 73 24 15 93
11 59 46 95 16 99 80 5 40 46 24 20 7 93 89 65 14 10 64 33 20 73 8 59 47 73 85 76 37 68 25 87 52 25 56 25 13 3 94 77 63 12 71 24 13 18 60 79 49 61
95 82 45 77 7 60 77 19 43 95 59 22 95 56 14 80 64 91 35 37 10 4 78 76 35 8 4 19 65 48 0 3 53 54 67 46 14 70 1 46 94 12 84 47 73 56 47 46 21 95
38 62 99 4 78 22 71 36 52 15 4 78 33 73 94 53 53 17 64 20 6 60 18 78 45 42 88 90 81 1 39 13 12 0 81 18 90 2 96 98 40 30 23 41 9 20 97 23 8 44
37 9 10 18 66 28 14 61 59 86 60 43 10 93 85 26 59 50 35 34 95 78 23 14 86 97 1 95 50 17 25 72 63 64 63 90 37 11 60 13 69 36 49 30 71 95 70 73 45 23
84 44 19 9 44 46 85 77 12 80 96 21 10 46 77 87 26 68 16 8 97 56 12 37 68 5 3 85 85 27 61 77 2 74 2 25 6 75 10 73 69 98 33 59 59 46 47 0 40 94
19 12 51 47 60 87 95 8 73 70 75 59 91 28 93 59 51 99 19 33 32 39 29 82 36 13 23 28 10 88 59 26 40 94 64 2 65 6 88 50 1 19 51 9 33 94 48 27 75 52
78 94 64 21 89 94 33 67 26 6 41 49 26 78 50 86 86 94 4 36 80 13 1 93 78 88 70 77 11 76 67 60 9 80 51 75 69 74 79 19 56 57 44 99 95 31 10 67 27 17
48 70 30 69 74 47 11 92 13 31 84 69 22 8 67 25 47 48 67 88 83 20 84 43 69 62 17 33 59 34 69 44 87 83 12 19 16 77 11 41 8 37 55 12 31 21 70 5 2 57
64 48 58 4 22 0 31 88 1 40 28 58 42 76 98 32 35 94 15 60 62 47 61 14 27 18 18 48 84 59 32 8 38 24 96 31 53 90 97 21 68 49 96 71 2 58 99 52 1 95
49 21 15 25 22 35 50 36 30 72 2 54 77 37 29 3 66 53 67 61 2 63 17 75 23 49 9 86 82 18 24 23 25 8 44 95 84 13 85 98 88 28 69 20 15 87 7 29 24 27
40 36 19 64 50 14 20 71 69 23 92 33 12 18 34 83 72 66 57 78 1 54 20 27 63 49 36 24 38 46 62 12 47 85 90 99 88 64 57 89 94 66 94 37 40 45 99 96 21 48
55 86 86 28 17 86 50 46 80 96 76 4 99 17 58 87 46 62 45 29 16 22 10 60 14 15 32 16 90 35 34 99 0 54 87 95 71 86 72 72 14 94 4 36 61 99 0 56 86 10
96 24 45 47 55 13 74 5 47 13 67 37 58 39 24 77 65 11 88 73 3 34 39 32 95 52 78 36 69 71 12 9 5 47 63 10 63 79 93 17 9 25 94 39 99 62 85 64 87 30
70 10 28 84 71 7 17 84 51 35 7 39 5 14 33 6 15 40 8 23 9 57 52 80 70 87 9 87 86 0 48 56 55 27 50 4 95 28 89 76 76 68 35 17 82 10 16 47 66 37
33 5 56 27 17 76 35 88 76 65 94 1 80 18 25 33 53 38 61 29 68 11 29 89 39 10 50 4 33 62 97 8 72 22 26 77 49 78 30 72 29 4 33 40 48 89 42 89 78 36
45 5 1 42 8 17 53 2 95 40 93 33 2 60 21 59 49 41 44 71 34 60 42 11 29 21 33 10 8 3 12 90 36 43 11 67 71 58 3 37 6 70 75 68 9 18 33 28 18 53
22 99 51 87 96 99 49 66 7 95 59 56 6 46 72 51 88 23 76 65 31 72 85 6 94 34 72 66 85 51 81 20 16 30 59 17 91 15 60 14 74 95 92 33 33 90 78 93 85 31
47 20 75 73 37 94 49 23 51 83 85 78 68 42 77 1 90 60 59 87 82 4 58 13 82 69 73 72 26 0 83 62 20 5 37 88 26 90 46 71 77 74 83 2 34 83 26 12 17 55
90 23 8 34 79 9 80 70 31 82 49 82 65 90 73 61 75 18 8 26 0 46 43 75 45 31 86 7 16 85 46 72 54 72 79 93 97 52 34 2 82 79 19 44 82 54 45 86 12 10
79 25 77 17 50 34 15 64 18 40 37 70 14 10 51 59 75 71 11 26 37 36 28 32 9 5 70 91 82 90 79 70 67 94 37 26 78 83 15 5 17 79 45 83 7 44 83 5 32 97
49 32 23 26 30 70 96 27 62 88 12 26 74 61 71 65 41 10 1 56 87 1 22 93 22 68 41 15 82 84 77 65 69 63 54 84 5 5 7 49 43 48 80 9 20 2 21 91 52 7
31 0 77 76 12 89 54 78 24 0 36 17 70 9 76 30 11 55 11 12 11 11 61 43 7 72 5 36 28 76 50 5 54 92 43 4 9 44 84 79 7 83 98 81 52 80 6 98 30 44
4 87 24 16 48 75 8 87 24 19 18 38 41 14 64 42 66 13 47 18 1 39 37 48 57 13 37 68 12 67 47 55 54 64 9 65 68 6 88 18 85 62 51 95 99 0 79 48 2 19
62 38 73 25 78 49 70 44 95 40 3 68 58 15 28 43 34 80 98 73 66 84 8 99 97 32 21 25 90 51 8 88 40 1 42 3 3 10 60 28 22 76 98 54 57 18 54 63 97 37
63 37 24 40 5 16 93 66 61 14 77 98 53 33 92 99 29 99 14 9 23 72 37 26 96 58 23 9 91 53 70 29 50 89 93 43 41 7 12 72 1 38 86 79 68 42 26 45 32 58
20 5 24 18 75 76 71 29 98 14 26 57 88 93 39 87 48 8 25 23 55 45 91 88 31 28 86 66 83 66 31 20 4 70 25 48 46 52 49 79 66 21 75 49 50 71 74 99 7 4
13 2 83 13 56 48 7 17 94 89 57 90 32 1 65 40 36 29 13 20 46 82 88 14 2 60 58 93 87 56 81 67 98 24 36 45 20 48 79 57 18 52 54 85 25 21 89 9 62 9
14 68 76 44 10 49 41 53 70 14 6 11 25 8 75 74 53 50 62 4 26 12 60 42 96 63 50 20 4 22 32 28 20 96 4 84 71 99 78 81 29 20 16 12 80 78 79 65 19 72
58 97 72 53 36 45 10 75 93 60 30 26 1 77 40 68 55 4 54 40 76 72 7 42 65 69 58 96 56 72 45 75 87 8 65 64 8 65 3 16 61 54 36 63 79 74 97 93 98 22
