15 49
0 1 1 2 3 4 5 5 6 7 7 8 9 9 10 11 12 13 14 14 15 16 17 17 18 18 19 19 20 21 21 22 23 23 24 25 25 26 26 27 28 29 30 30 31 32 33 34 35 35
0 36 37 2 3 38 38 39 40 41 41 8 42 42 10 11 12 13 43 44 15 45 46 47 48 48 49 49 20 50 50 22 51 51 24 52 52 53 53 27 28 54 55 55 56 32 33 34 57 57
58 36 37 59 59 60 60 39 40 61 61 62 62 63 63 64 64 65 43 44 66 45 46 47 67 67 68 69 69 70 71 71 72 73 74 75 75 76 76 77 78 54 79 79 56 80 81 81 82 83
58 84 85 85 86 86 87 88 88 89 90 90 91 91 92 92 93 65 94 95 95 96 96 97 98 98 68 99 100 101 102 102 103 73 74 104 105 105 106 77 78 107 107 108 108 80 109 110 110 83
111 84 112 113 114 115 115 116 117 117 118 119 120 121 121 122 122 123 94 124 125 126 126 97 127 127 128 99 100 101 129 130 103 131 131 104 132 132 133 133 134 135 135 136 136 137 138 139 140 140
111 141 112 113 114 142 142 116 143 144 118 119 120 145 146 146 147 123 148 124 149 150 150 151 152 153 153 154 155 156 129 157 158 158 159 159 160 160 161 161 162 163 163 164 164 137 138 139 165 165
166 166 167 167 168 169 169 170 170 144 171 172 172 145 173 173 147 174 148 175 149 176 176 151 177 177 178 154 155 156 179 157 180 181 182 182 183 184 184 185 162 186 186 187 188 189 190 190 191 191
192 192 193 194 195 196 197 197 198 198 199 199 200 201 202 202 203 174 204 204 205 206 207 207 208 209 210 211 212 213 179 214 180 215 215 216 183 217 217 185 218 219 220 220 188 221 221 222 223 223
224 225 193 194 195 226 226 227 228 228 229 230 200 231 232 233 203 234 235 235 205 236 237 237 238 209 210 211 212 239 240 214 241 241 242 216 243 243 244 245 218 219 246 246 247 248 248 222 249 249
224 225 250 251 252 253 253 227 254 254 229 230 255 231 232 233 256 234 257 257 258 236 259 259 238 260 260 261 262 239 263 264 265 266 242 267 267 268 244 245 269 269 270 270 247 271 272 273 274 274
275 275 250 251 276 277 278 278 279 279 280 281 255 282 283 284 256 285 285 286 258 287 288 288 289 289 290 261 291 291 263 264 265 266 292 293 293 268 294 295 296 296 297 297 298 271 272 273 299 300
301 301 302 302 276 277 303 303 304 304 280 305 305 306 283 284 307 307 308 309 310 287 311 311 312 312 290 313 314 314 315 316 317 318 292 319 320 320 294 295 321 321 322 322 298 323 324 324 299 325
326 327 327 328 328 329 329 330 330 331 331 332 333 306 334 334 335 336 308 309 337 338 339 339 340 341 342 313 343 344 344 316 317 318 345 345 346 347 347 348 348 349 349 350 350 323 351 352 352 325
326 353 353 354 354 355 356 356 357 358 359 359 333 360 361 362 335 336 363 363 337 338 364 364 340 341 342 365 365 366 366 367 367 368 368 369 346 370 371 372 373 374 375 376 377 378 378 379 380 380
381 382 382 383 384 384 385 386 357 358 387 387 388 360 361 362 389 389 390 391 391 392 392 393 394 395 396 397 398 399 399 400 400 401 402 403 403 370 404 372 373 374 405 376 377 406 407 408 409 409
381 410 410 383 411 411 385 386 412 412 413 414 414 415 415 416 417 417 418 419 420 420 421 393 394 395 396 397 398 422 423 424 425 425 402 426 427 427 404 428 429 429 405 430 430 431 407 408 432 432
433 434 435 435 436 436 437 438 438 439 440 441 441 442 442 416 443 443 418 419 444 444 421 445 446 447 447 448 449 450 423 424 451 451 452 426 453 454 454 455 455 456 456 457 457 431 458 459 460 460
433 434 461 461 462 462 437 463 463 439 440 464 464 465 465 466 466 467 468 468 469 469 470 445 446 471 471 448 449 450 472 473 474 474 452 475 453 476 477 477 478 479 479 480 481 481 458 459 482 483
484 485 485 486 486 487 488 488 489 490 491 491 492 492 493 494 495 495 496 496 497 497 470 498 499 500 501 502 503 504 504 473 505 506 506 475 507 508 508 509 478 510 510 480 511 512 513 514 482 483
484 515 515 516 516 487 517 517 489 490 518 519 520 521 521 494 522 522 523 523 524 525 525 498 499 500 501 502 526 526 527 528 528 529 530 530 531 531 532 533 533 534 535 536 536 512 513 537 537 538
539 539 540 540 541 541 542 542 543 544 518 519 520 545 545 546 546 547 548 548 524 549 549 550 550 551 551 552 553 554 555 555 556 529 557 557 558 558 532 559 559 534 535 560 561 562 563 564 564 538
565 566 567 567 568 568 569 570 543 571 572 573 573 574 575 575 576 576 577 577 578 578 579 579 580 581 582 582 553 554 583 583 584 585 586 586 587 588 589 590 591 591 592 592 561 562 563 593 594 594
565 595 596 597 598 598 569 599 600 571 601 601 602 574 603 604 605 606 607 607 608 608 609 609 580 581 610 611 611 612 613 613 584 585 614 615 587 588 589 616 617 618 618 619 620 620 621 622 623 623
624 595 596 597 625 626 626 599 600 627 627 628 629 630 603 631 605 606 632 632 633 634 635 635 636 637 638 639 639 640 641 642 643 644 614 615 645 646 647 616 617 648 648 619 649 649 621 622 650 650
624 651 652 653 625 654 655 655 656 657 657 658 629 659 659 631 660 660 661 662 633 634 663 663 636 637 638 664 664 640 641 642 643 644 665 665 645 646 647 666 667 667 668 669 670 670 671 672 673 673
674 674 652 653 675 654 676 676 656 677 677 658 678 678 679 680 680 681 681 662 682 682 683 683 684 684 685 686 687 688 689 690 690 691 692 692 693 693 694 666 695 695 668 669 696 697 671 672 698 699
700 701 701 702 702 703 703 704 705 705 706 706 707 707 679 708 709 709 710 711 711 712 713 714 715 715 685 686 687 688 689 716 717 717 718 718 719 719 720 721 721 722 723 723 696 697 724 724 698 699
700 725 726 727 727 728 728 704 729 729 730 731 731 732 733 708 734 735 735 736 736 712 713 714 737 737 738 738 739 740 741 716 742 742 743 744 745 746 720 747 748 749 749 750 751 752 753 754 755 755
756 725 726 757 757 758 759 760 760 761 730 762 763 732 733 764 734 765 765 766 767 768 769 770 770 771 772 772 739 740 741 773 773 774 743 744 745 746 775 775 748 776 776 750 751 777 753 778 779 780
756 781 782 782 783 758 759 784 785 785 786 762 763 787 788 789 789 790 790 791 767 792 769 793 794 771 795 796 797 797 798 799 800 801 801 802 802 803 804 804 805 806 807 807 808 777 809 778 779 780
810 781 811 812 813 813 814 784 815 816 817 818 818 787 788 819 820 820 821 791 822 792 823 793 794 824 795 825 825 826 798 799 827 827 828 828 829 803 830 831 805 806 832 833 834 834 835 835 836 836
837 837 811 812 838 839 814 840 840 816 817 841 842 842 843 844 844 845 821 846 822 847 847 848 848 824 849 849 850 850 851 851 852 853 854 854 855 856 830 831 857 857 832 858 858 859 860 861 862 862
863 864 865 865 838 839 866 866 867 868 868 841 869 869 870 870 871 845 872 846 873 874 875 875 876 876 877 877 878 878 879 879 852 853 880 880 855 856 881 881 882 882 883 884 885 859 860 861 886 886
863 864 887 888 889 889 890 891 867 892 892 893 894 895 896 896 897 897 872 898 873 874 899 900 901 902 903 903 904 905 906 907 907 908 909 909 910 910 911 911 912 912 883 884 913 914 915 916 916 917
918 919 887 888 920 921 921 891 922 922 923 893 894 924 924 925 926 927 927 928 928 929 899 930 901 902 931 931 904 905 906 932 932 908 933 934 935 935 936 937 937 938 939 940 913 914 915 941 941 942
918 919 943 943 944 945 946 946 947 947 948 948 949 950 950 925 951 951 952 953 954 954 955 930 956 957 958 958 959 960 960 961 961 962 933 963 964 964 936 965 965 966 939 967 967 968 968 969 970 942
971 971 972 972 944 945 973 974 975 976 976 977 977 978 978 979 979 980 952 953 981 981 982 983 956 957 984 984 959 985 986 986 987 988 988 963 989 989 990 991 992 966 993 994 995 996 996 969 970 997
998 998 999 1000 1001 1001 1002 974 975 1003 1003 1004 1005 1006 1007 1008 1008 980 1009 1009 1010 1010 982 983 1011 1012 1013 1013 1014 985 1015 1015 1016 1017 1018 1019 1020 1021 1021 991 992 1022 1022 994 995 1023 1024 1024 1025 1025
1026 1027 1027 1000 1028 1029 1002 1030 1030 1031 1032 1032 1005 1006 1007 1033 1033 1034 1035 1036 1036 1037 1037 1038 1039 1012 1040 1040 1014 1041 1042 1042 1016 1017 1018 1043 1020 1044 1045 1045 1046 1047 1047 1048 1049 1049 1050 1050 1051 1051
1052 1052 1053 1053 1028 1054 1055 1055 1056 1031 1057 1058 1059 1060 1060 1061 1062 1034 1035 1063 1064 1065 1066 1066 1039 1067 1068 1068 1069 1041 1070 1071 1072 1073 1074 1043 1075 1044 1076 1077 1046 1078 1078 1079 1079 1080 1081 1081 1082 1082
1083 1083 1084 1084 1085 1054 1086 1086 1056 1087 1087 1058 1088 1088 1089 1061 1062 1090 1090 1091 1064 1065 1092 1093 1094 1095 1095 1096 1096 1097 1097 1071 1072 1073 1098 1099 1099 1100 1100 1077 1101 1102 1102 1103 1104 1104 1105 1106 1106 1107
1108 1109 1109 1110 1085 1111 1111 1112 1113 1114 1115 1115 1116 1116 1117 1118 1118 1119 1119 1091 1120 1121 1092 1093 1094 1122 1123 1123 1124 1124 1125 1125 1126 1126 1098 1127 1128 1129 1129 1130 1131 1131 1132 1103 1133 1134 1135 1136 1136 1107
1108 1137 1138 1110 1139 1139 1140 1141 1113 1114 1142 1143 1143 1144 1117 1145 1146 1146 1147 1147 1120 1148 1149 1150 1151 1122 1152 1153 1154 1154 1155 1155 1156 1157 1157 1127 1128 1158 1159 1159 1160 1160 1132 1161 1133 1134 1135 1162 1162 1163
1164 1164 1138 1165 1165 1166 1166 1141 1167 1168 1142 1169 1170 1144 1171 1171 1172 1173 1173 1174 1174 1148 1149 1150 1151 1175 1175 1153 1176 1177 1178 1178 1179 1179 1180 1180 1181 1182 1182 1183 1184 1185 1185 1161 1186 1187 1188 1189 1189 1163
1190 1190 1191 1192 1193 1193 1194 1194 1167 1168 1195 1169 1170 1196 1197 1198 1198 1199 1200 1200 1201 1202 1202 1203 1203 1204 1204 1205 1206 1177 1207 1207 1208 1209 1210 1210 1181 1211 1211 1183 1184 1212 1213 1213 1186 1214 1188 1215 1216 1217
1218 1218 1191 1219 1220 1220 1221 1221 1222 1222 1195 1223 1224 1196 1197 1225 1226 1199 1227 1227 1201 1228 1228 1229 1229 1230 1230 1205 1206 1231 1231 1232 1232 1209 1233 1234 1235 1236 1236 1237 1237 1212 1238 1239 1239 1214 1240 1215 1216 1217
1241 1242 1243 1219 1244 1245 1246 1246 1247 1247 1248 1248 1224 1249 1250 1225 1226 1251 1252 1252 1253 1254 1254 1255 1255 1256 1257 1257 1258 1259 1260 1260 1261 1262 1262 1234 1235 1263 1264 1264 1265 1266 1267 1268 1269 1270 1240 1271 1272 1272
1241 1242 1243 1273 1244 1245 1274 1274 1275 1276 1276 1277 1277 1249 1250 1278 1279 1280 1281 1281 1253 1282 1282 1283 1284 1285 1285 1286 1258 1259 1287 1288 1289 1289 1290 1291 1292 1293 1293 1294 1265 1266 1267 1268 1269 1270 1295 1295 1296 1296
1297 1297 1298 1273 1299 1300 1301 1301 1275 1302 1303 1303 1304 1305 1305 1278 1306 1280 1307 1307 1308 1309 1309 1283 1284 1310 1311 1312 1313 1313 1287 1314 1314 1315 1290 1291 1316 1316 1317 1294 1318 1319 1319 1320 1321 1322 1322 1323 1324 1325
1326 1326 1327 1327 1299 1328 1328 1329 1329 1330 1330 1331 1331 1332 1333 1333 1306 1334 1335 1335 1308 1336 1336 1337 1337 1310 1311 1312 1338 1339 1339 1340 1340 1315 1341 1342 1342 1343 1344 1344 1318 1345 1345 1320 1321 1346 1346 1323 1324 1325
35 45 28 33 98 51 73 44 86 25 14 73 88 91 50 6 7 88 66 95 66 4 61 47 74 54 11 83 89 73 90 85 86 4 82 12 41 98 70 73 15 22 90 51 2 64 74 75 3 55
15 93 58 31 82 34 66 80 85 85 53 10 2 54 26 1 8 51 39 27 79 10 43 71 2 87 70 88 39 57 9 12 31 94 54 10 22 70 80 81 3 2 28 59 28 43 66 14 18 1
82 20 82 5 99 76 4 87 26 69 30 75 19 92 96 49 26 69 76 4 9 99 14 64 38 83 12 2 53 72 57 92 69 96 74 46 42 84 80 30 55 49 40 1 11 15 17 22 82 30
4 68 54 75 76 68 26 38 69 94 41 71 16 89 35 48 80 78 75 38 80 44 6 24 70 21 2 13 45 98 65 3 26 9 45 62 59 40 40 8 45 2 55 8 46 18 86 23 98 99
19 65 98 13 95 74 0 41 94 50 4 61 74 7 80 70 50 52 26 23 61 37 90 4 79 13 35 78 26 63 13 58 2 10 61 95 4 74 32 18 88 13 56 72 14 26 94 93 26 28
7 16 69 92 46 99 9 18 11 52 60 4 10 52 47 83 11 84 79 85 83 14 75 60 40 3 76 33 34 19 72 39 4 8 75 6 61 64 5 11 82 33 30 77 42 7 12 7 82 95
52 15 17 26 19 46 85 71 44 77 18 24 2 1 0 65 72 62 49 49 68 15 46 72 77 54 65 59 44 29 0 38 77 51 53 26 66 12 54 67 48 21 92 44 82 73 85 36 70 53
15 79 66 49 22 19 51 93 17 47 52 34 26 76 52 60 89 33 93 80 94 50 21 90 21 7 51 28 73 84 43 15 23 37 34 30 40 12 56 69 82 16 85 63 51 73 8 26 12 0
23 94 91 16 30 64 59 23 33 18 25 41 64 26 87 19 86 77 55 8 41 69 78 75 18 21 39 41 21 57 4 38 84 61 85 38 49 11 18 25 86 16 21 1 41 33 96 31 88 90
79 3 29 91 84 64 21 10 70 51 60 82 86 13 35 37 37 11 69 78 98 27 44 6 15 55 62 7 2 90 19 15 92 2 97 71 62 51 54 12 96 80 76 99 51 57 88 38 67 49
32 78 47 42 6 47 70 4 55 22 51 21 0 17 19 4 4 16 27 46 20 92 58 1 96 60 91 61 7 95 97 99 98 52 40 55 53 50 4 2 76 20 27 19 25 98 58 16 74 80
73 51 46 59 59 9 94 45 18 37 36 99 90 47 67 96 97 6 60 61 70 82 49 9 5 89 39 25 20 41 44 69 52 99 49 59 17 45 33 75 32 87 29 58 62 20 5 94 70 83
69 31 98 84 38 38 44 44 39 54 57 35 42 57 92 23 50 63 42 91 22 19 52 13 17 71 78 1 84 98 89 49 75 33 14 68 4 71 3 92 48 67 39 88 14 65 59 5 69 54
64 31 43 87 43 73 13 60 55 32 44 62 18 59 57 73 41 38 89 6 33 14 28 49 89 58 39 87 63 7 65 84 47 63 67 60 96 73 61 29 44 29 53 51 50 28 71 55 1 43
34 66 54 69 5 0 8 94 21 28 38 86 98 48 70 10 9 86 90 58 76 6 6 57 33 8 23 39 46 73 62 73 31 58 26 89 98 96 91 75 82 64 18 0 76 56 19 62 73 59
77 47 50 29 49 22 80 28 6 88 10 24 25 4 9 44 9 95 99 19 4 84 42 44 13 88 9 91 59 27 93 0 50 86 39 39 0 50 47 6 73 59 48 72 59 81 65 4 55 57
96 89 32 31 21 25 5 33 74 12 32 14 21 92 51 25 26 50 59 17 38 92 51 60 47 68 24 81 42 10 96 81 32 86 52 23 31 27 64 70 50 52 0 59 80 10 91 67 39 12
30 12 90 63 57 58 72 85 37 84 61 44 85 88 10 43 51 70 37 4 43 8 15 13 80 42 1 37 63 70 17 61 14 66 96 74 76 92 46 81 39 43 72 2 22 24 34 30 65 92
87 20 72 9 49 86 73 66 80 61 66 18 79 27 16 12 35 11 65 62 18 15 66 97 65 3 44 9 88 93 11 85 98 26 84 84 8 14 37 27 77 36 89 55 59 88 41 97 6 65
34 71 3 83 80 13 44 70 64 35 36 23 47 18 31 77 0 79 14 35 68 70 38 32 38 37 76 53 12 76 54 42 18 28 87 67 59 21 90 45 86 96 83 30 67 11 8 97 9 7
5 39 42 94 39 43 28 97 85 32 28 38 1 68 78 62 9 23 7 80 4 64 51 94 99 83 32 20 64 51 98 55 89 11 84 32 14 30 6 81 90 99 66 71 19 75 87 55 87 20
38 28 6 47 21 21 1 20 34 98 60 11 73 15 28 85 85 40 95 33 90 4 49 28 58 69 23 68 54 63 74 25 42 51 21 75 82 97 49 12 42 0 80 2 50 74 56 25 74 39
98 66 74 39 0 29 90 75 27 47 50 94 31 90 38 55 84 9 17 20 16 95 74 26 48 20 55 33 80 43 70 0 90 47 66 59 72 85 20 95 84 69 10 86 40 90 17 14 4 49
19 47 79 38 97 61 96 55 57 55 38 34 56 1 89 9 31 50 17 90 98 76 16 16 80 72 43 11 62 32 26 24 31 58 81 82 53 99 15 8 30 47 39 74 84 73 62 97 75 88
15 56 60 75 43 68 97 1 19 57 65 79 32 44 33 36 5 33 31 55 39 11 43 74 76 58 54 93 0 74 43 2 78 41 63 88 89 37 50 82 54 73 59 12 83 3 47 94 77 75
1 46 22 66 52 55 88 9 16 14 78 22 33 84 94 46 84 74 59 7 96 28 91 3 24 26 9 60 69 59 55 68 59 26 83 70 70 39 57 38 59 89 98 14 40 37 89 26 54 85
1 19 69 70 49 88 76 9 85 82 45 66 43 43 62 22 91 24 58 64 52 58 44 45 41 90 48 63 91 43 4 20 26 75 99 1 89 7 34 70 62 22 58 63 49 17 9 54 64 7
50 77 88 41 78 89 49 16 66 50 83 98 88 77 48 18 25 65 69 7 1 29 56 31 90 40 6 48 77 5 4 10 45 85 75 98 91 60 98 68 63 17 5 66 1 65 19 12 29 12
12 64 48 40 6 10 2 6 42 44 60 32 22 98 90 21 62 29 13 61 81 0 64 76 69 2 27 7 53 96 44 35 88 70 35 41 45 76 25 54 74 22 11 59 15 35 27 72 59 33
67 29 50 62 76 98 34 53 30 16 37 75 51 81 1 96 75 50 66 91 22 71 19 33 2 71 87 99 21 52 18 65 34 90 65 40 27 64 30 75 15 87 91 83 78 73 34 16 56 63
74 8 75 85 61 39 41 24 46 98 48 57 66 81 16 4 90 49 74 11 87 66 24 18 51 42 95 0 37 48 79 88 71 91 24 6 1 89 96 15 59 90 72 81 63 97 58 5 64 49
48 30 47 95 72 95 70 37 2 53 7 65 50 43 38 1 42 11 47 58 94 91 88 46 1 72 51 12 78 1 20 28 2 59 13 62 61 86 92 43 85 42 92 91 20 45 49 36 28 65
14 89 35 47 3 45 82 65 85 1 57 57 89 74 64 98 66 64 38 33 88 4 98 27 58 73 90 58 99 62 51 24 20 26 80 67 61 96 72 21 71 24 40 86 15 79 87 0 71 34
68 45 0 17 96 91 57 95 60 28 65 75 90 37 75 47 88 39 97 26 72 79 52 21 33 49 52 28 22 55 21 87 68 83 0 28 68 86 38 65 40 52 71 26 32 43 97 31 37 61
76 62 24 90 10 25 26 59 32 86 22 97 57 15 64 84 23 74 38 33 11 7 44 35 23 37 24 91 95 77 30 11 29 61 86 19 71 72 84 39 26 17 91 13 25 11 68 78 3 98
3 98 29 2 92 92 52 21 33 71 69 55 17 25 2 74 66 79 28 59 70 32 59 40 42 3 91 94 50 40 37 39 19 97 72 4 83 25 50 34 48 68 8 93 82 44 16 74 61 33
86 73 56 10 84 39 87 55 0 18 8 69 44 12 22 39 3 50 50 47 54 96 40 22 3 45 21 81 2 86 81 64 21 12 35 88 18 90 42 6 44 29 96 36 11 34 52 59 40 75
98 87 12 85 17 86 88 28 96 51 59 81 41 6 64 78 6 27 42 83 28 3 52 95 5 94 31 74 17 2 73 38 81 28 1 65 70 46 85 72 45 39 23 79 63 67 87 66 53 71
66 36 73 36 96 3 80 1 25 62 87 46 2 40 68 19 66 36 30 0 49 22 96 75 31 37 6 29 39 16 13 28 61 8 93 86 56 5 35 87 67 59 70 13 93 62 26 64 74 59
98 66 17 42 5 9 32 41 68 0 58 68 22 56 74 62 52 1 8 72 43 87 94 64 90 73 99 10 81 88 81 31 39 45 21 63 86 77 3 57 13 48 73 11 95 98 53 78 51 96
91 93 61 31 98 61 83 34 63 94 50 63 4 60 20 59 34 69 78 43 19 22 78 89 12 73 33 18 22 55 43 13 79 51 74 25 13 99 73 46 25 47 94 38 41 21 12 95 89 67
6 53 79 67 7 14 28 31 51 8 58 91 89 78 47 11 58 19 82 75 52 69 48 62 89 31 54 3 28 66 9 4 40 34 84 5 65 21 50 19 45 27 66 34 35 81 57 79 90 21
86 43 95 96 27 97 17 67 11 32 37 76 24 49 58 30 51 15 20 99 39 40 45 34 43 26 58 96 46 66 74 18 43 0 85 64 60 36 94 76 37 52 7 10 53 42 44 42 39 42
84 42 63 41 72 10 44 57 79 43 43 84 12 0 98 71 82 26 59 49 7 12 61 68 70 19 80 39 49 29 37 24 19 24 0 31 57 24 48 33 99 54 67 49 39 33 57 42 43 15
51 61 49 42 72 47 83 41 74 21 72 97 40 82 20 67 30 15 75 97 55 58 10 25 81 66 46 65 75 37 54 43 23 2 13 77 39 84 69 56 90 64 58 83 57 45 54 77 1 54
41 15 77 2 76 37 6 66 13 96 8 99 21 13 35 43 52 48 71 4 96 64 39 69 96 35 11 12 14 24 19 91 38 13 49 86 78 48 40 10 89 50 65 88 34 4 61 96 52 40
83 17 59 13 73 48 14 55 57 3 52 57 86 38 50 8 41 25 46 27 1 75 71 44 67 24 8 51 3 63 10 91 4 83 66 86 40 62 51 69 65 98 48 76 89 99 47 5 52 24
55 89 89 61 4 11 18 73 67 52 95 25 28 22 81 59 75 74 71 30 29 88 34 50 80 92 19 7 46 37 14 52 69 46 10 65 32 90 90 56 32 57 72 89 16 7 67 2 4 3
23 16 81 5 25 92 42 58 74 22 36 82 61 39 70 97 75 9 28 44 83 8 96 62 59 88 15 47 60 29 32 30 65 3 96 54 52 25 45 31 12 74 91 92 30 27 24 68 10 92
10 65 99 79 12 99 89 44 42 54 4 13 79 75 83 30 4 35 32 50 96 87 18 0 97 3 80 19 65 47 85 26 20 9 25 10 3 85 17 55 3 28 99 84 14 26 59 76 8 44
