16 21
0 0 1 1 2 3 4 5 5 6 7 8 8 9 9 10 10 11 11 12 12 13 13 14 15 15 16 17 17 18 19 20 21 21 22 23 23 24 25 25 26 26 27 28 28 29 30 30 31 31
32 32 33 34 34 3 4 35 36 6 37 38 39 40 41 41 42 42 43 43 44 45 46 46 47 48 16 49 50 18 19 20 51 52 53 54 54 24 55 56 57 58 59 59 60 29 61 61 62 62
63 64 33 65 66 67 67 35 36 68 37 69 39 40 70 71 71 72 73 73 74 45 75 76 47 48 77 78 50 79 80 81 81 52 53 82 82 83 55 84 57 58 85 86 60 87 88 88 89 90
63 91 92 92 66 93 93 94 94 68 95 69 96 96 97 97 98 72 99 99 74 100 75 101 101 102 77 78 103 79 104 105 106 107 108 109 109 110 110 84 111 111 85 112 112 87 113 113 89 90
114 91 115 116 117 118 118 119 119 120 120 121 122 123 124 124 98 125 125 126 127 100 128 129 129 130 130 131 103 132 104 105 106 133 108 134 134 135 136 137 138 139 140 140 141 141 142 142 143 144
114 145 115 116 146 147 147 148 148 149 149 150 122 123 151 152 153 154 154 126 127 155 128 156 156 157 157 131 158 132 159 160 160 133 161 162 162 135 136 137 138 139 163 163 164 165 166 167 143 144
168 145 169 169 146 170 171 172 173 174 174 150 175 175 151 152 153 176 177 178 178 155 179 180 181 182 183 184 158 185 186 187 187 188 161 189 190 190 191 191 192 192 193 193 164 165 194 167 195 195
168 196 197 198 199 170 171 172 173 200 201 202 202 203 204 204 205 176 206 207 208 209 209 180 181 182 183 184 210 185 186 211 211 188 212 213 214 215 216 217 217 218 219 220 220 221 194 222 223 224
225 196 197 226 199 227 227 228 228 229 201 230 231 232 232 233 205 234 206 207 235 236 236 237 238 238 239 240 241 242 242 243 244 245 212 213 214 215 216 246 246 218 219 247 248 248 249 222 223 224
250 250 251 226 252 253 254 255 255 229 256 230 231 257 258 259 259 260 260 261 235 262 263 237 264 265 239 240 241 266 266 243 267 245 268 269 269 270 270 271 271 272 272 247 273 274 249 275 276 276
277 277 278 279 280 253 281 281 282 283 256 284 284 257 258 285 285 286 287 288 289 289 263 290 264 291 292 292 293 293 294 295 267 296 297 298 299 299 300 301 302 302 303 303 273 274 304 305 306 306
307 307 278 279 280 308 309 310 282 283 311 311 312 312 313 313 314 286 287 288 315 316 317 318 318 291 319 319 320 321 294 322 322 296 297 323 323 324 300 325 325 326 326 327 327 328 328 305 329 329
330 331 331 332 332 308 309 333 334 335 336 337 337 338 339 339 314 340 340 341 315 316 317 342 343 344 345 345 320 321 346 346 347 348 348 349 349 324 350 350 351 351 352 353 353 354 354 355 355 356
330 357 358 359 360 360 361 333 334 335 336 362 363 338 364 364 365 365 366 366 367 368 369 342 343 344 370 370 371 371 372 372 347 373 373 374 375 375 376 377 377 378 352 379 379 380 380 381 381 382
383 357 358 359 384 385 386 387 388 389 389 362 390 391 392 392 393 393 394 395 367 368 369 396 396 397 398 399 400 401 402 403 404 405 406 374 407 407 408 409 409 378 410 410 411 411 412 413 413 382
383 414 415 415 384 385 386 387 416 417 418 418 390 391 419 419 420 420 394 395 421 422 423 424 425 397 398 426 400 401 402 403 404 405 406 427 428 428 408 429 430 431 432 433 433 434 412 435 436 436
437 414 438 439 440 440 441 441 416 417 442 443 444 445 445 446 446 447 448 449 421 422 423 424 425 450 450 426 451 452 452 453 453 454 455 427 456 456 457 429 430 431 432 458 459 434 460 435 461 461
437 462 438 463 463 464 465 465 466 467 467 443 444 468 469 469 470 471 448 449 472 472 473 473 474 474 475 475 476 477 478 479 480 454 481 481 482 483 457 484 485 485 486 486 459 487 487 488 489 490
491 462 492 493 494 464 495 495 496 497 497 498 498 468 499 500 470 471 501 502 502 503 503 504 505 505 506 507 476 477 508 479 480 509 509 510 482 483 511 484 512 512 513 514 514 515 516 516 489 490
517 517 492 518 494 519 520 521 496 522 522 523 523 524 524 500 525 526 501 527 527 528 528 504 529 530 506 507 531 532 508 533 534 534 535 510 536 537 511 538 539 539 540 541 542 543 544 544 545 545
546 547 547 518 548 519 520 549 549 550 551 551 552 553 554 554 525 555 555 556 557 558 559 560 529 530 561 561 531 532 562 533 563 563 564 565 536 537 566 538 567 567 540 541 542 543 568 568 569 570
546 571 572 573 548 574 575 576 577 550 578 579 552 553 580 580 581 582 583 556 557 558 559 560 584 584 585 586 587 588 562 589 590 590 564 565 591 591 592 592 593 594 595 596 596 597 598 599 600 570
601 571 572 573 602 602 575 576 577 603 578 579 604 605 606 606 581 582 607 608 609 610 611 611 612 612 585 586 587 588 613 589 614 614 615 616 617 618 619 619 593 594 595 620 621 621 598 599 600 622
623 624 625 626 627 628 628 629 630 603 631 631 604 605 632 633 634 635 607 608 609 636 636 637 638 639 639 640 641 642 613 643 644 645 615 616 617 618 646 647 648 648 649 620 650 651 652 653 654 654
623 624 625 626 627 655 656 656 630 657 657 658 658 659 659 633 634 635 660 661 662 662 663 637 638 664 664 665 641 642 666 667 644 645 668 668 669 670 670 647 671 672 649 673 650 651 652 653 674 674
675 676 676 677 678 655 679 680 680 681 682 683 684 684 685 686 687 688 660 689 690 691 691 692 692 693 694 665 695 696 666 667 697 697 698 699 669 700 700 701 671 702 702 673 703 704 705 706 706 707
675 708 708 677 709 709 679 710 711 712 682 683 713 713 685 686 687 688 714 689 715 716 717 718 719 693 720 721 695 696 722 722 723 724 724 699 725 725 726 727 727 728 729 730 703 704 705 731 731 707
732 732 733 734 734 735 735 736 711 712 737 737 738 738 739 740 741 742 714 743 715 716 717 718 744 744 720 721 745 746 746 747 723 748 749 750 751 752 726 753 753 728 729 754 755 756 756 757 757 758
759 760 760 761 762 762 763 736 764 765 766 767 768 768 769 740 741 770 771 772 772 773 774 774 775 775 776 776 745 777 777 747 778 748 749 750 751 752 779 780 780 781 782 754 755 783 783 784 784 785
786 787 787 761 788 789 789 790 764 791 766 792 792 793 769 794 794 770 795 796 796 797 797 798 799 799 800 800 801 801 802 803 803 804 805 806 807 808 809 809 810 781 782 811 812 812 813 813 814 785
786 815 815 816 816 817 818 819 819 791 820 820 821 793 822 823 824 825 795 826 827 827 828 798 829 830 830 831 832 832 802 833 834 835 805 806 807 836 837 838 838 839 839 840 841 841 842 843 814 844
845 845 846 846 847 847 818 848 848 849 850 851 821 852 822 823 824 825 853 826 854 854 828 855 829 856 856 857 857 858 858 859 834 835 860 860 861 836 837 862 863 864 864 840 865 865 842 843 866 844
867 868 868 869 869 870 871 871 872 849 850 851 873 852 874 875 875 876 877 878 878 879 880 880 881 881 882 882 883 884 884 859 885 886 886 887 887 888 889 890 863 891 892 893 894 894 895 895 866 896
867 897 898 899 899 870 900 900 901 902 902 903 873 904 904 905 905 876 877 906 907 907 908 909 909 910 911 912 883 913 913 914 914 915 915 916 916 917 889 890 918 891 892 893 919 920 921 922 922 896
923 897 898 924 925 926 927 928 901 929 929 903 930 931 932 933 934 934 935 936 937 938 908 939 940 940 911 912 941 941 942 942 943 943 944 944 945 917 946 946 918 947 948 949 919 920 921 950 951 952
923 953 953 924 925 926 927 928 954 955 955 956 930 931 932 933 957 957 935 936 958 938 959 959 960 960 961 961 962 962 963 964 964 965 966 966 945 967 967 968 969 969 948 970 971 971 972 973 951 952
974 974 975 975 976 977 977 978 954 979 979 956 980 980 981 982 982 983 984 984 958 985 986 986 987 988 988 989 990 991 992 993 994 965 995 996 996 997 997 998 998 999 999 970 1000 1000 972 973 1001 1002
1003 1004 1004 1005 1005 1006 1006 978 1007 1008 1009 1010 1011 1011 981 1012 1012 983 1013 1014 1015 1016 1016 1017 987 1018 1019 1019 990 991 992 993 1020 1020 995 1021 1021 1022 1022 1023 1023 1024 1024 1025 1026 1026 1027 1028 1001 1002
1003 1029 1029 1030 1030 1031 1032 1033 1033 1008 1009 1010 1034 1035 1036 1036 1037 1037 1013 1014 1015 1038 1038 1039 1039 1018 1040 1040 1041 1042 1042 1043 1044 1045 1045 1046 1046 1047 1047 1048 1049 1049 1050 1025 1051 1052 1053 1028 1054 1054
1055 1055 1056 1057 1057 1031 1058 1058 1059 1060 1061 1062 1034 1035 1063 1063 1064 1064 1065 1065 1066 1066 1067 1068 1069 1069 1070 1070 1041 1071 1072 1043 1044 1073 1073 1074 1074 1075 1076 1076 1077 1077 1050 1078 1079 1052 1053 1080 1080 1081
1082 1083 1083 1084 1085 1086 1087 1087 1059 1060 1061 1062 1088 1088 1089 1089 1090 1090 1091 1091 1092 1093 1067 1068 1094 1095 1096 1097 1097 1071 1072 1098 1098 1099 1100 1101 1102 1102 1103 1104 1104 1105 1106 1078 1079 1107 1108 1109 1110 1081
1082 1111 1111 1084 1085 1112 1113 1113 1114 1115 1115 1116 1117 1117 1118 1118 1119 1120 1120 1121 1092 1093 1122 1123 1094 1095 1124 1125 1125 1126 1127 1127 1128 1099 1100 1129 1130 1130 1103 1131 1132 1105 1133 1133 1134 1134 1108 1109 1135 1136
1137 1138 1138 1139 1139 1112 1140 1140 1114 1141 1142 1142 1143 1144 1144 1145 1119 1146 1147 1121 1148 1149 1122 1123 1150 1150 1124 1151 1152 1126 1153 1153 1154 1154 1155 1129 1156 1157 1158 1131 1159 1159 1160 1160 1161 1162 1162 1163 1135 1136
1164 1164 1165 1166 1167 1168 1168 1169 1169 1170 1170 1171 1143 1172 1172 1173 1174 1146 1175 1175 1148 1176 1176 1177 1177 1178 1178 1151 1152 1179 1180 1180 1181 1181 1155 1182 1156 1157 1183 1184 1185 1185 1186 1187 1161 1188 1189 1189 1190 1191
1192 1193 1194 1166 1195 1195 1196 1197 1198 1198 1199 1200 1200 1201 1202 1173 1174 1203 1203 1204 1204 1205 1205 1206 1207 1208 1209 1210 1210 1211 1211 1212 1212 1213 1213 1214 1215 1215 1183 1184 1216 1217 1186 1187 1218 1219 1220 1220 1190 1191
1192 1193 1194 1221 1222 1222 1196 1197 1223 1223 1224 1224 1225 1225 1202 1226 1227 1227 1228 1228 1229 1229 1230 1231 1207 1208 1209 1232 1233 1234 1234 1235 1235 1236 1236 1214 1237 1238 1238 1239 1216 1217 1240 1241 1242 1219 1243 1244 1244 1245
1246 1247 1247 1248 1248 1249 1250 1251 1252 1253 1254 1255 1255 1256 1257 1257 1258 1259 1259 1260 1260 1261 1261 1231 1262 1263 1263 1232 1264 1264 1265 1265 1266 1267 1267 1268 1268 1269 1269 1239 1270 1271 1271 1241 1242 1272 1272 1273 1273 1245
1274 1275 1276 1277 1277 1249 1250 1251 1252 1253 1254 1278 1278 1256 1279 1279 1280 1280 1281 1282 1283 1284 1285 1285 1262 1286 1287 1288 1289 1290 1290 1291 1266 1292 1293 1293 1294 1295 1296 1296 1297 1297 1298 1299 1300 1301 1302 1302 1303 1304
1274 1275 1276 1305 1306 1307 1307 1308 1309 1310 1311 1311 1312 1313 1313 1314 1314 1315 1281 1282 1283 1284 1316 1316 1317 1286 1287 1288 1318 1318 1319 1291 1320 1292 1321 1321 1294 1295 1322 1322 1323 1324 1324 1299 1300 1325 1325 1326 1303 1304
1327 1328 1328 1305 1306 1329 1329 1308 1309 1310 1330 1330 1331 1331 1332 1332 1333 1315 1334 1335 1335 1336 1337 1337 1338 1338 1339 1339 1340 1340 1341 1341 1320 1342 1342 1343 1343 1344 1344 1345 1345 1346 1346 1347 1347 1348 1348 1326 1349 1349
34 50 62 42 90 54 30 58 87 31 83 37 44 21 39 92 27 40 39 54 1 76 52 46 80 43 20 78 15 12 14 83 29 10 85 35 61 37 72 34 55 45 51 16 38 35 40 4 29 29
4 20 27 78 2 33 0 73 25 68 62 74 60 71 99 39 55 71 82 28 68 6 28 4 9 57 91 54 96 5 16 72 7 51 69 8 20 87 62 48 58 3 68 51 72 49 54 93 69 78
59 43 45 44 43 20 42 72 59 89 69 90 39 92 7 47 27 82 84 85 44 1 75 4 46 85 84 26 79 63 53 61 29 2 60 38 99 95 96 84 99 76 68 2 18 64 62 30 69 22
70 37 40 20 69 67 19 69 77 39 23 10 54 73 84 96 35 38 33 4 21 71 51 19 9 92 33 48 83 72 67 29 35 10 31 35 92 48 9 8 71 18 96 59 18 24 67 65 98 34
55 28 63 41 4 15 47 53 88 89 13 7 57 47 1 49 43 45 40 83 11 4 87 15 5 20 29 35 62 77 94 99 28 85 10 38 25 45 54 77 29 13 82 89 21 42 55 90 2 19
68 13 63 87 19 54 69 47 62 21 23 43 12 74 13 16 97 65 30 92 58 29 29 79 71 27 92 12 5 94 40 46 49 22 45 18 82 40 54 64 18 24 49 42 87 14 29 30 0 45
29 97 75 78 94 76 82 93 23 29 51 73 60 11 62 89 20 54 45 2 20 22 62 69 75 21 45 26 44 18 34 89 50 84 81 36 10 93 33 69 32 38 90 14 54 86 33 54 17 41
50 38 13 4 53 50 46 24 44 40 73 74 12 6 45 59 5 31 62 29 91 53 92 93 86 3 36 87 68 28 68 76 74 57 36 29 39 91 97 91 74 92 3 41 90 51 59 7 67 22
13 27 57 33 21 97 35 52 75 78 7 97 25 9 89 24 0 86 86 12 53 96 20 87 22 67 0 47 74 48 42 35 18 43 89 59 9 81 64 11 32 86 60 80 36 4 38 5 84 6
67 54 73 34 32 41 22 33 42 0 26 36 20 32 95 88 85 29 1 71 75 6 76 67 71 97 81 43 7 68 88 78 16 53 50 10 28 88 45 28 65 97 58 35 49 70 64 48 58 96
77 27 58 69 72 4 80 84 18 33 60 55 77 12 17 76 20 3 97 29 21 10 94 99 81 26 12 32 99 50 91 11 23 79 63 70 0 38 25 85 16 46 0 12 97 68 39 1 69 46
43 9 83 57 94 19 54 49 62 33 54 77 87 18 14 2 98 39 25 22 86 18 59 19 0 56 77 29 18 65 62 5 55 93 30 55 75 96 9 66 51 21 0 84 1 65 78 56 22 95
1 34 93 60 62 82 59 68 6 57 63 59 99 49 60 30 39 17 70 70 67 38 11 90 16 55 56 62 49 42 97 10 52 32 82 37 2 27 19 29 44 1 26 30 21 3 45 42 44 3
52 0 66 32 36 63 28 93 31 57 46 74 58 38 96 15 6 6 34 4 62 37 9 82 99 70 39 61 14 8 51 37 74 4 57 50 22 77 81 1 14 16 63 18 89 62 37 32 65 49
82 27 33 54 54 74 36 47 42 57 54 34 73 71 25 19 65 2 66 21 38 25 80 76 35 61 29 95 72 98 65 69 30 52 91 96 27 56 71 83 39 31 15 94 26 3 63 98 65 88
54 62 56 0 91 71 62 17 72 52 68 71 88 62 70 88 89 73 60 32 95 5 77 26 59 2 31 22 84 90 63 4 37 58 25 82 70 55 41 53 9 94 29 3 98 90 1 61 24 77
85 26 71 90 12 7 19 72 19 96 84 30 71 60 0 46 41 80 44 90 25 51 17 60 13 37 93 15 8 94 95 1 48 87 36 63 54 44 20 25 10 96 18 9 68 23 76 53 96 85
8 36 12 81 11 88 14 33 19 4 49 85 26 28 54 39 14 83 30 2 53 53 60 81 70 11 20 59 80 64 0 15 10 61 35 59 1 55 27 3 34 67 81 20 38 37 83 76 59 26
83 92 71 22 78 0 70 64 57 78 13 96 38 95 11 15 22 89 17 2 11 45 47 88 24 35 74 17 55 7 51 86 5 13 87 46 95 62 17 12 73 83 65 93 99 56 60 93 72 49
16 58 23 81 70 9 90 63 12 29 34 47 25 86 52 17 10 37 56 19 73 36 34 59 84 65 39 97 71 38 0 99 2 92 17 62 24 67 88 20 83 66 18 30 91 63 70 78 9 90
83 97 32 96 91 92 33 9 90 73 89 11 67 68 68 65 86 93 97 18 16 99 39 61 42 65 28 77 67 7 16 60 41 99 18 77 28 88 25 6 88 43 45 53 92 10 84 38 91 58
60 98 35 28 83 16 87 75 86 66 32 29 71 90 63 71 66 49 48 8 33 34 78 99 63 13 18 70 45 14 22 7 59 61 82 39 46 86 57 81 99 44 76 62 26 32 83 47 82 19
29 67 76 44 98 21 95 12 15 68 22 70 5 68 84 58 4 65 85 92 91 61 41 84 38 67 45 26 0 48 20 8 80 41 23 6 80 57 81 88 0 13 32 15 46 92 57 53 62 42
65 35 49 96 81 38 63 35 83 19 13 30 42 10 75 89 43 36 50 91 65 16 54 28 3 53 5 13 86 53 4 81 31 62 91 97 25 17 13 55 72 24 56 3 56 19 84 77 47 28
32 26 15 85 29 66 54 52 6 23 9 38 59 92 64 44 9 4 58 77 55 66 29 44 81 16 18 76 34 47 63 11 68 93 65 22 84 86 1 62 22 43 1 64 88 15 66 80 4 41
53 41 57 16 73 33 60 51 17 75 62 11 36 51 14 11 78 68 97 90 9 82 63 17 25 74 87 61 24 64 13 62 60 60 95 75 1 38 94 34 21 32 61 43 98 80 4 37 76 9
52 54 29 99 92 92 70 38 82 2 78 22 91 66 58 11 27 76 89 56 72 69 37 15 44 60 59 4 94 57 46 23 96 48 20 27 22 33 25 90 51 84 6 19 16 66 30 34 45 18
51 69 70 76 7 70 50 78 0 98 60 95 89 75 61 93 74 40 5 12 62 78 94 37 71 82 17 36 85 99 82 13 6 94 51 40 13 77 80 26 19 12 89 91 90 78 69 51 8 46
56 55 31 75 25 56 57 7 44 61 75 50 96 26 17 80 6 92 59 18 92 77 6 50 21 20 20 9 89 86 21 47 80 92 12 64 22 79 57 45 26 1 10 72 74 2 73 1 82 15
88 20 23 65 18 38 53 16 22 70 69 63 45 58 42 89 92 31 9 3 12 45 74 37 39 2 24 25 82 99 58 1 46 56 73 54 62 42 51 57 77 7 88 27 10 48 86 40 64 52
44 10 62 96 50 36 0 21 88 83 95 60 6 96 80 14 34 91 1 21 44 85 17 45 45 48 24 2 9 36 77 25 76 28 81 13 58 17 99 28 31 53 5 24 69 98 87 74 3 80
20 45 10 88 48 21 24 52 99 80 18 56 60 25 22 91 90 49 71 39 5 46 73 62 50 71 76 88 1 37 45 98 47 34 75 19 26 90 30 89 55 81 37 78 51 68 27 73 97 8
6 86 17 94 44 13 66 46 10 48 97 87 2 48 37 76 25 75 85 3 35 74 65 42 2 45 15 71 98 14 12 30 23 37 83 74 9 69 74 30 3 87 35 45 30 36 28 98 8 85
19 60 8 15 72 50 47 31 13 11 90 52 3 26 3 6 6 78 53 72 37 82 77 34 81 29 23 47 47 90 9 6 62 84 59 51 44 29 30 76 80 77 60 55 20 73 83 52 75 19
68 57 8 75 57 8 62 37 47 39 67 75 68 10 15 92 38 60 24 9 60 63 62 75 45 75 92 87 23 32 98 57 30 11 21 21 44 55 45 47 63 72 29 13 52 81 79 54 12 32
62 7 10 95 27 93 12 46 2 9 7 88 54 33 34 15 66 1 34 60 71 64 86 70 33 76 83 57 55 87 4 13 84 41 20 32 35 16 42 17 88 77 13 80 26 19 58 78 36 70
61 85 21 62 88 80 39 33 47 27 65 44 64 54 50 35 82 15 33 4 74 85 24 79 73 40 68 31 98 4 0 19 59 46 42 49 44 54 21 64 33 87 11 72 41 18 42 71 32 28
6 85 46 4 71 2 74 87 55 21 10 69 77 3 21 56 17 26 86 72 96 66 94 59 60 7 21 75 61 81 53 45 38 19 96 75 90 95 36 26 26 0 50 85 38 43 56 34 77 7
19 96 30 84 48 80 59 9 81 20 11 44 63 30 70 42 21 20 82 8 32 51 58 98 92 69 45 80 6 59 35 17 98 12 45 2 94 59 69 10 15 5 39 66 14 74 31 63 44 37
13 89 60 0 48 85 36 20 58 21 38 67 30 11 47 2 54 15 21 0 91 61 39 64 69 64 99 76 90 86 6 59 87 52 25 26 88 34 56 58 59 11 59 78 77 87 2 98 85 59
6 59 86 57 66 74 54 77 96 46 20 74 37 65 35 62 63 89 45 52 5 90 39 3 27 53 51 55 16 39 28 37 1 30 56 59 48 96 96 42 90 61 35 7 47 40 39 27 97 96
87 91 24 10 40 69 68 55 65 94 78 5 0 56 90 16 84 97 76 53 66 20 65 55 94 13 64 48 92 40 4 82 79 69 19 20 35 0 65 4 60 63 18 66 80 75 62 30 69 77
93 69 57 4 56 35 48 94 78 62 22 3 35 95 38 78 22 62 86 13 45 51 74 22 92 77 33 95 66 44 17 10 5 99 8 33 43 93 50 89 17 87 80 76 3 76 82 36 40 82
28 55 44 14 18 8 13 40 81 79 18 28 11 50 87 10 98 86 12 48 93 23 36 51 6 40 63 83 61 60 62 70 95 51 46 62 90 79 26 23 84 78 31 38 5 61 85 90 51 6
99 92 2 86 15 14 3 82 61 56 28 70 48 88 78 93 48 50 51 14 32 98 51 57 89 14 73 74 88 44 12 5 86 77 76 38 31 24 89 46 62 41 20 89 99 84 70 4 45 37
25 47 59 40 63 94 47 0 81 46 93 61 83 38 45 20 21 21 24 23 3 56 20 74 54 30 61 18 86 19 40 61 2 36 57 62 13 82 82 50 58 66 95 88 10 46 94 97 54 38
16 34 75 79 53 2 75 42 46 70 10 76 12 77 18 21 72 93 84 38 57 80 86 91 44 40 88 47 35 61 40 56 78 66 18 26 17 23 5 3 98 80 61 94 56 21 21 0 18 1
17 77 65 30 3 59 81 44 30 60 1 16 17 34 48 52 82 67 97 97 68 93 33 91 85 31 11 60 96 63 0 18 50 81 5 58 3 12 0 78 23 69 26 10 29 70 9 33 57 12
51 54 54 87 23 72 6 15 11 40 6 27 71 90 58 34 69 59 70 85 55 26 32 21 35 32 82 87 54 68 53 98 74 6 4 84 85 48 78 51 29 20 74 17 61 49 59 0 22 61
41 14 20 76 97 46 97 63 72 49 39 78 7 70 47 0 77 47 11 75 29 10 6 54 43 73 35 8 11 50 37 82 14 95 88 31 29 77 35 91 62 63 29 26 48 89 82 36 77 52
