31 14
0 1 1 2 2 3 4 4 5 6 7 7 8 9 9 10 11 11 12 12 13 14 15 16 16 17 18 18 19 20 21 21 22 23 23 24 24 25 26 27 28 29 29 30 31 31 32 32 33 34
35 35 36 37 37 38 38 39 5 6 40 41 8 42 43 44 44 45 46 46 13 14 15 47 48 49 49 50 19 51 51 52 52 53 53 54 55 55 26 27 56 56 57 57 58 59 59 60 61 34
62 63 36 64 65 66 66 39 67 68 40 69 70 42 43 71 72 72 73 74 74 75 75 47 48 76 76 50 77 78 79 80 81 82 83 54 84 84 85 86 86 87 88 88 58 89 90 60 61 91
62 63 92 64 93 93 94 94 67 68 95 69 70 96 97 71 98 99 100 101 101 102 103 103 104 105 106 106 77 78 79 80 81 82 83 107 107 108 108 109 109 87 110 110 111 89 112 113 114 114
115 116 117 118 119 120 120 121 122 123 95 124 125 96 97 126 98 99 100 127 127 102 128 129 104 105 130 131 131 132 133 133 134 135 136 137 137 138 139 140 140 141 142 143 143 144 112 113 145 146
147 116 117 118 119 148 149 150 122 123 151 124 125 152 152 126 153 153 154 154 155 155 128 129 156 156 130 157 158 158 159 159 134 135 136 160 161 161 139 162 162 141 142 163 164 164 165 165 145 146
147 166 167 167 168 148 149 150 169 169 151 170 171 172 173 173 174 174 175 175 176 177 178 179 179 180 180 181 181 182 183 183 184 184 185 186 187 188 189 189 190 191 191 192 193 193 194 194 195 195
196 166 197 197 168 198 199 199 200 201 201 170 171 202 202 203 204 205 206 206 176 207 178 208 208 209 209 210 210 182 211 212 213 213 185 186 187 214 214 215 190 216 216 192 217 218 218 219 219 220
221 222 223 224 225 226 227 228 229 230 231 232 232 233 233 203 204 205 234 234 235 207 236 236 237 238 238 239 239 240 240 212 241 242 243 244 244 245 246 246 247 248 248 249 249 250 251 252 253 220
221 222 223 224 225 226 227 228 229 230 231 254 255 256 256 257 258 258 259 259 235 260 260 261 237 262 263 264 264 265 266 266 241 267 243 268 269 245 270 271 247 272 272 273 273 250 251 252 253 274
275 276 277 277 278 278 279 280 281 282 283 254 255 284 284 285 285 286 286 287 287 288 288 289 289 262 263 290 291 292 293 294 294 267 295 268 296 297 270 271 298 299 300 300 301 302 303 304 304 274
275 276 305 305 306 307 308 280 281 282 283 309 309 310 310 311 311 312 313 313 314 315 316 317 317 318 319 290 291 292 320 320 321 321 322 323 296 297 324 325 298 299 326 326 301 302 303 327 328 328
329 330 331 331 306 307 308 332 333 334 335 335 336 337 338 339 339 312 340 341 314 315 316 342 343 343 319 344 344 345 345 346 347 347 322 348 349 349 350 325 351 351 352 353 354 354 355 355 356 357
329 358 358 359 360 361 362 332 333 334 363 363 336 337 338 364 364 365 340 341 366 367 367 368 368 369 370 371 371 372 373 373 374 375 375 348 376 376 350 377 378 378 352 353 379 380 381 381 382 357
383 383 384 384 360 361 385 386 387 388 389 389 390 390 391 392 392 365 393 394 366 395 395 396 396 369 370 397 398 399 400 400 374 401 401 402 402 403 403 377 404 404 405 406 379 407 408 409 382 410
411 411 412 412 413 413 385 386 387 388 414 414 415 416 416 417 418 418 393 394 419 419 420 421 421 422 422 397 398 399 423 424 425 426 427 427 428 428 429 429 430 430 405 406 431 407 408 409 432 432
433 434 434 435 436 437 438 439 440 441 441 442 442 443 444 417 445 446 446 447 448 448 449 450 450 451 451 452 453 453 423 424 425 426 454 455 456 457 457 458 458 459 459 460 460 461 462 462 463 464
433 465 465 435 466 437 438 467 440 468 469 469 470 443 471 471 445 472 473 473 474 475 449 476 476 477 477 478 478 479 480 480 481 482 454 455 483 483 484 484 485 486 486 487 487 461 488 488 463 464
489 489 490 491 466 492 492 467 493 468 494 494 470 495 495 496 497 497 498 498 474 499 499 500 501 502 503 503 504 504 505 506 481 507 508 508 509 510 511 511 485 512 512 513 513 514 515 516 516 517
518 518 490 491 519 519 520 520 493 521 521 522 522 523 524 524 525 526 527 528 529 529 530 500 501 502 531 531 532 533 505 534 535 507 536 536 509 537 537 538 539 540 540 541 542 514 515 543 543 517
544 545 546 546 547 548 548 549 549 550 550 551 551 523 552 552 525 553 527 528 554 554 555 555 556 556 557 557 532 558 558 534 559 560 561 562 563 564 564 538 539 565 565 541 542 566 567 567 568 569
544 545 570 570 547 571 571 572 573 573 574 575 575 576 576 577 577 553 578 579 580 581 582 582 583 583 584 585 585 586 586 587 559 560 561 562 563 588 588 589 589 590 590 591 591 566 592 592 568 569
593 594 594 595 596 596 597 572 598 598 574 599 600 600 601 601 602 602 578 579 580 581 603 603 604 605 584 606 606 607 608 587 609 610 611 611 612 613 614 615 615 616 617 618 618 619 619 620 621 621
593 622 622 623 623 624 625 626 626 627 627 628 628 629 629 630 631 632 633 633 634 635 635 636 604 605 637 638 638 607 608 639 609 610 640 640 612 613 641 642 643 616 617 644 645 645 646 647 647 648
649 649 650 651 652 624 625 653 654 655 656 657 658 659 660 660 631 661 661 662 663 663 664 665 665 666 637 667 668 669 669 639 670 671 672 672 673 674 641 642 643 675 675 644 676 676 677 678 678 648
679 679 650 651 652 680 680 653 654 681 656 682 658 659 683 684 685 685 686 662 687 687 664 688 688 666 689 690 668 691 692 693 670 671 694 695 696 674 697 698 699 699 700 700 701 701 677 702 703 703
704 705 706 707 707 708 709 709 710 681 711 682 712 712 683 713 714 715 715 716 717 718 719 719 720 721 721 690 722 722 692 693 723 723 694 695 696 724 697 725 726 727 728 728 729 730 730 731 732 732
704 705 706 733 733 734 734 735 710 736 711 737 737 738 739 713 714 740 741 716 717 742 743 743 720 744 745 746 747 747 748 748 749 749 750 750 751 752 752 725 753 727 754 755 756 757 757 731 758 758
759 760 761 762 762 763 764 735 765 766 766 767 767 738 739 768 768 740 741 769 769 742 770 771 771 744 745 746 772 773 774 774 775 775 776 777 751 778 779 780 753 781 782 755 756 783 784 785 785 786
759 760 761 787 788 763 764 789 789 790 791 792 792 793 793 794 794 795 796 796 797 798 799 800 801 801 802 802 772 773 803 804 804 805 776 777 806 778 807 780 808 809 782 810 811 812 784 813 814 814
815 815 816 817 788 818 818 819 820 821 791 822 822 823 823 824 825 795 826 826 797 798 799 800 827 828 829 829 830 831 831 832 833 805 834 835 836 836 807 837 837 809 838 838 811 812 839 813 840 840
841 841 816 817 842 842 843 819 820 821 844 845 846 847 847 848 825 849 849 850 851 852 853 853 827 828 854 854 830 855 855 832 833 856 857 835 858 859 860 861 861 862 863 863 864 865 866 866 867 868
869 869 870 871 871 872 843 873 873 874 844 845 875 876 877 848 878 878 879 879 851 852 880 880 881 881 882 883 884 885 886 887 887 856 857 888 858 889 860 890 891 862 892 892 864 865 893 893 867 868
894 895 870 896 896 897 897 898 898 874 899 900 875 876 877 901 902 903 903 904 904 905 905 906 907 907 882 883 908 885 886 909 910 910 911 911 912 889 913 890 891 914 915 915 916 917 917 918 918 919
894 920 920 921 922 923 923 924 925 926 926 900 927 928 929 901 930 931 932 932 933 934 934 906 935 936 937 937 908 938 938 939 940 941 942 943 944 944 945 946 947 914 948 949 916 950 950 951 951 919
952 952 953 953 922 954 954 924 925 955 955 956 927 928 957 958 930 931 959 959 933 960 960 961 961 936 962 962 963 964 964 939 940 941 942 943 965 966 945 946 947 967 968 949 969 970 971 971 972 972
973 974 974 975 976 977 977 978 979 980 980 956 981 981 957 982 982 983 984 984 985 986 987 987 988 989 990 990 991 991 992 993 994 995 996 997 965 966 998 998 999 999 968 1000 969 970 1001 1002 1003 1004
1005 1005 1006 975 1007 1007 1008 978 1009 1010 1011 1011 1012 1013 1014 1015 1015 983 1016 1016 985 986 1017 1018 1018 989 1019 1020 1020 1021 992 993 994 995 996 997 1022 1023 1024 1025 1025 1026 1026 1000 1027 1027 1001 1028 1003 1004
1029 1029 1030 1030 1031 1032 1008 1033 1009 1034 1034 1035 1036 1013 1014 1037 1038 1039 1039 1040 1041 1041 1017 1042 1043 1043 1019 1044 1044 1021 1045 1046 1046 1047 1048 1048 1022 1023 1024 1049 1050 1050 1051 1051 1052 1053 1054 1028 1055 1056
1057 1057 1058 1058 1031 1032 1059 1059 1060 1060 1061 1062 1036 1063 1063 1037 1064 1065 1066 1066 1067 1068 1068 1069 1070 1070 1071 1071 1072 1073 1045 1074 1075 1075 1076 1076 1077 1078 1079 1049 1080 1081 1082 1082 1052 1053 1083 1084 1055 1056
1085 1085 1086 1086 1087 1088 1088 1089 1089 1090 1061 1062 1091 1091 1092 1092 1064 1065 1093 1093 1067 1094 1095 1069 1096 1097 1097 1098 1072 1073 1099 1100 1101 1102 1103 1103 1077 1078 1104 1104 1080 1105 1105 1106 1106 1107 1083 1084 1108 1109
1110 1111 1112 1112 1087 1113 1114 1114 1115 1090 1116 1116 1117 1118 1119 1119 1120 1120 1121 1122 1123 1123 1095 1124 1125 1125 1126 1126 1127 1127 1099 1100 1101 1128 1128 1129 1130 1130 1131 1132 1133 1133 1134 1134 1135 1135 1136 1137 1108 1109
1110 1111 1138 1138 1139 1139 1140 1141 1115 1142 1143 1144 1117 1118 1145 1146 1146 1147 1121 1122 1148 1149 1150 1124 1151 1152 1152 1153 1153 1154 1155 1155 1156 1157 1158 1129 1159 1160 1161 1132 1162 1162 1163 1164 1165 1166 1136 1137 1167 1167
1168 1168 1169 1170 1170 1171 1140 1141 1172 1142 1143 1173 1174 1175 1145 1176 1177 1178 1178 1179 1148 1149 1180 1180 1151 1181 1182 1182 1183 1184 1184 1185 1185 1157 1158 1186 1186 1160 1161 1187 1188 1188 1163 1164 1165 1189 1189 1190 1191 1191
1192 1192 1169 1193 1193 1171 1194 1195 1196 1197 1198 1173 1174 1199 1199 1200 1177 1201 1202 1179 1203 1204 1204 1205 1205 1181 1206 1206 1183 1207 1208 1208 1209 1209 1210 1210 1211 1211 1212 1213 1214 1214 1215 1215 1216 1216 1217 1190 1218 1219
1220 1220 1221 1222 1223 1224 1194 1195 1196 1197 1225 1226 1226 1227 1227 1200 1228 1201 1202 1229 1203 1230 1231 1232 1232 1233 1233 1234 1235 1207 1236 1236 1237 1237 1238 1238 1239 1239 1212 1213 1240 1240 1241 1242 1243 1244 1244 1245 1218 1246
1247 1248 1221 1222 1223 1249 1249 1250 1250 1251 1225 1252 1252 1253 1253 1254 1254 1255 1255 1229 1256 1230 1231 1257 1257 1258 1259 1234 1235 1260 1260 1261 1261 1262 1263 1263 1264 1264 1265 1265 1266 1266 1241 1242 1243 1267 1267 1245 1268 1246
1247 1248 1269 1270 1270 1271 1272 1272 1273 1251 1274 1275 1275 1276 1277 1277 1278 1278 1279 1279 1256 1280 1281 1281 1282 1282 1259 1283 1283 1284 1284 1285 1285 1262 1286 1286 1287 1288 1288 1289 1290 1291 1291 1292 1293 1294 1294 1295 1268 1296
1297 1297 1269 1298 1299 1300 1300 1301 1273 1302 1302 1303 1303 1304 1304 1305 1305 1306 1307 1307 1308 1280 1309 1310 1310 1311 1312 1312 1313 1313 1314 1314 1315 1316 1316 1317 1287 1318 1319 1289 1290 1320 1321 1292 1293 1322 1322 1323 1323 1296
1324 1325 1325 1298 1299 1326 1326 1301 1327 1327 1328 1329 1329 1330 1331 1331 1332 1333 1333 1334 1335 1335 1309 1336 1336 1311 1337 1337 1338 1339 1339 1340 1315 1341 1341 1317 1342 1318 1319 1343 1343 1320 1321 1344 1344 1345 1346 1346 1347 1347
20 93 5 69 82 82 56 16 42 6 85 5 27 91 96 12 94 64 28 39 16 65 11 37 28 43 39 23 35 62 24 69 42 89 32 54 18 56 47 51 40 12 34 30 34 29 12 50 49 37
64 30 34 48 59 22 96 30 25 68 84 85 47 39 9 20 18 21 83 56 93 74 63 49 48 13 28 61 38 43 74 38 52 96 92 61 74 16 93 77 26 61 42 54 46 3 4 19 92 69
83 3 0 0 94 82 83 90 21 98 98 7 46 12 77 31 11 37 80 47 57 5 92 8 2 1 87 96 4 33 10 52 98 39 91 6 4 26 22 36 1 55 80 30 66 98 32 31 62 69
51 42 74 69 76 69 40 50 25 66 68 93 65 98 20 17 83 86 61 44 2 71 48 72 95 28 29 4 51 95 3 29 67 27 88 26 27 12 1 1 95 63 93 31 79 18 95 92 9 46
60 44 29 36 54 56 6 56 24 87 80 12 23 21 66 10 53 93 28 76 30 59 72 20 26 92 0 69 27 7 71 26 91 29 2 99 3 85 8 77 32 34 9 97 41 54 7 88 66 56
56 52 5 39 36 36 48 81 57 44 22 81 43 77 22 45 90 35 30 67 32 31 38 0 57 47 30 11 92 85 87 44 9 95 19 80 66 49 99 11 79 53 3 5 88 19 14 28 11 5
16 11 89 32 58 29 31 44 21 65 64 26 6 43 71 51 32 29 95 23 90 73 50 8 77 84 16 67 63 30 62 82 13 30 66 59 26 28 28 85 13 79 48 86 89 78 66 0 10 41
7 69 48 95 30 68 31 30 14 87 78 49 60 58 83 52 98 27 52 59 15 93 95 96 86 59 61 42 25 47 35 77 1 72 38 95 15 56 25 36 59 99 49 96 45 94 35 97 48 61
65 99 32 21 3 58 72 20 38 55 67 62 48 10 15 47 57 42 95 88 95 40 12 63 58 49 69 52 34 1 72 34 45 2 67 7 12 64 43 47 46 46 27 27 13 14 77 64 24 15
2 24 75 78 73 38 12 86 47 65 67 54 27 44 10 75 8 58 1 73 23 2 24 28 61 83 90 63 84 63 56 7 97 57 13 19 62 42 30 78 1 19 1 33 95 39 88 97 6 65
38 91 75 47 52 24 14 62 57 93 58 69 85 14 69 6 84 32 29 86 97 27 36 30 66 53 47 55 63 65 63 37 9 13 72 0 4 50 59 49 50 19 3 61 27 41 69 33 16 68
94 37 30 80 6 3 28 84 45 91 38 96 60 35 72 8 1 2 69 36 98 1 81 46 98 27 90 33 22 3 57 28 56 19 35 2 48 99 74 83 6 28 17 76 92 82 40 41 87 64
2 86 15 41 81 46 7 70 81 78 86 27 64 15 30 6 87 36 82 32 61 48 90 72 45 92 31 69 88 41 22 53 27 71 75 38 85 92 65 18 23 75 19 40 72 76 3 98 88 72
35 96 10 15 25 81 59 47 80 15 68 56 53 97 59 52 48 7 7 80 57 9 69 72 11 47 86 9 71 15 45 30 12 44 88 65 85 29 52 30 10 34 84 14 86 74 89 29 75 39
83 56 60 57 21 62 47 56 15 86 7 68 67 68 48 31 31 22 50 80 70 4 8 48 97 64 0 70 8 72 71 56 89 87 84 51 23 40 38 27 8 81 47 30 66 99 84 72 83 66
47 10 0 11 27 27 10 60 58 78 58 41 35 7 60 51 19 48 11 65 59 26 29 61 19 51 82 42 10 15 92 2 57 77 34 60 76 19 0 94 86 43 42 13 55 79 31 90 47 3
75 22 87 77 75 50 14 36 34 3 26 68 53 98 71 23 39 34 35 85 20 0 18 0 52 47 2 3 55 86 6 43 85 95 72 14 58 31 42 32 75 33 82 26 38 18 39 41 49 95
58 47 2 92 45 40 8 10 57 2 88 11 6 21 99 13 41 30 52 45 72 55 97 86 93 58 46 8 14 38 6 94 0 5 4 30 66 46 33 81 18 31 93 22 28 42 35 61 69 63
32 47 45 99 61 3 63 91 91 43 41 59 65 4 90 6 75 83 61 53 69 43 9 22 61 22 65 94 53 70 33 29 65 86 62 99 0 7 28 23 83 46 33 73 92 92 50 90 49 55
35 15 32 7 80 53 88 73 45 11 52 97 44 67 9 73 18 9 23 82 23 88 33 9 56 71 94 66 86 6 59 33 82 10 89 72 95 29 35 97 40 51 99 70 70 60 26 7 27 6
6 13 82 19 28 25 69 87 88 51 36 40 64 63 47 85 45 59 81 90 16 87 19 19 33 7 82 85 89 95 95 60 84 75 35 72 0 70 64 7 77 44 93 74 83 84 3 60 73 26
32 34 21 86 92 78 92 88 60 4 56 90 51 40 48 93 83 58 93 70 34 17 93 57 31 83 91 21 12 68 74 4 82 72 58 97 46 81 50 23 20 81 6 1 9 27 43 52 23 40
76 12 19 97 49 44 61 71 71 66 18 50 94 68 3 91 41 61 9 26 57 83 80 13 77 85 99 62 82 12 21 42 46 19 33 32 9 13 57 75 54 89 78 30 38 32 46 23 31 38
57 35 1 84 91 16 60 49 49 65 56 38 2 35 84 45 80 57 79 27 47 66 5 49 41 84 98 78 62 49 5 96 55 3 23 78 15 9 89 39 96 30 52 25 39 34 39 22 1 18
99 0 69 50 92 78 37 33 15 78 96 78 36 81 97 73 14 47 47 73 49 93 26 34 83 46 56 88 11 85 7 33 42 68 85 59 38 90 77 73 17 59 60 56 25 47 86 88 19 46
44 83 43 66 11 78 89 90 13 62 61 41 61 79 24 10 26 83 72 41 59 36 11 59 93 87 88 38 44 64 29 95 97 34 29 1 43 54 71 55 57 17 88 98 38 0 88 94 19 78
96 50 86 98 60 30 41 87 16 75 79 63 34 83 7 57 62 99 20 45 54 68 98 36 61 6 59 19 21 17 8 93 52 36 39 65 96 12 6 62 66 56 49 11 40 70 79 1 3 50
98 24 16 73 76 55 7 79 52 37 85 0 65 20 5 24 20 83 79 73 25 60 42 18 87 72 0 17 40 48 97 44 61 26 19 75 26 95 99 1 3 57 77 97 29 96 93 80 38 70
58 9 15 18 60 43 94 71 34 10 15 70 4 20 24 7 34 35 55 70 73 1 19 64 95 80 93 99 3 7 60 49 15 10 91 43 77 93 8 43 3 83 35 65 10 99 31 75 38 15
91 62 78 3 20 89 6 88 28 90 75 26 82 25 64 6 29 61 78 27 48 40 2 97 12 90 89 63 74 72 67 82 64 27 11 43 2 63 53 24 54 2 85 55 42 16 17 81 15 12
84 94 85 92 27 78 37 89 34 12 74 72 77 69 93 21 25 81 5 45 23 54 45 10 92 60 59 70 63 97 44 17 7 87 35 52 75 70 49 28 90 65 49 23 4 37 60 70 58 45
74 92 44 84 63 92 87 54 73 5 65 76 8 87 3 21 83 14 89 61 45 6 58 37 18 51 34 31 67 58 45 36 19 27 91 2 8 32 81 0 83 29 24 35 95 43 40 50 18 14
77 73 75 56 80 85 71 75 40 19 4 76 74 41 61 85 61 51 53 74 1 98 74 89 5 91 21 91 60 33 76 3 40 89 37 83 84 17 42 29 87 69 96 98 54 40 71 14 21 42
54 21 65 44 97 89 7 40 33 93 45 65 30 74 0 99 27 6 19 57 70 16 55 10 60 45 60 39 77 73 73 57 78 93 75 7 71 5 36 87 15 15 79 35 80 31 93 51 27 67
6 63 64 43 46 42 45 81 38 97 24 39 47 81 60 82 14 97 36 99 1 10 63 26 55 46 60 64 71 14 25 3 68 18 33 88 64 75 47 40 71 33 54 60 63 84 90 88 54 75
19 12 72 43 81 53 48 20 73 65 88 1 35 17 97 65 41 33 92 38 82 65 47 30 25 45 96 90 39 39 3 28 68 61 16 51 14 39 45 44 96 65 7 54 31 51 52 7 83 1
65 60 50 89 21 82 30 67 2 59 77 83 71 45 27 64 17 8 31 90 14 44 35 91 97 28 64 53 71 81 98 83 1 67 25 51 94 71 2 46 12 24 39 56 10 40 74 65 5 6
32 63 12 97 19 85 27 36 71 69 32 35 47 49 12 53 50 25 97 8 75 90 76 56 24 51 23 38 82 70 59 56 94 79 54 89 61 68 24 74 0 43 78 67 24 6 43 76 28 75
99 35 4 27 65 61 11 53 96 9 62 62 44 13 6 25 42 62 79 94 15 69 16 80 97 71 20 12 27 1 37 83 52 73 61 8 7 11 71 69 29 41 68 65 97 86 77 81 67 97
13 38 93 79 88 64 55 15 87 40 32 76 36 65 72 35 98 5 40 2 91 44 36 12 45 59 59 8 49 94 64 86 53 90 24 23 19 80 8 92 37 56 16 77 52 5 12 32 18 23
70 8 52 74 31 2 89 55 15 6 24 53 28 11 30 31 68 23 92 46 33 23 96 59 28 81 37 94 5 82 62 5 68 59 6 19 32 86 63 44 57 60 30 68 15 65 81 79 89 43
57 5 53 60 79 21 29 27 99 94 14 19 70 64 99 62 70 4 20 28 82 35 34 17 72 37 74 8 96 19 5 56 12 81 9 59 78 22 21 53 55 1 6 50 39 88 27 98 39 67
6 65 60 7 99 97 94 56 32 59 25 60 80 28 22 98 50 69 72 35 1 75 56 42 61 17 11 35 65 20 87 83 67 31 98 89 46 74 59 34 45 77 42 70 67 7 44 37 60 53
89 24 26 29 49 3 84 65 93 66 18 8 50 69 52 88 93 91 20 69 27 52 88 96 92 68 14 73 0 56 8 61 74 3 78 81 85 22 4 78 74 60 46 69 9 40 61 1 99 29
64 2 39 64 11 37 51 13 76 14 46 66 71 62 98 99 42 16 7 23 24 97 29 55 38 19 44 35 71 37 52 85 71 28 48 81 6 51 8 57 40 87 82 21 91 24 88 29 90 82
57 41 5 20 41 58 28 25 42 90 1 92 76 41 33 47 41 36 77 5 72 30 7 97 26 82 53 41 30 52 3 86 49 71 77 95 11 89 91 17 18 16 20 7 3 14 77 48 35 8
84 74 74 33 40 76 23 57 14 56 7 76 13 26 34 66 45 24 43 91 50 15 79 11 76 29 53 87 34 13 36 84 28 26 55 10 19 17 66 39 17 4 28 92 19 89 96 70 13 48
54 3 75 29 48 12 69 32 1 4 69 26 62 17 49 75 93 83 81 22 54 43 94 88 8 0 18 4 21 83 1 78 53 40 31 79 4 84 98 49 27 14 12 27 44 24 38 33 28 96
21 23 87 12 19 39 38 85 36 50 9 98 45 14 96 60 69 88 29 43 81 29 25 60 27 31 99 26 45 79 5 85 65 73 49 31 81 71 76 84 79 49 89 12 97 40 74 21 42 18
43 7 46 17 96 53 55 87 16 69 5 72 11 64 34 32 57 19 82 80 4 52 46 53 29 14 49 59 83 91 53 36 5 89 14 23 95 50 54 81 3 58 53 80 18 60 31 78 85 84
