40 25
0 0 1 2 3 4 5 5 6 7 8 8 9 10 11 11 12 12 13 13 14 15 16 17 17 18 19 19 20 21 22 23 24 24 25 25 26 27 28 29 30 31 31 32 33 33 34 35 36 36
37 37 1 2 3 4 38 39 39 7 40 41 9 42 42 43 43 44 45 46 14 15 16 47 47 18 48 48 20 21 22 23 49 50 50 51 26 27 28 29 30 52 52 53 54 54 34 55 56 56
57 58 58 59 60 61 38 62 63 64 40 65 65 66 67 68 69 69 45 46 70 71 71 72 73 73 74 74 75 75 76 76 77 78 79 80 81 82 83 83 84 85 86 53 87 87 88 55 89 90
91 91 92 59 93 61 94 62 95 64 96 96 97 97 67 98 99 99 100 101 70 102 103 104 104 105 106 106 107 107 108 108 77 78 79 80 81 82 109 110 110 85 86 111 112 112 88 113 89 114
115 116 92 117 93 118 94 119 95 120 120 121 122 122 123 98 124 125 100 101 126 102 127 127 128 105 129 130 130 131 132 132 133 133 134 134 135 135 109 136 136 137 137 138 139 139 140 141 141 114
115 116 142 143 143 118 144 144 145 146 146 147 148 149 123 150 124 125 151 152 153 154 154 155 155 156 157 158 158 131 159 159 160 161 162 162 163 163 164 165 166 167 167 138 168 168 169 170 171 171
172 173 173 174 174 175 175 176 176 177 178 147 148 149 179 179 180 180 151 152 153 181 182 183 183 156 157 184 184 185 185 186 187 161 188 188 189 190 191 165 192 192 193 193 194 194 169 195 195 196
197 197 198 198 199 200 201 202 203 177 178 204 205 205 206 206 207 208 208 209 210 181 182 211 211 212 212 213 214 214 215 186 187 216 216 217 189 190 191 218 219 219 220 221 222 222 223 224 225 196
226 226 227 228 229 200 230 202 203 231 231 232 232 233 234 234 207 235 236 236 210 237 237 238 238 239 239 240 240 241 242 243 243 244 245 246 246 247 247 218 248 248 220 249 250 250 223 224 225 251
252 252 227 228 229 253 230 254 255 256 257 257 258 233 259 260 261 261 262 263 263 264 265 266 266 267 267 268 268 269 242 270 271 271 245 272 273 274 274 275 276 276 277 249 278 279 279 280 280 251
281 282 282 283 283 253 284 254 255 256 285 286 286 287 259 260 288 288 262 289 290 264 265 291 291 292 293 294 294 269 295 270 296 297 298 272 299 300 300 301 301 302 277 303 303 304 304 305 305 306
281 307 308 308 309 309 310 310 311 312 313 314 314 287 315 316 317 318 319 289 320 320 321 321 322 323 293 324 324 325 326 326 296 297 327 328 299 329 329 330 331 331 332 333 334 334 335 335 336 306
337 337 338 338 339 339 340 341 311 312 313 342 342 343 315 316 317 344 319 345 346 347 347 348 322 323 349 349 350 350 351 351 352 352 327 328 353 354 354 330 355 355 332 333 356 357 357 358 358 359
360 360 361 361 362 363 340 341 364 365 366 366 367 368 368 369 369 344 370 345 346 371 371 348 372 373 374 374 375 376 376 377 377 378 379 380 381 381 382 382 383 383 384 384 356 385 385 386 386 359
387 387 388 388 362 389 390 391 392 365 393 393 394 395 396 396 397 398 370 399 399 400 400 401 372 373 402 402 375 403 404 404 405 405 379 380 406 406 407 407 408 408 409 410 410 411 411 412 412 413
414 414 415 416 416 389 390 417 392 418 419 419 394 420 420 421 397 398 422 422 423 424 424 401 425 425 426 426 427 403 428 428 429 430 431 432 432 433 433 434 434 435 435 436 436 437 438 438 439 413
440 441 441 442 443 444 444 417 445 445 446 446 447 448 448 421 449 450 450 451 423 452 453 454 455 456 457 458 459 460 460 461 429 430 431 462 463 464 464 465 466 466 467 468 468 437 469 469 439 470
471 471 472 472 443 473 474 475 475 476 476 477 447 478 478 479 449 480 480 451 481 481 453 454 455 456 457 458 459 482 483 461 484 484 485 486 463 487 488 489 489 490 467 491 491 492 493 494 494 470
495 495 496 497 497 473 474 498 498 499 500 477 501 502 502 479 503 503 504 505 505 506 507 507 508 509 510 511 511 482 483 512 512 513 514 486 515 487 488 516 517 518 518 519 520 520 493 521 522 523
524 524 496 525 526 526 527 527 528 499 500 529 530 530 531 531 532 533 504 534 535 536 536 537 508 509 538 539 540 540 541 541 542 513 514 543 515 544 545 516 546 546 547 548 549 550 551 521 522 552
553 553 554 525 555 556 557 557 558 558 559 529 560 561 562 562 532 533 563 534 535 564 564 537 565 565 538 539 566 566 567 568 568 569 570 543 571 544 545 572 573 574 547 548 549 550 575 575 576 552
577 577 578 578 555 556 579 580 581 581 559 582 582 561 583 584 585 586 587 587 588 588 589 589 590 591 591 592 593 593 567 594 595 595 570 596 596 597 597 572 573 598 598 599 599 600 601 602 602 603
604 604 605 605 606 607 579 580 608 609 610 610 611 611 612 584 585 586 613 613 614 615 615 616 590 617 618 618 619 620 621 594 622 622 623 623 624 625 625 626 627 628 629 630 631 631 601 632 632 633
634 634 635 635 606 636 636 637 637 609 638 638 639 639 612 640 641 642 643 643 614 644 644 616 645 646 646 647 647 620 621 648 648 649 650 651 651 652 653 626 627 628 629 630 654 654 655 656 657 633
658 659 659 660 661 662 663 664 665 666 666 667 668 669 670 640 641 642 671 672 672 673 674 674 645 675 675 676 677 677 678 678 679 679 650 680 681 652 682 683 683 684 685 685 686 686 655 656 657 687
658 688 688 660 689 662 663 664 665 690 690 667 668 691 670 692 693 693 671 694 694 673 695 695 696 696 697 676 698 698 699 700 701 701 702 680 681 703 682 704 705 684 706 706 707 708 708 709 709 710
711 711 712 713 689 714 715 716 717 717 718 719 720 691 721 721 722 722 723 723 724 725 725 726 726 727 697 728 729 730 699 700 731 732 702 733 733 703 734 704 705 735 736 737 707 738 738 739 739 710
740 741 712 713 742 743 715 716 744 744 745 719 720 746 746 747 748 749 750 750 724 751 751 752 753 727 754 728 729 730 755 756 731 732 757 757 758 758 759 759 760 735 736 761 761 762 762 763 764 765
740 741 766 767 768 743 769 770 770 771 745 772 773 774 774 747 748 749 775 776 776 777 777 752 778 779 779 780 780 781 782 756 783 784 785 786 786 787 788 789 790 791 792 792 793 794 794 763 764 795
796 796 766 797 768 798 799 800 801 801 802 803 773 804 805 806 807 808 809 809 810 810 811 811 778 812 813 814 814 781 782 815 815 784 785 816 817 818 788 789 790 819 819 820 793 821 822 823 823 795
824 825 825 797 826 798 799 800 827 828 828 803 829 829 805 806 807 830 831 832 832 833 833 834 834 835 813 836 837 837 838 838 839 839 840 840 817 818 841 842 843 843 844 820 845 821 822 846 847 847
848 848 849 849 826 850 850 851 827 852 852 853 854 854 855 856 857 830 831 858 859 860 861 862 863 835 864 836 865 866 866 867 867 868 869 870 871 871 841 842 872 872 844 873 845 874 874 846 875 875
876 877 877 878 879 880 880 851 881 881 882 883 884 884 855 856 857 885 886 886 859 860 861 862 887 887 864 888 865 889 889 890 890 868 869 870 891 892 893 893 894 894 895 873 896 897 897 898 898 899
876 900 900 878 879 901 902 902 903 903 882 883 904 905 905 906 907 908 909 909 910 910 911 912 913 913 914 915 916 916 917 918 919 919 920 920 891 921 921 922 922 923 924 924 896 925 926 927 927 928
929 930 930 931 932 901 933 934 934 935 936 937 938 939 939 906 907 908 940 941 941 942 911 912 943 944 914 915 945 945 917 946 946 947 948 949 950 951 952 952 953 954 954 955 955 925 926 956 956 928
929 957 958 931 932 959 933 960 960 935 936 937 938 961 962 963 963 964 965 965 966 942 967 967 943 968 969 969 970 971 972 973 973 947 948 949 950 951 974 975 953 976 977 978 979 979 980 980 981 981
982 957 958 983 983 959 984 984 985 985 986 987 987 961 962 988 989 989 990 990 966 991 991 992 992 968 993 993 970 971 972 994 995 995 996 996 997 997 974 975 998 976 977 999 999 1000 1001 1002 1002 1003
1004 1004 1005 1006 1006 1007 1007 1008 1008 1009 1010 1010 1011 1011 1012 988 1013 1013 1014 1014 1015 1015 1016 1017 1018 1019 1020 1020 1021 1022 1023 994 1024 1025 1025 1026 1026 1027 1028 1029 1029 1030 1031 1032 1032 1000 1033 1034 1034 1003
1035 1035 1036 1036 1037 1038 1038 1039 1039 1009 1040 1041 1041 1042 1043 1044 1045 1046 1046 1047 1047 1048 1016 1049 1018 1019 1050 1051 1021 1022 1023 1052 1052 1053 1054 1054 1055 1027 1028 1056 1057 1058 1031 1059 1059 1060 1033 1061 1061 1062
1063 1063 1064 1064 1037 1065 1065 1066 1067 1068 1040 1069 1069 1042 1043 1044 1070 1070 1071 1072 1073 1048 1074 1049 1075 1075 1076 1051 1077 1078 1078 1079 1080 1053 1081 1082 1055 1083 1083 1056 1084 1058 1085 1085 1086 1060 1087 1087 1088 1088
1089 1090 1090 1091 1092 1092 1093 1066 1067 1068 1094 1094 1095 1096 1096 1097 1097 1098 1071 1072 1099 1099 1074 1100 1101 1102 1076 1103 1077 1104 1104 1079 1080 1105 1081 1082 1106 1106 1107 1107 1084 1108 1109 1110 1111 1111 1112 1112 1113 1114
1115 1116 1117 1117 1118 1119 1093 1120 1120 1121 1121 1122 1095 1123 1124 1124 1125 1126 1127 1128 1128 1129 1130 1131 1101 1102 1132 1103 1133 1134 1134 1135 1135 1105 1136 1136 1137 1137 1138 1139 1139 1140 1109 1110 1141 1142 1143 1144 1144 1114
1115 1116 1145 1145 1146 1119 1147 1148 1148 1149 1149 1122 1150 1151 1151 1152 1152 1126 1127 1153 1153 1129 1130 1131 1154 1154 1132 1155 1155 1156 1156 1157 1157 1158 1159 1160 1160 1161 1162 1162 1163 1140 1164 1165 1166 1142 1167 1167 1168 1168
1169 1169 1170 1171 1146 1172 1172 1173 1173 1174 1175 1176 1150 1177 1177 1178 1178 1179 1180 1180 1181 1182 1183 1183 1184 1185 1186 1187 1188 1188 1189 1189 1190 1190 1159 1191 1191 1192 1192 1193 1163 1194 1194 1165 1166 1195 1196 1197 1197 1198
1199 1199 1170 1171 1200 1200 1201 1201 1202 1174 1175 1203 1203 1204 1205 1205 1206 1179 1207 1207 1181 1182 1208 1209 1184 1185 1186 1187 1210 1211 1212 1213 1213 1214 1215 1216 1216 1217 1218 1219 1220 1221 1221 1222 1222 1195 1223 1223 1224 1198
1225 1226 1227 1227 1228 1228 1229 1229 1202 1230 1231 1232 1232 1204 1233 1233 1206 1234 1235 1235 1236 1237 1208 1209 1238 1239 1240 1241 1241 1211 1212 1242 1242 1214 1215 1243 1243 1217 1218 1219 1244 1244 1245 1246 1247 1248 1248 1249 1224 1250
1225 1251 1251 1252 1252 1253 1254 1255 1256 1230 1231 1257 1258 1258 1259 1259 1260 1234 1261 1262 1262 1237 1263 1264 1238 1239 1240 1265 1266 1267 1268 1269 1269 1270 1270 1271 1271 1272 1273 1273 1274 1275 1245 1246 1247 1276 1277 1249 1278 1279
1280 1281 1282 1283 1284 1253 1285 1255 1256 1286 1286 1257 1287 1287 1288 1288 1260 1289 1290 1291 1292 1292 1263 1264 1293 1293 1294 1265 1266 1295 1268 1296 1297 1298 1298 1299 1300 1301 1301 1302 1274 1275 1303 1304 1304 1276 1277 1305 1305 1279
1280 1281 1282 1283 1306 1306 1285 1307 1308 1309 1310 1310 1311 1311 1312 1312 1313 1289 1290 1314 1315 1315 1316 1316 1317 1318 1294 1319 1319 1295 1320 1296 1297 1321 1321 1299 1300 1322 1322 1323 1324 1325 1303 1326 1326 1327 1327 1328 1328 1329
1330 1330 1331 1332 1332 1333 1333 1307 1308 1309 1334 1334 1335 1335 1336 1336 1313 1337 1337 1314 1338 1338 1339 1340 1340 1318 1341 1341 1342 1342 1320 1343 1344 1344 1345 1345 1346 1347 1347 1323 1324 1325 1348 1348 1349 1349 1350 1350 1351 1329
80 10 28 67 14 42 43 3 6 87 92 79 38 16 51 22 20 96 67 26 33 24 89 79 49 93 26 20 43 13 45 81 88 26 39 67 15 24 4 14 11 59 85 30 34 87 82 84 95 62
89 36 12 54 43 49 73 16 65 4 61 46 77 72 61 27 43 81 94 68 70 79 4 16 98 64 8 33 5 91 14 80 89 94 7 33 42 38 55 36 11 34 36 26 72 29 5 94 42 57
94 40 80 22 40 46 80 0 36 49 90 94 80 3 73 73 86 74 62 99 18 26 35 73 4 55 25 18 97 15 39 98 44 7 61 72 85 4 53 10 81 1 50 31 56 3 23 38 94 23
99 17 34 48 33 71 71 9 78 28 18 64 20 21 63 53 22 42 64 76 72 87 50 13 55 34 32 73 97 14 95 57 51 35 8 5 93 62 57 34 85 72 13 74 17 74 14 4 40 96
14 66 46 91 30 5 53 32 66 77 97 20 46 20 15 25 81 98 71 41 98 12 82 19 68 23 36 95 39 89 45 19 12 20 55 70 91 55 68 11 25 13 88 40 20 40 30 27 6 88
14 58 9 9 18 54 30 97 86 76 75 88 24 34 96 98 44 3 17 75 68 28 94 88 56 0 62 86 10 72 46 80 62 60 85 22 99 53 91 85 26 92 17 7 27 76 89 82 35 16
78 28 39 97 77 74 63 5 48 30 15 10 72 86 5 54 9 45 18 78 83 94 25 4 0 61 7 64 61 34 64 43 32 27 34 19 16 18 34 35 34 65 26 34 6 75 88 8 67 55
24 2 68 7 20 23 31 98 99 85 94 72 17 25 42 42 2 88 85 70 17 85 29 3 12 11 66 31 65 62 66 82 42 87 72 60 92 57 49 45 0 95 49 16 84 91 94 63 69 71
86 91 7 88 45 34 14 80 12 10 46 97 6 60 7 32 96 47 79 27 0 15 2 80 96 24 60 74 17 50 26 28 88 24 64 59 21 72 16 89 63 72 14 35 65 80 57 82 10 21
30 88 68 89 59 43 29 73 43 42 34 87 5 1 76 36 89 85 40 81 39 57 43 79 19 83 16 85 12 0 3 32 0 70 11 79 34 19 26 60 99 39 65 31 21 7 11 84 5 91
56 99 68 74 67 77 88 60 73 27 4 17 61 96 52 81 83 44 4 24 54 63 18 90 61 29 39 17 44 21 47 78 60 12 84 54 32 36 22 66 30 90 51 59 97 1 56 32 14 8
65 92 69 39 62 51 31 71 4 34 3 17 70 77 56 55 25 49 4 97 79 65 63 87 38 86 44 64 50 2 40 75 49 46 58 46 49 97 80 66 52 37 49 27 53 84 94 33 17 3
43 10 59 20 55 46 2 4 7 60 12 18 26 59 23 7 87 29 27 38 57 31 56 55 34 61 87 97 6 1 60 31 97 42 86 45 56 3 41 95 14 91 68 58 40 15 71 26 27 43
74 17 31 18 97 69 49 1 81 54 78 71 25 16 31 54 63 66 55 35 9 20 51 41 22 50 69 94 66 82 44 87 24 30 43 31 63 9 77 75 92 48 77 7 26 33 6 80 57 0
7 4 58 50 48 82 61 39 86 74 35 68 79 81 65 93 40 29 79 69 59 42 45 97 5 12 42 19 2 82 45 98 73 12 88 75 15 31 64 77 35 26 22 7 12 90 17 2 7 65
34 4 6 59 79 14 58 44 6 0 75 85 14 51 93 15 5 28 72 45 85 58 0 56 43 84 28 6 87 67 82 48 24 5 40 72 18 99 59 77 34 66 67 67 79 75 61 51 22 20
61 10 38 32 96 26 0 28 17 90 85 87 29 53 42 51 4 63 50 59 50 84 79 53 94 49 45 18 91 6 40 36 71 33 21 31 29 69 54 74 64 10 20 39 18 39 20 29 25 96
98 67 86 1 70 93 48 51 28 17 61 34 64 99 5 61 72 32 62 27 88 22 53 69 13 45 12 44 80 46 50 59 17 41 48 93 34 30 79 88 51 14 74 71 64 47 38 48 42 12
28 98 3 54 2 23 8 41 11 69 15 87 24 75 47 30 79 67 23 48 22 4 15 18 17 90 14 86 44 41 80 27 94 86 1 88 18 3 42 29 39 82 0 29 38 92 57 48 41 59
33 48 12 16 14 62 97 28 18 11 70 22 14 99 85 36 83 79 3 70 3 71 79 79 69 74 78 69 64 54 31 84 78 45 56 49 32 13 63 95 36 34 96 53 20 70 92 90 1 65
69 77 56 79 95 35 46 43 64 69 27 45 38 48 41 81 22 22 38 89 39 83 21 35 74 87 96 25 96 4 66 8 37 42 92 15 95 64 91 36 16 70 2 58 19 20 29 50 56 51
32 16 46 95 31 39 61 58 1 60 91 20 91 5 77 13 3 99 74 90 50 79 33 2 97 14 60 84 94 69 32 81 39 85 13 44 62 46 62 72 5 59 84 45 77 35 78 91 3 12
96 59 38 60 74 75 43 36 78 9 37 12 3 21 18 88 55 79 1 63 46 70 37 98 50 42 99 21 98 64 0 13 80 51 44 16 76 68 57 23 80 25 40 27 38 11 24 48 52 67
10 10 88 86 60 85 93 93 42 98 64 41 6 52 71 98 20 52 65 95 15 25 28 72 82 51 53 62 62 20 95 97 76 74 49 53 21 25 34 16 69 93 16 11 98 11 3 87 67 49
60 74 13 11 81 28 62 40 0 70 16 10 11 10 50 7 39 49 84 0 53 2 38 91 8 71 29 97 80 68 24 26 9 98 45 9 45 61 74 58 34 54 50 89 9 97 85 35 11 82
60 32 7 35 41 17 50 89 43 46 26 7 73 62 40 66 93 24 37 91 21 49 58 99 79 93 82 83 78 28 69 41 25 45 1 19 50 21 70 93 89 72 54 4 56 71 54 48 66 81
28 44 43 41 11 38 95 96 22 33 62 25 4 61 66 59 2 43 63 69 65 6 70 81 21 13 32 64 24 66 83 39 91 17 8 64 18 75 65 30 54 83 75 41 63 60 45 51 98 12
28 49 25 66 46 42 15 71 20 65 74 59 85 3 84 57 64 98 60 52 74 32 46 94 17 32 89 45 30 46 49 59 69 64 26 77 93 0 86 46 12 75 75 14 26 83 21 95 50 30
85 1 45 35 45 93 28 4 93 93 47 37 0 27 34 19 37 35 56 72 72 20 18 66 2 10 31 34 82 4 14 22 19 73 21 57 47 99 34 82 44 37 83 68 38 66 26 57 19 93
10 31 21 53 68 67 84 91 77 5 62 9 71 36 60 32 2 25 32 27 24 59 0 81 28 0 87 76 92 87 28 8 30 27 44 81 95 59 4 89 54 68 14 34 80 4 34 86 81 98
91 13 82 76 32 25 29 32 35 32 39 13 7 29 27 26 74 77 70 53 17 96 77 12 10 94 73 93 11 74 32 20 3 27 38 78 27 86 43 49 75 46 61 14 17 63 92 56 40 2
36 55 7 42 56 11 94 45 39 32 14 26 72 54 66 73 98 67 41 66 38 52 17 83 0 1 81 52 40 62 49 4 91 61 62 23 55 9 62 4 30 58 90 45 38 75 21 38 79 68
25 92 59 2 81 0 24 70 38 42 56 60 63 76 89 53 97 9 62 34 55 65 5 31 44 26 97 19 86 17 29 48 18 78 51 59 48 63 56 44 22 57 8 78 65 63 38 35 1 76
10 91 93 92 65 60 14 52 83 90 6 23 72 36 17 22 0 42 1 51 29 6 90 32 55 58 6 21 62 49 26 14 92 83 68 53 67 92 30 56 58 23 72 20 65 41 63 92 84 24
23 32 7 65 28 41 19 39 83 25 48 66 57 39 85 67 88 58 77 92 28 25 32 89 98 89 20 39 10 8 40 40 22 42 15 42 62 34 76 44 40 85 12 60 73 76 56 52 14 74
17 16 33 29 76 97 84 69 9 45 45 70 1 83 36 70 78 66 60 81 20 65 9 66 64 11 16 50 83 53 49 39 5 50 46 14 10 84 75 99 94 28 31 33 51 87 76 55 77 31
16 2 80 79 16 88 89 75 34 6 21 99 80 86 46 79 74 5 78 42 92 70 34 16 13 69 29 69 43 25 98 64 43 37 1 81 85 2 88 67 2 81 0 58 0 5 35 41 25 2
63 33 86 61 31 17 2 70 29 50 59 2 6 86 52 64 34 75 4 10 73 97 90 75 66 68 47 38 92 4 2 92 65 71 43 87 29 84 81 67 60 26 72 78 92 41 23 42 12 71
30 20 52 5 3 16 23 2 18 54 4 1 17 60 54 23 12 47 74 50 93 45 87 71 79 59 15 35 66 42 45 44 96 81 54 9 67 15 43 29 34 23 22 89 79 84 68 93 33 85
76 49 86 44 12 88 46 80 28 74 95 54 99 43 20 16 63 63 78 36 3 27 46 50 34 24 81 45 46 70 90 63 1 88 21 78 38 38 9 69 11 97 44 0 60 44 3 4 35 50
5 20 19 19 66 9 22 57 41 16 3 16 93 79 34 82 2 10 35 59 16 46 35 50 1 99 14 37 9 85 98 48 75 94 19 12 26 46 47 96 20 70 36 27 82 15 47 12 62 6
2 95 46 40 5 75 60 55 12 81 13 5 9 43 79 58 38 50 2 55 91 12 93 99 57 59 66 68 37 98 18 36 20 81 26 64 33 84 59 42 3 98 63 0 64 93 62 73 40 47
14 64 12 77 65 15 19 90 17 28 26 71 96 23 14 72 30 26 90 63 61 61 22 33 23 49 67 66 47 1 16 85 16 36 81 97 35 96 59 37 79 69 32 11 67 19 10 12 39 7
76 35 7 89 50 54 37 6 23 50 81 42 64 30 79 98 95 9 73 71 15 81 28 55 54 18 70 21 42 9 26 49 99 86 1 55 64 68 96 7 51 31 85 65 7 30 63 97 83 90
50 84 90 79 48 84 0 50 47 43 45 22 49 97 96 71 57 50 58 92 40 5 87 49 66 48 28 99 66 13 7 80 63 23 21 49 16 42 52 15 19 30 11 97 25 25 88 84 41 34
72 10 33 52 57 61 80 34 13 58 32 65 87 66 54 0 49 36 25 24 12 97 40 14 42 98 61 19 87 54 69 23 41 29 58 10 69 19 67 82 21 6 29 51 31 8 80 62 46 94
31 43 15 5 22 22 60 13 32 3 53 16 39 10 90 82 9 38 69 12 27 57 83 44 42 94 72 90 51 48 15 33 20 96 39 84 18 99 41 46 50 74 67 27 53 78 74 81 3 23
40 51 89 72 60 65 0 34 98 26 82 72 81 37 33 79 51 2 92 43 90 78 81 47 68 95 19 75 59 90 78 31 17 30 33 15 25 84 12 98 84 8 78 54 93 17 67 99 97 15
10 93 62 53 35 92 74 10 73 65 49 35 44 58 90 32 35 72 47 90 98 51 39 37 24 80 53 52 79 95 93 42 94 57 87 6 43 23 71 55 97 21 63 53 26 57 72 53 43 26
99 10 87 16 29 74 69 13 36 98 41 45 91 4 17 36 53 31 88 38 97 15 72 85 21 60 21 22 68 84 12 90 44 22 79 1 40 87 97 36 58 84 48 73 13 27 32 85 36 33
