18 24
0 0 1 2 2 3 3 4 4 5 5 6 7 7 8 9 9 10 11 12 12 13 14 15 16 17 18 19 19 20 20 21 22 22 23 24 25 25 26 27 27 28 28 29 29 30 31 31 32 33
34 34 1 35 35 36 36 37 38 39 40 41 41 42 8 43 43 10 44 45 45 13 14 15 16 17 18 46 47 48 48 21 49 49 23 24 50 51 51 52 53 53 54 54 55 55 56 56 57 33
58 59 59 60 61 62 62 37 63 39 40 64 65 66 67 68 69 70 44 71 72 73 73 74 75 76 76 46 47 77 77 78 79 80 80 81 50 82 82 52 83 83 84 84 85 85 86 87 57 88
58 89 90 60 61 91 91 92 63 93 94 64 65 66 95 68 69 70 96 71 97 98 98 74 99 100 100 101 102 103 103 78 79 104 105 81 106 107 108 109 109 110 111 111 112 112 86 87 113 114
115 89 116 116 117 117 118 118 119 93 94 120 120 121 95 122 122 123 124 125 97 126 127 128 99 129 130 101 131 132 133 133 134 134 105 135 135 107 136 137 138 110 139 139 140 140 141 141 142 114
115 143 144 144 145 146 147 147 119 148 148 149 150 151 151 152 152 153 124 125 154 126 127 155 155 129 156 156 131 132 157 158 159 159 160 161 161 162 136 137 138 163 163 164 164 165 166 166 142 167
168 168 169 169 145 146 170 171 172 172 173 149 174 175 175 176 176 153 177 178 179 179 180 181 182 183 183 184 185 186 186 158 187 187 188 188 189 162 190 190 191 191 192 193 194 165 195 195 196 196
197 197 198 199 199 200 170 171 201 202 173 203 174 204 205 205 206 207 177 178 208 208 180 181 182 209 209 184 185 210 210 211 212 213 213 214 215 215 216 216 217 218 218 193 194 219 220 220 221 222
223 224 224 225 226 227 227 228 201 202 229 203 230 231 231 232 206 207 233 233 234 234 235 236 237 238 238 239 239 240 240 211 212 241 241 242 243 244 244 245 217 246 247 248 249 219 250 250 221 251
223 252 252 225 253 253 254 228 255 255 229 256 230 257 258 258 259 260 261 261 262 262 235 236 263 264 265 266 267 268 268 269 269 270 271 242 272 273 273 245 274 246 247 248 249 275 275 276 276 251
277 278 278 279 279 280 281 281 282 283 283 256 284 257 285 286 259 260 287 288 289 290 291 291 263 264 292 266 293 293 294 295 295 270 296 296 272 297 298 298 274 299 300 301 301 302 303 304 305 305
306 306 307 308 308 280 309 310 282 311 312 313 314 315 285 286 316 316 287 288 289 317 317 318 319 319 292 320 320 321 294 322 323 323 324 324 325 297 326 327 327 299 300 328 329 302 303 304 330 330
331 331 332 332 333 334 309 310 335 336 312 313 314 315 337 338 339 340 340 341 342 343 344 318 345 346 346 347 348 321 349 322 350 350 351 352 353 353 326 354 354 355 355 328 329 356 356 357 357 358
359 360 361 361 333 362 363 364 364 336 365 366 367 368 337 338 339 369 370 341 342 343 344 371 345 372 372 347 373 373 374 375 376 376 351 352 377 378 378 379 379 380 380 381 382 382 383 383 384 384
359 360 385 386 387 362 363 388 388 389 365 366 367 390 391 392 393 369 394 395 396 397 398 371 399 400 401 402 403 404 374 375 405 405 406 406 377 407 407 408 408 409 409 381 410 411 412 413 413 414
415 416 416 386 417 418 418 419 419 389 420 421 421 390 391 392 422 422 394 423 396 397 398 424 425 400 401 402 403 404 426 426 427 428 429 429 430 430 431 431 432 433 434 434 435 411 412 436 436 414
415 437 438 438 417 439 439 440 440 441 420 442 443 444 445 445 446 447 447 423 448 449 449 424 425 450 450 451 451 452 452 453 427 428 454 454 455 456 457 457 432 458 458 459 435 460 461 461 462 462
463 437 464 464 465 465 466 466 467 441 468 468 443 469 469 470 471 471 472 473 448 474 475 476 476 477 477 478 479 480 481 482 483 484 485 485 455 456 486 487 487 488 488 459 489 489 490 491 492 493
463 494 494 495 495 496 496 497 467 498 499 499 500 501 501 470 502 503 504 473 505 474 475 506 507 508 508 509 479 480 481 482 483 510 511 511 512 513 513 514 515 515 516 517 517 518 490 491 492 493
519 520 521 522 523 524 525 526 526 498 527 527 500 528 529 529 502 530 504 531 532 533 534 506 507 535 535 509 536 537 537 538 539 510 540 540 512 541 541 514 542 543 516 544 545 518 546 547 547 548
519 520 549 522 523 524 525 550 551 551 552 552 553 553 554 555 555 530 556 557 532 558 534 559 560 560 561 561 536 562 562 538 539 563 563 564 565 565 566 567 542 568 569 544 545 570 570 571 571 548
572 572 549 573 574 574 575 550 576 577 578 578 579 580 554 581 582 582 556 557 583 558 584 559 585 586 587 588 588 589 590 591 591 592 592 564 593 593 566 567 594 568 569 595 595 596 596 597 598 599
600 600 601 602 602 603 575 604 576 577 605 605 606 580 607 608 608 609 610 610 583 611 612 613 585 586 587 614 615 615 590 616 616 617 617 618 619 619 620 621 594 622 623 623 624 625 625 597 598 599
626 627 601 628 629 603 630 604 631 632 633 633 606 634 607 635 636 609 637 637 638 611 612 613 639 639 640 641 641 642 642 643 643 644 645 618 646 646 620 621 647 622 648 649 624 650 651 651 652 652
626 653 653 628 629 654 654 655 631 632 656 657 657 634 658 635 636 659 660 661 638 662 662 663 663 664 640 665 666 666 667 667 668 644 669 669 670 671 671 672 672 673 648 674 675 675 676 677 677 678
679 680 681 682 682 683 684 655 685 686 687 688 689 689 658 690 691 691 660 661 692 692 693 693 694 664 695 665 696 696 697 697 668 698 699 699 670 700 701 702 703 673 704 674 705 705 676 706 706 678
679 680 681 707 708 683 709 709 685 686 687 688 710 710 711 690 712 712 713 714 715 716 716 717 694 718 695 719 719 720 721 722 723 698 724 724 725 700 701 702 703 726 704 727 728 729 730 730 731 732
733 734 734 707 735 735 736 737 738 738 739 739 740 741 711 742 743 743 744 714 745 745 746 717 747 748 748 749 750 750 721 722 751 751 752 752 753 753 754 755 756 726 757 757 728 758 759 759 731 760
733 761 762 763 764 765 736 766 766 767 768 768 740 741 769 769 770 770 744 771 771 772 773 773 774 774 775 775 776 777 778 778 779 779 780 780 781 781 754 755 756 782 783 784 784 758 785 785 786 760
787 761 762 763 764 765 788 789 790 767 791 791 792 792 793 794 794 795 796 797 798 799 799 800 801 802 802 803 776 777 804 805 806 807 807 808 808 809 810 810 811 782 783 812 812 813 814 814 815 815
787 816 817 818 819 819 788 789 790 820 821 822 822 823 823 824 825 795 796 797 798 826 827 800 828 828 829 830 831 831 804 805 832 832 833 833 834 835 836 837 837 838 839 840 840 813 841 842 842 843
844 816 845 818 846 846 847 847 848 820 821 849 849 850 851 851 825 852 853 853 854 826 827 855 855 856 857 830 858 859 859 860 861 862 863 864 864 835 865 866 867 838 839 868 869 869 870 870 871 871
872 872 845 873 873 874 874 875 875 876 877 878 878 850 879 879 880 881 882 882 883 884 884 885 886 856 857 887 858 888 888 860 861 862 863 889 890 890 865 866 867 891 891 868 892 892 893 894 895 895
896 897 898 899 900 900 901 902 902 903 877 904 905 905 906 907 907 881 908 909 883 910 911 885 886 912 913 887 914 915 916 917 917 918 918 919 919 920 921 922 923 924 925 925 926 927 927 894 928 929
896 897 930 899 931 931 901 932 932 903 933 934 935 935 936 937 938 939 908 909 940 940 911 941 941 912 913 942 942 915 916 943 943 944 945 946 946 947 921 922 923 924 948 948 926 949 950 950 928 951
952 952 930 953 954 955 955 956 957 958 958 934 959 959 936 937 938 960 961 962 962 963 964 965 966 966 967 968 969 969 970 971 971 944 945 972 972 947 973 973 974 974 975 975 976 977 977 978 979 951
980 980 981 953 954 982 982 956 983 984 985 986 987 987 988 988 989 960 961 990 990 963 964 991 992 992 967 993 993 994 995 996 997 997 998 999 999 1000 1001 1001 1002 1003 1003 1004 1005 1006 1007 1008 979 1009
1010 1011 981 1012 1012 1013 1013 1014 983 984 985 986 1015 1015 1016 1017 1018 1018 1019 1019 1020 1021 1021 991 1022 1023 1024 1024 1025 1026 995 996 1027 1028 1028 1029 1030 1000 1031 1032 1033 1033 1034 1004 1005 1035 1007 1008 1036 1009
1010 1011 1037 1037 1038 1039 1040 1041 1041 1042 1043 1043 1044 1044 1016 1017 1045 1046 1046 1047 1020 1048 1049 1049 1022 1023 1050 1050 1025 1026 1051 1052 1027 1053 1054 1029 1030 1055 1031 1056 1056 1057 1058 1058 1059 1035 1060 1060 1036 1061
1062 1063 1064 1065 1065 1039 1040 1066 1067 1068 1069 1070 1071 1072 1073 1073 1074 1074 1075 1047 1076 1048 1077 1078 1079 1080 1080 1081 1082 1082 1051 1083 1083 1053 1084 1085 1086 1086 1087 1087 1088 1088 1089 1089 1090 1091 1092 1092 1093 1061
1062 1063 1064 1094 1095 1096 1096 1066 1097 1068 1069 1070 1071 1072 1098 1098 1099 1099 1100 1101 1076 1102 1077 1103 1079 1104 1104 1081 1105 1106 1106 1107 1108 1108 1084 1085 1109 1109 1110 1111 1111 1112 1113 1113 1090 1114 1114 1115 1115 1116
1117 1117 1118 1094 1095 1119 1119 1120 1097 1121 1121 1122 1123 1124 1124 1125 1126 1126 1100 1101 1127 1102 1128 1103 1129 1130 1130 1131 1105 1132 1133 1107 1134 1134 1135 1135 1136 1137 1138 1138 1139 1140 1141 1142 1143 1144 1145 1145 1146 1147
1148 1149 1118 1150 1151 1151 1152 1120 1153 1154 1154 1122 1123 1155 1155 1125 1156 1157 1157 1158 1127 1159 1128 1160 1129 1161 1162 1162 1163 1163 1133 1164 1165 1166 1166 1167 1136 1137 1168 1169 1169 1140 1141 1142 1143 1144 1170 1170 1146 1147
1148 1171 1171 1150 1172 1172 1152 1173 1174 1174 1175 1176 1176 1177 1178 1179 1179 1180 1180 1158 1181 1182 1182 1183 1184 1185 1186 1187 1188 1188 1189 1164 1165 1190 1191 1191 1192 1192 1168 1193 1193 1194 1195 1196 1197 1197 1198 1199 1199 1200
1201 1202 1202 1203 1204 1205 1205 1173 1206 1207 1208 1209 1210 1211 1178 1212 1212 1213 1214 1214 1181 1215 1215 1183 1184 1185 1216 1187 1217 1217 1189 1218 1219 1220 1221 1221 1222 1222 1223 1224 1224 1194 1195 1225 1225 1226 1198 1227 1228 1228
1229 1230 1230 1203 1204 1231 1232 1233 1206 1207 1208 1209 1210 1211 1234 1235 1235 1213 1236 1237 1237 1238 1238 1239 1240 1240 1216 1241 1242 1243 1244 1218 1245 1220 1246 1246 1247 1248 1248 1249 1249 1250 1251 1252 1253 1226 1254 1227 1255 1255
1229 1256 1257 1258 1259 1259 1232 1233 1260 1261 1262 1262 1263 1263 1234 1264 1265 1265 1236 1266 1266 1267 1267 1239 1268 1269 1270 1241 1242 1243 1271 1271 1245 1272 1272 1273 1247 1274 1275 1276 1277 1250 1251 1252 1253 1278 1279 1279 1280 1280
1281 1256 1257 1258 1282 1282 1283 1283 1260 1261 1284 1284 1285 1285 1286 1287 1287 1288 1289 1290 1291 1292 1292 1293 1268 1269 1270 1294 1295 1295 1296 1296 1297 1298 1298 1299 1300 1274 1275 1276 1277 1301 1301 1302 1303 1278 1304 1304 1305 1306
1281 1307 1308 1309 1310 1311 1311 1312 1313 1313 1314 1315 1316 1316 1317 1318 1318 1288 1289 1290 1291 1319 1319 1320 1321 1322 1323 1323 1324 1325 1326 1326 1297 1327 1328 1299 1300 1329 1329 1330 1331 1331 1332 1332 1303 1333 1333 1334 1305 1306
1335 1307 1308 1309 1310 1336 1336 1312 1337 1338 1338 1315 1339 1339 1317 1340 1341 1341 1342 1342 1343 1343 1344 1320 1321 1345 1345 1346 1324 1325 1347 1347 1348 1348 1328 1349 1349 1350 1350 1330 1351 1352 1352 1353 1353 1354 1354 1334 1355 1355
52 84 33 22 77 22 28 44 1 22 44 62 10 3 54 70 41 52 51 6 29 36 87 19 29 15 38 1 25 48 98 66 41 44 71 58 77 46 80 15 66 8 14 75 83 5 79 5 32 40
19 82 99 87 71 82 58 58 96 27 68 3 21 96 87 34 89 4 11 30 88 56 81 33 36 83 79 75 66 47 8 25 18 46 21 8 52 25 97 18 28 62 1 15 30 56 23 74 82 7
5 61 6 22 91 37 20 65 82 75 69 89 76 12 63 89 70 88 82 30 10 1 36 54 6 33 81 92 91 12 37 61 66 44 33 93 64 40 27 66 69 84 84 30 48 47 22 27 59 20
2 66 96 71 84 44 33 69 56 25 17 48 35 52 43 99 7 24 60 90 42 80 51 1 76 73 23 78 84 47 59 81 77 77 69 21 96 26 67 15 76 85 43 94 82 40 67 16 87 0
97 53 15 44 86 69 73 83 97 51 94 86 49 63 7 35 6 38 63 25 60 97 40 18 29 48 66 96 48 1 56 27 43 25 48 22 80 45 98 62 69 26 54 5 26 13 55 73 92 67
75 4 72 48 8 62 81 28 43 92 62 38 66 15 31 36 13 99 78 62 53 90 85 78 90 22 11 7 60 92 89 52 9 14 67 76 0 84 67 25 2 68 29 75 92 11 54 91 38 37
88 33 51 40 59 82 73 73 2 20 64 50 58 36 89 97 5 7 15 11 82 22 2 39 8 70 76 47 35 39 31 77 99 13 2 73 10 54 39 31 18 15 92 70 27 78 59 28 25 34
60 51 38 32 86 72 43 61 22 24 96 96 9 72 7 11 79 9 19 53 16 88 96 87 89 71 68 85 24 62 15 39 89 11 72 81 40 33 36 33 1 53 75 18 71 14 7 20 40 78
25 85 2 45 83 22 61 27 54 66 36 38 82 81 82 29 91 91 46 35 19 89 9 97 12 43 98 31 91 41 51 86 4 87 71 78 11 96 29 6 83 60 78 71 44 20 6 4 15 30
86 32 46 45 40 29 90 87 83 16 27 57 29 70 7 29 80 55 73 2 96 30 92 79 50 42 28 14 81 38 30 58 81 23 33 85 82 39 78 96 55 95 75 62 9 50 47 52 38 96
80 15 53 77 33 88 48 91 37 45 15 95 64 43 5 2 38 79 17 10 35 43 35 47 26 69 50 39 49 7 76 78 51 48 32 60 91 84 33 21 75 20 44 88 97 71 9 84 52 23
87 46 44 5 37 23 22 85 80 88 11 0 66 88 28 91 74 23 90 67 75 91 45 92 56 98 41 61 61 89 23 24 43 3 89 5 56 9 87 62 57 19 49 19 58 77 84 39 42 98
23 67 73 18 46 52 18 1 73 39 31 75 82 83 57 11 99 52 56 89 91 26 64 16 93 78 98 26 41 15 35 79 78 70 28 18 7 85 77 55 87 82 49 0 65 86 72 69 83 68
53 48 84 16 27 11 41 0 89 85 90 91 46 25 8 44 60 64 81 0 9 56 44 37 97 75 52 81 21 56 14 32 28 13 42 10 80 81 17 27 49 15 27 6 78 28 56 23 93 78
90 44 29 74 18 69 25 47 33 85 47 65 28 68 48 6 88 80 76 5 70 55 1 47 78 24 6 23 24 89 78 90 6 65 81 3 15 27 53 98 97 72 10 2 2 5 57 41 14 9
24 74 18 24 16 19 78 8 33 2 40 52 93 49 90 37 89 96 56 40 88 81 94 93 98 65 89 3 45 24 86 1 54 20 77 24 66 99 54 3 93 84 98 68 76 30 67 20 8 78
96 14 93 60 33 26 92 9 42 5 69 83 99 77 6 82 34 6 58 80 77 12 75 54 90 74 0 49 37 24 68 45 89 0 40 9 39 52 77 39 40 99 32 5 80 95 91 50 75 88
78 67 48 65 22 34 0 94 38 39 33 82 86 88 9 90 46 55 31 96 26 35 86 84 11 13 0 8 80 98 56 89 22 70 25 71 52 40 54 7 18 34 95 84 95 12 61 76 80 38
74 57 65 28 30 43 66 1 64 22 36 34 37 19 18 97 84 23 55 80 8 85 68 18 81 78 89 34 35 16 94 5 85 41 64 45 48 56 60 25 42 55 28 73 62 1 28 71 27 23
22 57 31 9 31 98 10 35 1 89 29 36 75 11 77 57 19 61 53 67 31 31 80 3 95 44 17 89 35 63 47 11 80 19 37 43 42 94 30 87 90 92 41 34 77 12 95 74 67 63
61 80 12 80 45 10 90 83 20 97 22 92 45 27 64 16 6 16 27 35 36 48 22 63 15 32 95 37 24 56 17 13 81 23 61 15 72 5 72 90 60 92 96 78 54 56 0 13 54 56
8 7 69 7 53 74 80 15 28 48 15 88 96 58 83 39 83 29 34 0 66 2 34 66 34 52 48 87 41 5 68 44 20 26 24 20 57 58 88 24 97 78 70 21 10 57 33 25 61 41
30 41 99 30 8 89 10 85 28 42 52 37 22 61 89 67 62 48 0 14 78 17 3 81 73 82 4 59 0 95 23 0 55 13 16 25 93 13 1 36 54 16 48 60 18 16 11 37 60 12
29 65 66 60 70 16 73 68 49 27 42 57 94 21 52 31 48 23 13 57 96 53 17 35 93 3 69 12 32 52 67 96 85 11 50 43 24 46 35 25 55 72 50 36 57 10 5 77 68 43
43 19 9 23 52 78 30 72 52 46 78 23 37 52 44 82 60 30 34 70 89 35 7 30 16 14 88 51 38 37 13 7 83 78 33 58 58 42 52 51 44 78 82 54 40 57 69 66 99 17
4 15 41 66 58 71 42 35 10 19 76 64 83 16 54 40 88 7 89 60 10 58 90 89 56 45 27 58 82 70 71 54 38 18 41 22 5 21 75 13 75 77 45 83 9 73 88 92 11 71
57 34 63 58 52 28 93 21 87 32 36 25 1 86 45 10 89 23 10 59 14 33 42 69 82 76 49 38 16 48 2 88 20 33 12 99 41 24 48 99 45 36 19 86 89 70 61 77 34 99
22 30 23 26 37 59 93 78 1 21 4 97 80 39 47 49 49 30 45 16 40 18 26 93 57 67 38 89 42 54 84 12 44 48 15 18 24 16 33 55 3 5 73 69 5 14 4 99 81 58
68 83 34 34 60 28 79 40 19 1 31 26 64 55 82 90 15 67 99 0 74 71 52 19 66 77 79 50 2 69 5 73 50 70 84 14 99 56 29 44 4 7 56 94 36 16 82 69 68 44
49 42 96 66 38 84 10 31 85 69 98 57 78 97 12 5 41 81 96 67 32 51 37 96 60 47 87 37 62 85 97 29 59 14 32 62 93 32 65 91 79 30 63 28 94 4 77 89 99 51
99 45 90 64 51 68 91 29 43 62 41 18 93 44 2 3 62 58 73 93 14 71 99 62 50 88 19 38 50 25 67 9 45 43 14 27 95 23 13 25 43 53 25 7 32 87 90 23 19 12
33 36 28 71 83 54 23 83 31 16 47 48 37 51 91 1 2 8 32 88 4 55 17 95 1 71 86 67 55 94 73 99 72 28 82 33 24 17 42 63 5 66 98 52 24 94 52 72 11 81
56 25 40 41 95 82 10 2 98 35 97 63 88 8 68 2 30 1 17 28 95 41 70 72 9 74 30 45 68 93 76 19 99 26 48 8 90 29 69 56 22 85 42 55 14 56 27 72 84 21
74 34 48 71 33 28 36 82 80 52 40 28 49 52 14 38 0 24 82 27 65 28 21 24 30 20 17 60 72 60 98 72 73 41 7 86 3 22 93 31 40 91 61 64 31 15 79 16 9 54
30 7 91 41 42 62 38 59 55 52 4 98 9 62 97 80 34 26 77 16 57 86 64 17 20 13 79 28 17 2 20 98 32 29 58 87 96 89 85 78 91 33 36 92 78 69 25 98 34 82
64 11 12 94 3 14 78 88 16 10 53 8 58 5 72 37 49 29 14 24 7 10 76 93 75 43 24 13 56 50 53 25 73 48 19 30 6 19 24 72 8 87 64 61 70 72 32 33 32 1
45 60 56 21 44 61 80 95 72 7 53 61 20 53 9 61 1 76 53 58 49 43 20 81 31 86 37 6 78 64 76 41 42 34 28 63 7 41 29 93 98 72 38 37 61 79 29 28 37 67
76 81 90 26 20 83 73 78 60 88 26 31 17 45 44 65 66 49 46 33 30 48 42 4 61 47 47 78 77 78 64 20 67 20 7 36 27 50 42 16 51 32 31 55 54 13 10 93 29 4
64 43 84 54 56 42 1 14 82 23 95 32 27 57 89 10 90 0 98 20 12 19 32 44 7 24 16 95 39 70 77 30 68 29 87 72 47 35 99 17 57 13 21 38 91 50 73 0 75 35
98 27 41 17 79 90 14 28 79 3 92 92 48 9 98 7 91 96 51 5 18 83 56 87 37 11 75 67 47 67 47 6 96 80 12 91 42 6 78 67 20 20 31 54 38 19 4 93 8 1
25 8 23 74 31 80 78 29 37 36 64 75 19 52 16 83 31 37 91 78 46 36 6 18 37 31 68 14 9 9 70 90 62 51 94 44 43 26 5 74 28 20 95 5 89 36 61 51 13 44
20 29 73 38 37 42 53 76 86 34 84 20 7 4 52 47 53 54 60 46 55 89 34 67 66 42 21 15 5 27 33 33 96 22 68 7 49 64 3 79 42 76 85 63 75 24 1 64 8 81
85 65 67 96 5 42 29 34 14 0 35 46 8 77 48 13 4 61 8 91 59 98 19 98 76 77 83 55 41 58 25 76 91 7 77 83 90 67 27 45 55 14 66 41 2 0 83 24 23 2
67 18 37 48 95 87 42 75 53 50 38 79 57 5 92 98 37 28 68 10 23 39 46 37 77 43 31 22 69 49 33 76 87 79 77 24 37 21 1 63 66 0 93 86 80 33 76 0 22 69
48 90 14 33 41 16 50 72 73 40 72 0 22 98 34 16 32 50 65 24 40 71 1 86 3 65 41 14 80 95 42 6 29 11 71 54 54 33 17 57 16 28 41 41 85 67 66 12 69 34
96 90 35 75 65 26 90 5 1 67 71 2 96 3 67 51 17 84 32 97 98 14 96 17 43 41 0 44 42 62 25 8 2 23 29 65 34 78 38 91 45 26 85 41 10 55 84 26 29 45
47 50 7 32 82 69 80 77 99 0 4 79 69 51 43 33 81 1 58 7 9 53 71 40 83 42 54 76 98 23 98 94 5 10 19 32 53 65 34 84 82 93 98 67 24 50 26 50 58 60
12 34 27 32 47 7 35 59 29 99 49 59 90 24 41 57 56 16 33 11 85 49 49 63 95 3 36 0 9 55 64 66 26 25 98 73 44 74 60 34 18 41 67 35 73 91 22 97 22 62
95 75 5 62 73 14 82 78 91 22 30 48 93 69 21 52 50 83 58 67 35 51 52 11 0 70 84 11 29 97 7 46 57 48 14 21 61 26 80 73 31 46 97 13 16 78 67 47 98 13
17 7 58 1 7 13 98 27 25 48 72 58 74 90 29 11 12 30 11 53 66 57 92 92 93 90 46 79 67 28 58 37 90 71 75 5 45 40 34 57 50 98 82 11 38 37 4 17 38 39
