40 35
0 0 1 2 2 3 3 4 5 5 6 7 8 8 9 10 11 12 13 13 14 15 15 16 17 17 18 18 19 20 21 21 22 22 23 24 25 25 26 27 27 28 28 29 30 31 32 32 33 33
34 35 35 36 37 37 38 4 39 40 40 7 41 41 9 10 42 12 43 44 14 45 45 16 46 46 47 47 19 48 49 50 50 51 23 52 52 53 54 55 55 56 56 29 30 31 57 57 58 59
34 60 61 36 62 63 63 64 64 65 65 66 67 68 69 69 42 70 43 44 71 71 72 72 73 74 75 76 76 48 49 77 78 51 79 79 80 80 54 81 82 82 83 84 85 86 87 88 58 59
89 90 61 91 92 93 94 95 95 96 96 66 67 97 97 98 98 70 99 99 100 101 102 102 73 103 75 104 105 106 107 77 78 108 108 109 110 111 112 81 113 114 83 84 115 86 116 88 117 117
89 90 118 118 92 119 94 120 121 122 123 124 124 125 126 127 127 128 129 129 100 101 130 131 131 103 132 104 105 106 133 134 135 135 136 109 110 111 137 137 113 114 138 139 115 140 116 141 142 142
143 143 144 145 145 119 146 120 121 147 123 148 149 149 126 150 150 128 151 152 153 153 154 155 155 156 156 157 157 158 133 134 159 159 136 160 160 161 162 163 163 164 164 139 165 165 166 141 167 167
168 169 144 170 171 172 146 173 173 147 174 175 175 176 177 178 179 180 180 152 181 181 154 182 182 183 184 184 185 158 186 186 187 188 189 190 191 161 162 192 192 193 193 194 194 195 166 196 197 198
168 199 199 170 200 172 201 202 202 203 204 205 205 206 177 178 179 207 208 209 209 210 211 211 212 213 213 214 185 215 215 216 216 188 189 190 191 217 218 218 219 220 221 221 222 223 224 196 197 198
225 225 226 226 200 227 227 228 228 203 204 229 229 206 230 231 232 233 208 234 235 210 236 236 237 237 238 214 239 240 240 241 242 243 243 244 244 217 245 246 246 220 247 248 248 223 224 249 250 251
252 252 253 253 254 254 255 255 256 257 257 258 259 259 230 231 260 233 261 261 235 262 262 263 264 265 266 267 267 268 269 241 242 270 271 272 272 273 273 274 275 275 276 276 277 278 278 249 250 279
280 280 281 282 283 284 285 285 256 286 286 258 287 288 288 289 260 290 290 291 291 292 292 263 264 265 266 293 294 294 269 295 296 296 271 297 297 298 299 274 300 301 301 302 277 303 304 305 305 279
306 307 281 282 283 284 308 309 310 310 311 312 287 313 313 314 315 315 316 316 317 317 318 319 319 320 320 293 321 321 322 295 323 324 325 326 326 298 327 327 300 328 329 302 330 303 331 331 332 333
334 307 335 336 337 338 338 309 339 340 340 312 341 342 342 314 343 344 345 346 346 347 348 348 349 349 350 350 351 352 322 353 353 324 325 354 355 356 356 357 357 328 329 358 358 359 360 361 332 362
334 363 335 336 337 364 365 365 339 366 367 368 368 369 369 370 343 344 371 372 373 347 374 374 375 376 377 378 351 352 379 380 380 381 381 354 355 382 382 383 384 384 385 386 387 359 360 361 388 362
389 363 390 391 391 392 392 393 393 366 367 394 395 395 396 397 397 398 371 372 399 399 400 400 375 401 377 378 402 402 403 403 404 405 405 406 407 408 409 383 410 410 385 386 387 411 412 413 413 414
389 415 415 416 416 417 417 418 419 420 420 394 421 422 423 423 424 424 425 426 427 427 428 429 429 401 430 430 431 431 432 433 433 434 435 406 407 436 409 437 438 438 439 440 440 411 412 441 441 414
442 443 444 445 446 447 448 418 419 449 450 450 421 451 451 452 452 453 453 426 454 455 455 456 456 457 457 458 458 459 460 460 461 434 435 462 462 436 463 463 464 465 439 466 466 467 467 468 469 470
442 443 444 445 446 447 448 471 471 449 472 472 473 474 474 475 475 476 477 477 454 478 479 480 480 481 482 482 483 484 484 485 485 486 487 487 488 489 490 490 464 465 491 491 492 492 493 468 469 470
494 494 495 496 497 498 498 499 500 500 501 502 473 503 504 505 506 506 507 508 508 478 509 510 510 481 511 511 483 512 512 513 514 515 516 516 488 489 517 518 518 519 520 521 521 522 493 523 523 524
525 526 527 496 528 528 529 530 530 531 501 502 532 532 504 505 533 533 507 534 534 535 509 536 537 537 538 538 539 540 540 513 514 515 541 541 542 543 517 544 544 519 520 545 546 546 547 547 548 524
525 526 527 549 549 550 529 551 551 531 552 553 554 554 555 555 556 557 557 558 559 535 560 536 561 561 562 563 539 564 564 565 565 566 567 567 542 543 568 569 569 570 570 571 572 573 573 574 574 575
576 577 577 578 578 550 579 579 580 581 581 553 582 582 583 583 556 584 584 558 559 585 585 586 587 587 562 563 588 588 589 590 591 592 592 593 593 594 568 595 595 596 597 571 572 598 599 600 600 575
601 601 602 603 604 605 605 606 607 607 608 608 609 610 611 612 612 613 613 614 615 616 616 586 617 617 618 618 619 619 589 590 591 620 620 621 621 622 623 623 624 596 597 625 625 598 599 626 627 628
629 630 602 631 604 632 632 606 633 634 635 636 609 610 637 638 639 639 640 640 615 641 642 643 644 644 645 646 646 647 648 649 649 650 651 652 652 622 653 654 654 655 655 656 656 657 658 658 627 628
629 630 659 631 660 661 661 662 662 634 635 663 663 664 637 638 665 665 666 666 667 667 642 643 668 669 669 670 670 647 648 671 672 673 651 674 675 675 676 676 677 677 678 678 679 657 680 680 681 681
682 683 684 684 660 685 686 687 687 688 688 689 689 664 690 691 692 693 694 694 695 695 696 697 668 698 699 699 700 700 701 671 672 673 702 674 703 704 704 705 705 706 706 707 679 708 709 710 711 712
682 683 713 714 715 685 716 717 718 718 719 719 720 720 690 691 692 693 721 722 723 723 696 724 724 698 725 726 727 727 701 728 729 730 702 731 732 733 733 734 734 735 735 707 736 708 709 710 711 712
737 738 713 714 739 739 716 717 740 741 741 742 742 743 743 744 745 746 721 722 747 748 748 749 749 750 725 726 751 752 752 753 729 754 755 756 732 757 757 758 759 759 760 760 736 761 762 763 764 765
737 766 766 767 767 768 768 769 740 770 770 771 772 773 774 744 745 746 775 776 776 777 778 779 780 780 781 781 751 782 782 753 783 754 755 756 784 785 785 758 786 786 787 788 789 761 762 790 764 791
792 793 794 795 796 796 797 769 798 799 799 771 800 773 801 802 803 803 804 804 805 777 778 779 806 806 807 807 808 809 809 810 783 811 812 813 813 814 815 816 816 817 787 788 789 818 818 790 819 791
792 793 794 795 820 821 797 822 798 823 824 824 800 825 801 802 826 827 827 828 828 829 829 830 830 831 831 832 832 833 833 834 835 811 836 836 837 814 838 838 839 817 840 840 841 841 842 842 819 843
844 845 846 846 820 821 847 822 848 848 849 850 850 825 851 852 852 853 853 854 855 856 856 857 857 858 858 859 860 860 861 834 862 863 863 864 865 865 866 867 839 868 868 869 870 870 871 872 873 873
844 845 874 874 875 875 876 876 877 878 879 880 881 881 851 882 883 883 884 854 855 885 886 886 887 887 888 859 889 889 861 890 862 891 891 892 893 894 894 867 895 896 896 869 897 898 871 872 899 900
901 902 902 903 903 904 905 906 877 878 879 880 907 908 909 882 910 910 911 912 912 913 914 915 916 917 917 918 919 920 920 890 921 922 923 892 893 924 925 926 926 927 928 928 897 929 929 930 899 900
931 932 932 933 934 904 905 935 936 937 938 938 907 908 909 939 940 941 911 942 943 913 914 944 916 945 945 918 946 947 947 948 948 922 923 949 950 924 925 951 951 952 952 953 954 955 956 956 957 957
931 958 958 933 934 959 960 935 936 937 961 961 962 962 963 963 940 941 964 964 943 965 965 944 966 966 967 968 946 969 970 970 971 971 972 949 950 973 973 974 974 975 975 953 976 955 977 978 979 979
980 981 982 983 983 959 960 984 984 985 985 986 987 987 988 989 989 990 990 991 991 992 992 993 994 994 967 968 995 969 996 997 998 998 999 1000 1001 1001 1002 1003 1004 1004 1005 1006 976 1007 977 1008 1009 1010
980 981 1011 1011 1012 1013 1014 1014 1015 1016 1017 1017 1018 1018 988 1019 1020 1020 1021 1022 1022 1023 1023 993 1024 1024 1025 1026 995 1027 996 997 1028 1028 999 1000 1029 1030 1002 1031 1031 1032 1005 1033 1034 1035 1035 1008 1009 1010
1036 1037 1037 1038 1012 1013 1039 1040 1015 1016 1041 1041 1042 1042 1043 1043 1044 1044 1045 1045 1046 1047 1048 1048 1049 1049 1025 1026 1050 1050 1051 1051 1052 1053 1054 1054 1029 1030 1055 1056 1057 1057 1058 1033 1034 1059 1060 1061 1061 1062
1036 1063 1063 1064 1065 1065 1039 1040 1066 1067 1068 1068 1069 1069 1070 1070 1071 1071 1072 1072 1046 1073 1073 1074 1075 1076 1076 1077 1078 1079 1080 1080 1052 1053 1081 1081 1082 1082 1055 1083 1084 1084 1085 1085 1086 1086 1060 1087 1087 1062
1088 1089 1090 1064 1091 1091 1092 1093 1066 1067 1094 1095 1095 1096 1097 1097 1098 1099 1100 1101 1101 1102 1102 1074 1075 1103 1104 1077 1078 1105 1105 1106 1106 1107 1107 1108 1109 1110 1110 1083 1111 1111 1112 1113 1113 1114 1114 1115 1115 1116
1088 1089 1090 1117 1118 1118 1092 1093 1119 1120 1121 1121 1122 1123 1124 1125 1098 1126 1100 1127 1127 1128 1129 1130 1130 1103 1131 1132 1132 1133 1133 1134 1135 1136 1137 1108 1109 1138 1138 1139 1140 1140 1112 1141 1142 1143 1144 1144 1145 1116
1146 1147 1148 1117 1149 1149 1150 1150 1151 1120 1152 1153 1122 1123 1124 1125 1154 1126 1155 1156 1156 1128 1157 1158 1159 1159 1131 1160 1160 1161 1162 1134 1135 1136 1163 1163 1164 1165 1165 1139 1166 1167 1167 1141 1142 1168 1169 1170 1145 1171
1172 1147 1173 1173 1174 1175 1175 1176 1151 1177 1152 1178 1178 1179 1179 1180 1181 1181 1155 1182 1182 1183 1157 1184 1185 1185 1186 1186 1187 1187 1162 1188 1188 1189 1189 1190 1164 1191 1191 1192 1166 1193 1193 1194 1194 1168 1169 1170 1195 1171
1172 1196 1197 1198 1174 1199 1199 1200 1200 1177 1201 1202 1202 1203 1203 1180 1204 1205 1206 1207 1208 1209 1209 1184 1210 1211 1212 1213 1214 1214 1215 1215 1216 1217 1217 1190 1218 1218 1219 1192 1220 1221 1221 1222 1223 1224 1225 1225 1226 1226
1227 1196 1197 1198 1228 1229 1229 1230 1231 1232 1232 1233 1234 1234 1235 1236 1236 1205 1206 1207 1237 1238 1238 1239 1240 1211 1212 1213 1241 1241 1242 1242 1243 1243 1244 1245 1246 1247 1219 1248 1220 1249 1249 1222 1223 1250 1251 1252 1253 1254
1227 1255 1256 1257 1228 1258 1258 1259 1231 1260 1260 1233 1261 1261 1235 1262 1262 1263 1264 1264 1237 1265 1266 1239 1240 1267 1268 1269 1270 1270 1271 1272 1273 1273 1244 1245 1246 1274 1274 1248 1275 1275 1276 1277 1277 1250 1251 1252 1253 1254
1278 1255 1279 1257 1280 1281 1281 1259 1282 1282 1283 1284 1285 1285 1286 1287 1287 1263 1288 1289 1289 1265 1266 1290 1290 1267 1268 1269 1291 1291 1292 1272 1293 1293 1294 1295 1295 1296 1297 1298 1298 1299 1300 1300 1301 1302 1303 1304 1305 1306
1307 1307 1279 1308 1280 1309 1309 1310 1311 1311 1283 1284 1312 1312 1286 1313 1314 1315 1316 1316 1317 1317 1318 1319 1319 1320 1321 1322 1322 1323 1292 1324 1325 1326 1326 1327 1327 1296 1328 1328 1329 1329 1330 1331 1301 1302 1332 1304 1305 1306
1333 1334 1334 1308 1335 1336 1336 1310 1337 1338 1338 1339 1340 1340 1341 1341 1314 1315 1342 1342 1343 1344 1344 1345 1345 1320 1321 1346 1346 1347 1347 1324 1325 1348 1348 1349 1349 1350 1351 1351 1352 1352 1330 1331 1353 1353 1332 1354 1355 1355
73 39 90 53 73 63 13 8 87 69 18 40 77 77 57 20 13 51 88 69 46 44 41 6 89 75 39 3 68 54 4 64 84 90 81 20 84 46 57 98 24 35 83 13 67 34 95 97 70 69
56 44 12 6 44 3 45 7 57 73 37 46 0 35 26 49 80 87 58 12 87 37 18 77 13 50 53 69 31 51 4 30 99 61 40 94 14 31 12 86 31 10 53 50 47 29 39 28 88 80
3 6 22 69 65 73 94 46 5 79 46 42 58 28 85 80 13 11 17 4 31 95 54 68 83 25 55 55 68 36 87 61 59 91 91 1 13 41 79 12 77 76 92 57 4 7 53 67 78 35
82 42 2 12 89 47 38 24 59 34 21 37 6 40 89 64 71 23 51 44 18 77 84 17 12 30 3 14 8 16 97 44 13 87 55 9 68 80 53 88 88 15 31 9 81 16 47 68 72 16
93 25 38 15 89 72 8 93 22 72 31 43 20 78 77 75 1 29 60 11 22 56 1 47 15 34 57 35 45 30 28 73 84 82 77 24 13 1 75 69 80 12 14 68 7 64 1 95 10 0
35 86 23 99 99 5 38 95 15 51 94 48 46 77 74 80 79 71 35 72 8 85 91 12 71 8 83 40 72 97 24 29 48 36 69 56 99 27 83 75 92 3 32 8 96 88 9 44 73 30
36 81 34 91 7 11 98 84 27 7 68 12 93 57 82 11 20 56 58 40 77 78 98 28 26 48 81 72 36 74 97 42 51 63 19 7 53 13 50 50 92 68 37 84 89 99 92 50 94 61
88 60 47 81 39 82 89 47 68 76 77 74 44 23 97 43 94 86 19 30 15 90 56 14 40 46 45 15 53 68 10 74 44 68 74 69 24 82 75 86 79 13 98 9 47 21 21 68 11 19
69 46 43 89 31 21 68 34 0 42 27 54 34 63 21 76 0 24 30 54 5 21 35 70 11 9 77 36 9 16 18 21 29 11 53 22 25 33 86 39 88 43 81 33 27 4 6 43 69 98
74 49 6 57 59 21 43 73 99 40 81 86 44 10 6 0 51 58 83 2 91 76 60 93 87 71 39 30 74 62 87 73 34 50 17 68 56 85 61 58 73 88 31 61 5 2 98 43 71 68
67 70 38 7 70 91 36 21 20 89 59 16 65 99 30 88 70 38 28 9 64 78 48 30 81 56 65 85 51 58 37 25 52 62 60 89 46 79 75 20 20 33 46 42 97 65 40 7 51 90
80 53 90 98 79 60 71 47 23 33 77 6 59 48 23 85 18 63 75 17 41 88 43 20 87 91 18 71 42 6 64 12 92 99 18 58 62 19 79 79 96 5 35 33 57 87 7 53 59 17
4 41 51 74 11 84 84 85 26 59 39 59 23 99 62 53 90 67 74 60 99 94 51 33 9 63 9 5 74 83 89 42 83 73 16 31 26 46 52 17 0 27 26 52 39 25 65 68 37 97
50 43 51 46 1 72 80 50 11 14 86 33 38 20 41 4 64 46 24 79 92 75 2 38 53 68 89 53 68 58 3 95 34 85 52 84 71 98 67 75 28 78 62 53 44 52 27 5 58 77
77 3 18 84 80 63 40 35 63 51 48 24 16 33 1 11 44 84 13 24 34 47 0 57 5 21 42 34 14 66 90 40 9 46 91 7 14 43 12 35 34 69 54 57 98 22 83 56 81 95
48 16 51 86 42 99 9 99 97 45 68 37 59 15 91 67 23 95 2 41 82 55 60 37 69 13 13 87 71 10 33 26 54 57 84 65 30 80 0 29 71 22 83 8 89 50 30 20 78 89
17 18 4 23 45 70 24 75 69 17 31 69 0 2 16 8 59 44 18 68 93 30 79 17 93 32 49 14 17 43 79 44 52 1 61 70 45 98 33 79 59 32 20 59 3 26 5 8 92 70
34 99 52 12 53 41 93 22 45 5 80 85 67 83 79 64 96 60 86 98 83 42 14 85 60 48 79 6 32 14 11 7 96 73 68 67 81 70 17 59 36 84 99 36 92 7 97 33 22 38
88 19 46 13 69 92 72 71 49 91 73 25 74 86 45 36 4 82 26 49 66 12 31 18 64 4 91 91 91 34 55 68 63 7 66 21 51 63 77 52 0 91 90 87 25 44 64 1 93 4
15 71 48 87 45 23 66 60 29 13 0 77 8 35 32 47 40 99 1 97 62 66 63 15 75 12 33 73 8 65 30 77 14 36 81 98 85 6 99 0 70 72 25 50 73 4 15 22 20 23
89 7 57 40 32 53 75 91 51 33 67 16 83 49 59 90 98 65 72 84 33 50 66 78 34 58 68 37 42 42 79 55 17 63 50 78 69 63 55 9 55 3 53 90 1 41 47 66 40 66
34 15 48 81 52 88 76 57 35 5 24 1 35 28 14 77 77 42 8 40 26 60 71 12 7 44 61 94 5 94 82 49 33 94 45 48 27 95 47 30 12 77 0 84 75 84 78 81 83 14
42 60 35 82 62 77 82 98 3 41 14 51 48 50 5 4 93 4 81 83 70 6 72 15 86 79 17 57 36 78 87 98 85 25 86 22 81 95 19 60 28 15 31 83 98 35 98 46 33 68
31 69 47 15 96 6 45 26 89 15 74 55 2 30 64 99 24 54 24 49 30 98 44 89 3 62 94 62 56 15 57 94 8 97 24 24 35 58 77 78 65 98 53 21 91 37 93 8 86 86
12 10 92 36 52 23 32 97 95 79 26 85 95 70 27 52 39 8 47 7 86 58 35 63 52 4 19 91 65 50 27 10 45 42 25 48 81 21 66 29 48 90 69 78 72 56 44 40 74 4
90 94 18 73 94 62 65 6 3 47 37 81 65 93 83 69 14 0 57 97 35 49 67 40 4 92 82 79 57 89 55 13 68 12 17 36 92 0 82 67 56 31 79 1 51 86 7 54 83 57
40 0 24 31 72 24 88 34 81 66 73 48 45 62 67 94 44 99 63 51 89 1 48 83 95 4 43 46 48 40 37 56 42 86 63 31 7 86 36 91 72 87 68 49 57 20 62 41 65 44
63 2 79 58 74 49 91 96 35 36 85 98 69 38 89 14 6 1 78 82 59 52 73 7 78 55 86 58 98 99 91 18 21 13 84 56 30 57 64 61 46 73 13 99 13 32 60 70 82 86
6 59 15 49 41 19 11 56 84 90 90 61 80 88 29 2 42 61 18 70 34 52 70 97 11 25 13 50 7 57 17 37 34 29 76 5 80 55 11 62 75 47 56 90 40 86 30 8 76 93
46 30 21 51 17 6 9 15 84 39 31 20 95 26 15 53 33 28 19 42 91 61 82 92 1 30 59 76 67 27 99 71 8 18 59 48 0 2 21 68 89 55 70 50 19 56 34 25 84 12
69 61 51 13 8 59 97 29 47 53 19 22 86 8 77 36 71 91 46 68 36 16 40 46 92 90 7 49 57 20 98 48 2 40 43 26 86 0 6 50 59 99 44 68 5 89 78 76 71 61
2 21 18 67 1 52 29 21 6 78 39 30 92 40 29 7 82 74 35 48 11 48 21 16 20 73 23 20 95 67 32 89 77 57 37 95 2 12 71 57 69 26 63 30 2 60 4 98 81 15
47 72 65 12 11 48 83 18 94 40 96 24 4 21 74 42 85 22 30 90 78 12 46 38 21 19 10 74 12 2 59 41 39 17 49 80 17 34 0 53 74 4 37 55 63 27 34 58 93 33
69 34 50 99 25 70 14 31 90 71 3 36 34 51 6 22 98 94 8 68 22 37 92 71 74 41 0 92 74 15 6 3 19 77 29 0 73 5 28 54 98 66 85 32 22 95 80 57 29 14
99 29 49 37 51 67 49 22 74 14 72 89 19 83 89 61 63 96 95 2 13 60 47 6 73 69 44 46 77 19 85 39 41 85 29 73 88 8 80 31 91 67 88 82 26 64 37 24 39 11
70 67 2 36 80 8 92 51 43 64 58 43 14 4 28 20 92 34 48 4 46 55 49 63 86 3 20 47 44 56 99 26 69 83 65 85 83 33 94 88 47 98 36 88 12 15 75 57 64 11
15 97 65 9 10 26 96 35 45 77 6 68 87 0 48 45 99 88 13 74 92 94 63 61 19 79 30 19 9 86 49 61 93 43 95 96 50 60 3 74 51 56 88 97 63 16 53 5 61 13
5 85 66 73 46 22 92 37 0 35 2 71 6 61 69 99 97 12 35 99 71 45 92 20 85 54 98 96 58 10 88 15 79 55 36 97 19 1 36 78 21 64 99 39 43 18 29 86 31 24
21 87 74 65 5 4 1 89 98 93 2 46 17 62 46 85 47 61 77 36 22 73 31 20 6 36 21 43 86 13 59 95 68 64 74 87 24 8 17 74 86 34 64 29 17 10 69 23 6 54
34 8 62 52 6 16 68 87 31 69 98 76 32 6 8 27 26 94 21 11 73 63 89 54 44 15 9 59 0 94 89 62 59 34 18 77 27 73 90 7 33 94 0 40 54 63 5 47 15 35
9 12 5 56 92 34 81 2 68 83 98 44 49 73 64 91 85 85 70 38 63 30 65 18 41 29 63 58 24 50 0 22 90 74 14 91 21 7 57 84 41 49 5 58 45 24 29 63 1 93
98 86 71 23 80 7 44 76 24 37 87 76 19 7 94 51 68 92 21 82 74 14 54 13 48 14 80 68 96 9 44 61 32 81 56 40 11 88 68 67 38 36 78 90 71 64 1 40 51 82
61 90 25 32 84 0 17 96 34 51 19 82 23 54 78 97 67 64 68 4 25 77 65 68 17 15 15 91 31 3 80 96 3 85 92 47 74 16 81 20 5 21 52 88 66 90 45 46 25 99
91 95 74 88 15 34 87 99 14 62 56 9 10 98 97 10 11 95 21 20 67 31 62 83 11 28 42 71 2 33 88 48 31 14 66 19 87 14 34 29 75 31 11 89 49 55 71 81 55 50
17 32 28 89 19 28 44 47 81 34 37 62 82 58 90 18 77 35 73 51 64 21 56 54 29 51 71 25 66 45 81 25 58 29 7 2 0 74 44 89 18 2 12 73 97 30 11 14 92 3
83 85 79 50 70 16 34 25 81 90 86 27 74 32 22 68 77 66 54 67 71 20 85 73 49 34 64 5 30 72 83 25 42 44 34 25 11 43 93 58 89 37 29 86 48 84 59 83 57 51
45 54 35 17 23 22 1 1 42 53 20 3 45 28 12 97 56 7 19 95 64 12 97 21 19 0 2 68 58 29 17 41 16 26 44 65 13 41 58 89 50 55 54 41 20 27 6 50 21 89
57 74 20 57 69 50 95 9 34 77 29 40 96 53 94 44 58 13 41 89 85 35 65 8 49 67 89 77 0 15 3 85 86 18 34 73 2 40 15 4 51 24 77 59 20 58 88 99 49 20
8 24 51 83 42 60 51 39 72 29 16 64 87 79 4 52 6 61 28 36 99 55 93 32 33 66 16 1 40 85 93 30 54 59 95 40 59 28 2 27 42 26 68 37 96 0 56 65 40 13
34 11 63 29 30 77 83 10 24 69 59 21 25 73 99 18 37 73 6 35 58 31 20 92 67 44 32 63 30 17 53 43 50 76 31 94 7 53 29 41 88 3 24 62 20 85 45 61 23 0
