17 48
0 1 1 2 3 4 5 6 6 7 8 9 9 10 11 11 12 13 14 14 15 15 16 17 17 18 18 19 20 20 21 21 22 22 23 24 25 25 26 27 27 28 28 29 30 30 31 32 33 33
0 34 35 2 3 4 5 36 37 7 8 38 39 10 40 41 12 13 42 42 43 43 16 44 45 46 47 48 49 50 50 51 51 52 23 24 53 54 26 55 55 56 56 57 57 58 31 32 59 60
61 34 62 63 63 64 64 36 37 65 65 38 39 66 40 41 67 68 68 69 70 70 71 44 45 46 72 48 49 73 73 74 74 52 75 75 53 76 77 78 78 79 80 81 82 58 83 84 85 60
86 86 62 87 88 88 89 89 90 90 91 91 92 93 93 94 94 95 96 96 97 98 99 100 101 102 72 103 104 105 105 106 107 107 108 109 110 76 77 111 112 112 80 81 82 113 83 114 85 115
116 116 117 87 118 119 120 120 121 122 123 123 124 124 125 125 126 95 127 127 97 98 99 100 101 128 128 103 104 129 129 106 130 130 108 109 131 132 132 133 134 135 136 137 137 113 138 114 139 115
140 140 141 141 118 119 142 143 121 122 144 144 145 146 146 147 148 148 149 149 150 151 151 152 152 153 153 154 154 155 155 156 156 157 158 158 131 159 159 133 160 135 136 161 161 162 163 164 139 165
166 167 167 168 169 170 142 171 171 172 172 173 145 174 175 175 176 176 177 177 150 178 178 179 180 180 181 182 183 183 184 184 185 157 186 187 187 188 189 189 160 190 191 191 192 192 163 164 193 194
166 195 196 168 169 170 197 197 198 198 199 173 200 174 201 202 203 204 204 205 205 206 206 207 207 208 181 182 209 209 210 211 211 212 186 213 213 188 214 214 215 216 217 217 218 219 220 221 222 194
223 224 196 225 225 226 226 227 228 228 199 229 229 230 201 202 203 231 232 233 234 235 236 236 237 238 239 240 240 241 241 242 243 212 244 244 245 245 246 246 247 216 248 249 249 219 220 221 222 250
223 224 251 251 252 252 253 253 254 254 255 255 256 230 257 257 258 258 232 233 234 235 259 259 237 238 239 260 260 261 262 242 263 263 264 265 266 266 267 267 247 268 248 269 270 270 271 271 272 273
274 275 276 276 277 277 278 278 279 279 280 280 256 281 281 282 282 283 284 284 285 285 286 287 288 289 289 290 291 261 262 292 293 293 264 265 294 295 296 296 297 268 298 298 299 300 301 302 302 273
274 275 303 303 304 305 306 307 308 308 309 310 310 311 311 312 312 283 313 314 314 315 286 287 316 317 317 290 291 318 319 320 321 322 322 323 294 295 324 324 297 325 326 326 299 327 301 328 329 330
331 332 333 333 304 305 306 307 334 335 335 336 337 337 338 338 339 339 313 340 340 315 341 341 316 342 343 343 344 344 319 320 321 345 345 323 346 347 347 348 349 325 350 350 351 327 352 352 329 353
331 332 354 355 356 357 358 358 334 359 360 336 361 361 362 363 364 364 365 365 366 367 367 368 369 369 370 371 371 372 373 374 375 376 376 377 346 378 378 379 349 380 381 381 351 382 383 384 384 353
385 385 354 355 386 357 387 387 388 389 360 390 391 391 362 363 392 393 394 394 366 395 395 368 396 396 370 397 398 372 373 374 399 399 400 401 401 402 403 379 404 380 405 405 406 382 383 407 407 408
409 409 410 411 386 412 412 413 388 389 414 390 415 415 416 416 392 393 417 417 418 419 420 420 421 422 423 424 398 425 426 427 428 429 429 430 430 402 403 431 404 432 433 433 406 434 435 435 436 436
437 437 438 411 439 439 440 441 441 442 414 443 443 444 445 446 447 448 449 450 418 419 451 452 452 422 453 424 454 425 426 427 428 455 456 456 457 458 458 459 459 432 460 460 461 434 462 463 463 464
465 465 438 466 466 467 440 468 469 470 471 472 473 444 474 446 447 448 449 450 475 476 477 478 479 479 453 480 454 481 481 482 482 455 483 484 484 485 486 487 488 489 489 490 490 491 462 492 493 464
494 495 495 496 496 467 497 468 469 470 471 472 473 498 474 499 499 500 500 501 475 476 477 478 502 503 503 480 504 504 505 505 506 507 483 508 509 485 486 487 488 510 511 511 512 513 514 492 493 515
516 516 517 517 518 518 497 519 520 521 521 522 522 498 523 524 524 525 526 501 527 527 528 528 529 530 530 531 531 532 533 534 535 507 536 508 537 538 539 540 540 541 542 542 512 513 514 543 544 515
545 546 547 548 548 549 549 519 550 550 551 551 552 552 553 554 555 555 526 556 556 557 557 558 529 559 560 560 561 532 562 534 535 563 563 564 537 538 539 565 565 541 566 566 567 568 568 543 544 569
545 546 547 570 571 572 572 573 573 574 575 575 576 576 553 554 577 578 578 579 580 581 582 558 583 559 584 585 561 586 562 587 588 589 589 564 590 591 592 592 593 594 595 595 596 596 597 598 599 569
600 601 602 570 571 603 603 604 604 574 605 605 606 607 607 608 609 610 611 611 580 612 582 613 614 614 584 585 615 615 616 587 617 618 619 620 590 591 621 621 593 594 622 623 623 624 597 598 599 625
626 601 602 627 628 629 630 630 631 631 632 632 606 633 633 608 609 610 634 635 636 612 637 613 638 639 639 640 640 641 642 642 617 618 643 620 644 644 645 646 646 647 647 648 648 624 649 649 650 650
626 651 651 627 628 652 653 653 654 654 655 656 657 658 659 659 660 661 634 635 636 662 662 663 638 664 665 666 666 641 667 667 668 668 643 669 670 671 645 672 672 673 674 674 675 675 676 677 678 679
680 681 681 682 683 652 684 685 686 687 655 656 657 688 688 689 660 690 690 691 691 692 692 693 693 694 665 695 696 696 697 698 699 700 700 669 670 701 701 702 702 673 703 703 704 705 706 677 678 679
680 707 707 682 708 708 684 685 686 687 709 709 710 710 711 711 712 713 714 715 716 716 717 717 718 694 719 720 720 721 697 698 699 722 723 724 725 725 726 727 728 728 729 729 704 705 706 730 731 732
733 734 734 735 735 736 736 737 737 738 738 739 740 740 741 742 712 713 714 715 743 743 744 745 718 746 747 748 748 749 749 750 751 722 723 724 752 753 726 754 755 756 757 758 758 759 759 730 731 732
733 760 760 761 762 762 763 764 765 765 766 739 767 768 741 742 769 769 770 771 772 773 744 774 774 746 747 775 775 776 777 750 751 778 779 780 752 781 781 754 755 756 757 782 782 783 784 785 786 786
787 788 788 761 789 789 763 764 790 790 766 791 767 792 792 793 794 794 770 771 772 773 795 796 797 797 798 799 799 776 777 800 800 778 779 780 801 802 803 804 805 806 806 807 807 783 784 808 809 810
811 812 813 814 814 815 816 817 817 818 818 791 819 819 820 820 821 822 823 823 824 824 795 796 825 826 798 827 828 829 829 830 830 831 831 832 801 833 803 804 805 834 835 835 836 836 837 808 809 838
811 812 839 839 840 815 816 841 842 842 843 843 844 844 845 846 821 822 847 848 849 849 850 850 851 826 852 827 828 853 854 854 855 856 857 857 858 833 859 859 860 861 861 862 863 864 864 865 865 838
866 867 868 868 840 869 870 841 871 871 872 872 873 873 845 874 875 876 847 877 877 878 879 879 851 880 881 882 883 853 884 884 855 856 885 885 858 886 887 888 888 889 889 862 890 890 891 891 892 892
866 867 893 893 894 869 895 895 896 897 897 898 899 900 900 874 875 876 901 901 902 878 903 904 905 906 881 882 883 907 908 909 909 910 910 911 911 912 887 913 913 914 915 915 916 917 917 918 919 920
921 921 922 922 894 923 924 925 896 926 927 898 899 928 928 929 929 930 931 932 933 934 903 904 905 906 935 935 936 907 908 937 937 938 939 940 941 912 942 943 943 944 945 945 946 946 947 947 919 920
948 949 949 950 950 923 924 925 951 926 927 952 953 953 954 955 956 956 931 932 933 957 957 958 959 960 961 961 936 962 962 963 963 964 939 940 941 965 942 966 966 944 967 968 969 970 970 971 971 972
948 973 973 974 974 975 975 976 951 977 977 978 978 979 954 980 980 981 982 983 984 985 986 958 959 987 988 989 989 990 990 991 992 964 993 994 995 965 996 997 997 998 967 999 969 1000 1000 1001 1001 1002
1003 1004 1005 1005 1006 1007 1007 976 1008 1008 1009 1010 1010 1011 1012 1012 1013 1014 982 983 984 985 986 1015 1015 987 988 1016 1017 1017 1018 991 1019 1019 993 994 1020 1021 996 1022 1023 998 1024 999 1025 1025 1026 1026 1027 1002
1003 1028 1029 1030 1006 1031 1031 1032 1033 1034 1009 1035 1035 1011 1036 1037 1038 1014 1039 1040 1041 1042 1043 1043 1044 1044 1045 1045 1046 1047 1047 1048 1049 1049 1050 1051 1020 1052 1053 1022 1023 1054 1055 1055 1056 1057 1057 1058 1059 1059
1060 1028 1029 1061 1062 1063 1064 1064 1033 1034 1065 1065 1066 1067 1067 1037 1038 1068 1039 1040 1041 1042 1069 1070 1071 1072 1072 1073 1073 1074 1074 1048 1075 1075 1076 1051 1077 1052 1078 1078 1079 1080 1081 1081 1056 1082 1082 1058 1083 1083
1060 1084 1085 1061 1086 1063 1087 1088 1088 1089 1090 1090 1091 1092 1093 1093 1094 1095 1095 1096 1097 1097 1069 1070 1071 1098 1099 1099 1100 1101 1102 1102 1103 1103 1076 1104 1105 1105 1106 1107 1079 1080 1108 1108 1109 1109 1110 1111 1111 1112
1113 1084 1085 1114 1086 1115 1087 1116 1117 1118 1119 1120 1091 1092 1121 1122 1123 1124 1124 1096 1125 1125 1126 1127 1128 1129 1129 1130 1131 1101 1132 1133 1133 1134 1134 1135 1135 1136 1136 1107 1137 1138 1138 1139 1140 1140 1110 1141 1141 1112
1113 1142 1142 1114 1143 1143 1144 1116 1117 1118 1119 1120 1145 1145 1121 1122 1123 1146 1146 1147 1148 1149 1126 1127 1128 1150 1150 1130 1131 1151 1132 1152 1153 1153 1154 1154 1155 1156 1156 1157 1137 1158 1158 1159 1160 1161 1162 1163 1164 1165
1166 1167 1167 1168 1168 1169 1169 1170 1171 1171 1172 1173 1174 1175 1175 1176 1176 1177 1178 1178 1148 1149 1179 1180 1181 1181 1182 1183 1183 1151 1184 1184 1185 1185 1186 1186 1187 1187 1188 1188 1189 1189 1190 1159 1160 1161 1162 1163 1164 1165
1166 1191 1192 1192 1193 1194 1194 1170 1195 1195 1172 1173 1196 1196 1197 1197 1198 1177 1199 1199 1200 1201 1179 1180 1202 1202 1203 1204 1205 1205 1206 1207 1207 1208 1209 1209 1210 1211 1212 1213 1213 1214 1190 1215 1215 1216 1217 1217 1218 1218
1219 1220 1221 1222 1222 1223 1224 1225 1225 1226 1226 1227 1228 1228 1229 1229 1198 1230 1230 1231 1231 1201 1232 1232 1233 1233 1203 1204 1234 1235 1206 1236 1237 1237 1238 1238 1210 1211 1212 1239 1239 1214 1240 1241 1241 1242 1243 1244 1244 1245
1246 1220 1221 1247 1247 1223 1224 1248 1249 1250 1251 1251 1252 1253 1254 1255 1256 1257 1257 1258 1258 1259 1260 1260 1261 1261 1262 1262 1234 1235 1263 1236 1264 1264 1265 1265 1266 1267 1267 1268 1269 1269 1270 1271 1272 1242 1273 1274 1275 1245
1246 1276 1276 1277 1277 1278 1279 1279 1249 1250 1280 1281 1281 1253 1282 1255 1256 1283 1284 1284 1285 1259 1286 1287 1288 1289 1289 1290 1290 1291 1263 1292 1292 1293 1294 1295 1296 1297 1298 1268 1299 1299 1270 1271 1272 1300 1273 1274 1275 1301
1302 1303 1304 1304 1305 1305 1306 1306 1307 1307 1280 1308 1308 1309 1282 1310 1310 1283 1311 1312 1313 1314 1314 1287 1288 1315 1315 1316 1316 1291 1317 1318 1319 1320 1294 1295 1296 1297 1298 1321 1322 1322 1323 1324 1324 1300 1325 1325 1326 1301
1302 1303 1327 1327 1328 1328 1329 1329 1330 1330 1331 1331 1332 1309 1333 1333 1334 1334 1311 1312 1313 1335 1336 1336 1337 1337 1338 1338 1339 1339 1317 1318 1319 1320 1340 1341 1341 1342 1342 1343 1343 1344 1344 1345 1345 1346 1346 1347 1326 1348
71 82 59 93 93 49 47 3 22 29 71 29 37 12 57 16 87 15 53 15 84 63 43 99 87 99 73 20 3 78 22 23 64 91 50 80 14 14 44 77 1 5 64 50 2 27 5 73 2 27
14 42 58 37 1 66 27 73 48 80 62 39 55 58 26 97 89 70 1 39 38 79 42 94 66 32 35 62 88 30 22 78 75 77 45 74 18 67 51 72 25 42 39 71 94 14 85 58 40 69
80 76 49 70 85 32 11 48 61 80 54 6 4 68 23 94 45 44 76 7 94 84 3 25 65 84 42 38 13 39 82 17 60 96 21 83 11 69 32 38 78 86 12 17 62 47 59 7 44 16
56 19 78 2 13 75 51 0 34 84 68 57 30 93 48 7 35 54 54 38 83 31 25 20 61 49 34 25 49 13 30 84 45 22 65 8 56 25 50 7 90 7 94 2 91 92 35 15 50 24
34 68 87 78 82 94 36 33 94 35 0 33 89 47 81 28 0 66 83 44 6 67 55 64 40 12 63 94 75 14 21 90 69 15 34 87 53 37 28 55 50 10 21 19 61 99 22 21 66 32
32 82 90 41 97 92 16 73 18 62 89 77 0 18 91 23 7 27 8 46 91 53 4 18 37 81 93 8 57 91 43 46 35 14 85 32 84 78 96 59 90 60 1 53 26 24 90 30 45 47
69 83 33 40 58 12 4 16 66 55 59 89 24 18 20 92 92 44 69 19 31 48 32 32 23 8 26 92 51 58 19 15 39 63 68 68 5 69 27 45 1 4 57 63 47 88 25 20 88 31
88 62 65 52 38 29 4 47 94 77 89 90 57 87 74 3 42 78 76 52 32 78 73 19 25 84 22 64 57 70 96 29 90 30 30 91 73 2 30 64 86 5 72 42 43 79 66 5 22 69
27 47 94 84 66 62 56 41 38 79 94 16 2 25 11 89 9 76 60 62 66 26 14 97 10 46 48 27 76 47 37 72 63 46 68 76 2 91 46 24 84 5 34 2 31 51 36 91 70 66
90 7 80 47 77 59 37 68 37 64 52 85 24 28 19 22 33 27 66 10 63 2 65 5 43 26 24 69 42 14 74 13 1 15 81 63 69 15 95 19 14 15 62 52 28 59 3 61 46 42
32 75 89 63 48 66 75 37 78 62 93 67 81 68 85 78 4 32 58 57 54 92 16 90 98 81 94 34 17 28 55 94 72 77 15 20 78 6 65 59 55 87 83 99 50 92 70 51 37 53
84 21 31 30 51 40 2 95 57 85 57 44 17 75 97 11 30 77 76 53 79 84 35 81 42 87 74 16 90 69 7 79 84 27 41 80 57 27 52 91 86 89 7 89 35 0 43 15 3 78
74 2 33 72 57 39 32 11 34 38 25 33 83 30 86 16 75 51 18 88 0 22 97 20 62 49 90 70 32 1 3 14 96 3 54 69 94 14 92 61 78 21 65 77 96 62 11 98 33 40
38 24 45 66 40 15 20 68 41 64 37 98 29 63 12 52 22 19 1 59 79 70 32 73 93 52 7 66 26 92 42 87 62 68 16 38 88 83 85 59 69 35 1 74 60 58 2 39 0 89
16 35 99 50 68 71 97 76 61 36 10 83 89 12 65 38 86 90 12 5 69 96 74 76 91 47 8 32 46 1 55 44 93 44 97 51 12 4 63 45 76 80 11 81 87 51 44 74 96 96
17 98 72 87 87 78 39 55 8 10 20 97 21 28 43 64 10 65 26 8 26 21 68 22 98 35 46 47 57 9 15 67 2 20 0 70 80 42 11 26 59 83 24 31 73 13 66 75 25 49
61 46 81 8 86 95 18 35 95 78 91 18 28 35 93 14 58 70 18 39 36 26 57 90 9 10 19 6 87 16 55 81 81 77 47 70 13 44 62 84 53 52 12 11 56 15 33 44 0 82
12 52 15 27 69 23 44 5 46 33 19 18 41 88 22 33 48 80 83 8 58 62 67 95 6 45 14 66 75 16 68 65 10 45 21 30 28 58 21 29 82 31 31 87 6 9 78 85 9 66
70 19 55 84 44 49 34 96 52 15 99 47 6 19 56 21 16 96 91 21 19 74 3 55 71 41 0 43 84 64 13 22 74 79 21 60 80 59 61 61 6 50 98 26 19 27 73 94 4 20
21 38 31 13 85 98 49 19 13 81 56 54 26 13 43 1 70 95 59 97 44 8 75 83 35 52 29 50 24 8 23 67 67 14 73 66 86 66 21 77 95 60 75 67 70 11 69 97 2 46
61 5 98 0 19 10 18 18 59 13 64 34 33 58 18 25 5 44 65 97 29 74 15 48 59 6 31 47 91 2 93 48 3 43 48 51 20 15 34 15 28 55 76 1 90 39 44 87 16 99
71 38 99 94 12 22 87 75 63 45 13 24 51 84 47 25 39 38 98 98 2 60 73 98 52 12 79 53 1 67 45 64 40 3 21 44 9 44 7 85 63 61 75 42 49 32 52 25 46 42
10 69 15 0 27 61 66 47 80 79 84 87 86 3 12 35 54 39 83 89 91 13 96 25 17 37 48 27 44 24 94 29 72 65 4 6 19 17 1 71 66 20 29 91 97 55 61 36 43 0
53 49 15 63 17 76 10 24 74 29 85 11 53 86 44 82 64 18 20 35 84 29 7 30 90 92 8 4 5 56 15 93 96 6 60 11 90 33 89 16 92 54 91 37 46 81 41 16 75 54
93 31 98 25 23 48 45 50 88 14 61 12 2 23 98 13 83 31 36 23 85 6 5 60 64 75 41 9 91 90 0 81 16 74 60 25 17 94 65 18 44 15 0 15 13 18 62 36 22 96
20 4 92 27 36 58 12 76 98 12 94 33 96 0 10 15 32 11 19 80 5 51 98 45 80 62 47 73 17 68 31 26 68 32 6 2 52 26 68 37 32 11 95 20 80 66 92 82 85 29
86 70 29 18 29 69 16 26 2 69 65 42 33 57 30 93 83 9 83 34 29 65 17 5 70 49 32 36 47 52 83 69 65 30 25 73 12 65 11 29 8 59 43 18 77 96 23 57 69 62
67 3 83 79 81 68 73 64 91 96 90 47 57 47 19 89 98 2 55 16 63 25 34 27 0 92 56 85 72 79 15 82 86 83 90 33 69 91 2 27 0 83 44 34 55 30 96 7 28 49
45 75 79 88 46 75 34 90 64 97 33 64 5 73 72 61 56 0 81 1 30 32 12 29 42 20 99 80 57 45 26 77 70 6 87 1 62 17 28 49 99 6 15 43 85 77 30 43 63 90
51 32 11 90 81 17 96 83 12 37 53 13 51 43 67 96 49 0 84 30 63 41 25 13 19 41 6 81 78 14 11 43 11 68 9 26 51 14 15 26 57 8 49 0 13 10 34 41 92 80
53 76 94 49 87 0 56 39 19 25 50 12 58 34 41 24 9 48 32 24 66 28 77 6 6 76 69 47 39 34 98 4 26 83 17 71 35 2 0 28 72 83 6 13 49 65 7 56 89 4
55 51 88 87 62 19 62 21 80 27 64 60 13 15 22 14 33 84 80 3 82 78 20 86 58 98 48 23 55 16 27 80 37 67 56 14 43 18 85 19 51 17 20 43 53 47 11 82 53 74
70 68 72 61 69 2 7 14 57 20 92 82 31 70 51 65 9 28 32 46 81 37 5 54 37 85 27 76 47 58 9 71 15 25 57 19 64 6 39 24 13 29 53 57 96 33 18 39 20 27
91 31 45 67 10 9 74 76 92 79 60 18 84 44 97 66 30 45 30 11 18 65 81 1 95 29 77 56 86 91 25 99 51 92 98 10 87 7 39 99 16 56 88 16 92 61 17 74 7 81
80 37 58 77 33 73 21 51 73 77 7 92 8 43 0 76 52 96 38 49 89 50 17 43 25 61 22 62 7 44 89 7 62 16 4 72 77 35 96 0 82 30 64 27 10 4 87 49 77 57
62 36 84 23 30 61 53 12 16 54 99 35 11 35 3 91 10 80 84 98 87 34 25 4 6 99 94 42 26 45 16 11 54 98 8 14 39 90 47 90 99 94 67 78 18 41 13 94 55 81
50 69 11 56 19 54 21 30 82 78 71 22 79 85 17 13 14 87 70 28 57 95 51 44 22 45 97 65 98 46 84 5 24 98 57 15 20 42 10 53 87 97 34 66 79 59 41 24 6 69
50 97 31 38 4 40 45 95 17 72 3 2 68 30 62 33 41 53 69 93 92 25 80 12 56 93 51 60 12 42 52 77 40 98 52 92 36 6 54 84 70 11 31 35 7 20 36 89 94 58
95 39 34 16 38 1 16 2 76 45 84 13 83 63 17 9 65 67 25 20 68 10 31 89 37 98 63 38 92 90 23 32 24 33 54 28 60 9 38 95 63 3 66 66 6 90 28 26 18 61
90 43 18 84 49 56 8 41 8 82 7 53 71 10 85 91 13 46 98 62 51 63 42 46 65 53 58 41 26 54 99 56 16 9 13 17 15 73 49 2 53 9 66 92 56 58 85 4 66 40
25 92 63 22 72 39 18 91 70 16 58 10 57 45 15 43 43 79 9 38 68 41 85 85 71 25 60 86 83 55 95 91 87 68 20 61 30 34 11 16 20 24 8 61 37 25 37 59 73 30
88 83 24 80 4 9 94 8 48 3 42 17 56 25 48 58 39 89 48 2 3 47 5 3 40 25 40 8 76 41 27 12 22 79 33 78 32 32 31 68 64 17 90 17 28 49 32 72 16 54
50 84 61 59 3 63 98 92 51 94 68 57 68 44 30 75 67 59 41 53 90 43 4 1 41 72 30 3 12 56 6 66 97 87 45 87 61 62 4 68 94 47 17 82 77 62 30 12 53 91
75 15 84 40 15 77 73 22 95 73 75 71 77 31 45 43 66 16 76 86 44 54 41 58 52 0 55 77 20 57 53 78 49 39 34 0 88 64 90 31 90 44 36 12 53 98 48 50 78 38
97 98 25 81 86 76 97 59 68 93 8 83 91 39 93 47 48 91 38 37 65 97 39 38 93 54 26 99 52 68 95 25 85 7 71 21 14 62 68 58 46 42 19 25 84 21 91 77 13 12
93 4 87 17 42 84 51 4 74 31 88 9 35 47 82 83 18 54 11 77 76 73 26 90 76 72 29 14 7 52 40 17 14 34 77 31 77 97 73 87 33 49 51 54 27 17 0 86 39 5
90 99 54 38 69 32 75 32 61 97 71 5 85 56 67 11 15 92 67 63 79 33 37 97 29 66 85 83 19 50 63 97 96 49 89 18 16 67 82 49 70 10 36 75 17 45 54 50 83 27
73 0 78 87 19 64 27 61 35 81 29 66 22 36 86 64 64 9 42 41 77 64 98 14 29 70 79 37 91 75 21 44 5 67 27 78 53 94 42 11 45 79 23 58 56 51 88 36 99 72
76 34 0 38 46 44 94 69 42 45 44 68 63 31 49 98 61 32 60 60 27 59 56 47 90 43 25 52 45 78 40 63 61 9 91 62 75 55 57 7 44 76 73 16 46 35 74 75 79 28
92 78 14 78 21 14 93 84 98 82 7 36 54 55 4 54 97 42 51 83 3 79 11 31 59 79 12 1 17 64 98 45 89 74 92 83 19 16 7 97 39 48 69 91 43 52 6 76 53 47
