32 18
0 1 1 2 3 3 4 4 5 5 6 6 7 8 8 9 10 10 11 11 12 12 13 14 14 15 15 16 16 17 18 18 19 20 20 21 22 23 23 24 25 25 26 26 27 28 29 30 31 31
0 32 32 2 33 34 35 35 36 36 37 37 7 38 38 9 39 40 40 41 42 42 13 43 43 44 44 45 46 17 47 47 19 48 49 50 22 51 51 24 52 53 54 55 56 28 29 30 57 57
58 59 59 60 60 34 61 61 62 62 63 64 64 65 66 67 68 69 70 71 71 72 72 73 73 74 75 45 46 76 77 77 78 48 49 50 79 80 80 81 52 53 54 55 56 82 82 83 84 84
58 85 85 86 87 87 88 89 89 90 63 91 92 65 66 67 68 69 70 93 93 94 94 95 95 74 96 97 97 76 98 99 99 100 100 101 79 102 102 103 104 105 106 106 107 108 108 83 109 109
110 111 111 86 112 112 88 113 113 90 114 91 92 115 115 116 116 117 118 119 119 120 120 121 121 122 96 123 124 125 126 126 127 127 128 101 129 130 131 103 104 105 132 132 107 133 133 134 134 135
110 136 136 137 137 138 139 139 140 140 141 142 143 143 144 145 146 117 118 147 147 148 148 149 149 122 150 151 124 125 152 152 153 154 128 155 129 130 131 156 157 157 158 158 159 160 161 161 162 162
163 163 164 164 165 138 166 167 167 168 141 142 169 169 170 145 146 171 172 173 173 174 175 175 176 177 177 151 178 178 179 180 153 181 181 155 182 183 183 184 184 185 186 186 159 160 187 187 188 188
189 190 191 192 165 193 166 194 194 168 195 195 196 196 170 197 197 171 172 198 198 174 199 200 176 201 201 202 202 203 179 180 204 205 205 206 182 207 208 209 209 185 210 211 212 213 213 214 214 215
189 190 191 192 216 217 217 218 218 219 219 220 220 221 222 222 223 224 224 225 226 226 199 200 227 227 228 228 229 203 230 231 204 232 232 206 233 233 208 234 235 235 210 236 212 237 237 238 238 215
239 239 240 241 216 242 243 244 244 245 245 246 247 221 248 248 249 250 250 251 251 252 253 253 254 254 255 256 229 257 257 231 258 258 259 259 260 261 262 263 264 264 265 236 266 266 267 268 268 269
270 270 240 271 271 242 243 272 273 273 274 246 275 276 277 278 249 279 280 280 281 252 282 283 284 284 255 256 285 286 286 287 288 289 289 290 260 261 262 263 291 292 292 293 293 294 295 296 296 297
298 299 300 301 302 303 304 305 306 306 307 308 275 276 277 278 309 279 310 310 311 312 313 283 314 314 315 315 285 316 317 317 288 318 318 319 319 320 320 321 291 322 322 323 323 294 295 324 324 297
298 299 300 301 302 325 304 305 326 326 307 327 328 329 330 331 332 333 334 334 311 312 313 335 336 336 337 338 339 316 340 341 341 342 342 343 344 344 345 346 347 347 348 349 350 350 351 352 353 354
355 355 356 356 357 325 358 359 359 360 360 327 328 329 361 331 332 333 362 362 363 364 364 335 365 365 337 338 339 366 366 367 367 368 368 343 369 370 345 346 371 372 348 373 373 374 351 352 353 354
375 375 376 376 357 377 358 378 378 379 380 381 381 382 361 383 384 384 385 385 363 386 386 387 387 388 389 389 390 391 391 392 393 394 395 395 369 370 396 396 371 397 397 398 399 400 400 401 401 402
403 403 404 405 406 406 407 407 408 409 380 410 411 411 412 412 413 413 414 414 415 416 417 418 419 388 420 420 390 421 422 392 393 394 423 424 425 426 427 428 429 430 430 398 431 432 433 433 434 435
436 437 404 438 438 439 440 440 408 409 441 410 442 442 443 443 444 445 445 446 446 416 417 418 419 447 447 448 449 421 422 450 450 451 451 424 425 426 427 452 429 453 454 454 431 455 456 456 434 435
436 457 458 458 459 439 460 460 461 462 441 463 464 464 465 465 466 466 467 468 469 470 470 471 471 472 473 474 449 475 475 476 476 477 478 478 479 479 480 452 481 481 482 483 484 455 485 486 487 487
488 457 489 490 490 491 491 492 461 493 493 494 495 496 497 497 498 499 467 468 469 500 500 501 501 472 473 474 502 503 504 504 505 477 506 507 508 509 510 510 511 512 482 483 484 513 485 486 514 515
488 516 489 517 518 519 519 520 520 521 522 494 495 496 523 524 498 499 525 526 526 527 528 529 530 531 531 532 502 503 533 533 505 534 535 507 508 509 536 536 511 512 537 537 538 513 539 540 514 515
541 542 542 517 543 543 544 545 546 521 522 547 548 549 550 524 551 552 525 553 553 527 528 529 554 555 556 556 557 557 558 558 559 559 535 560 561 562 563 564 565 565 566 566 538 567 539 568 568 569
541 570 570 571 572 572 544 545 546 573 573 547 548 549 550 574 574 552 575 575 576 576 577 577 554 555 578 579 579 580 581 581 582 582 583 560 561 562 563 564 584 585 586 586 587 567 588 589 589 590
591 592 592 571 593 594 594 595 595 596 596 597 597 598 599 599 600 601 602 603 604 605 606 606 607 607 578 608 608 580 609 610 610 611 612 612 613 613 614 614 584 585 615 615 587 616 588 617 618 590
591 619 619 620 593 621 622 623 623 624 625 626 626 598 627 627 600 628 602 629 604 605 630 631 632 633 633 634 634 635 609 636 636 637 638 639 640 640 641 641 642 643 643 644 644 616 645 645 618 646
647 648 648 620 649 650 622 651 652 624 625 653 653 654 654 655 656 628 657 629 658 659 659 631 660 661 661 662 663 664 665 665 666 637 638 639 667 667 668 669 670 671 671 672 673 674 675 675 676 646
647 677 678 678 649 650 679 651 680 681 681 682 682 683 683 655 656 684 657 685 658 686 686 687 660 688 689 662 663 664 690 690 666 691 691 692 692 693 693 669 670 694 694 672 695 674 696 696 676 697
698 699 699 700 700 701 701 702 680 703 703 704 705 706 707 708 709 684 710 710 711 712 713 687 714 688 689 715 715 716 716 717 718 719 719 720 720 721 721 722 722 723 723 724 695 725 725 726 726 727
728 728 729 729 730 730 731 732 733 733 734 735 705 736 707 708 709 737 737 738 711 712 713 739 714 740 741 742 743 743 744 744 718 745 745 746 746 747 748 748 749 749 750 751 751 752 752 753 754 727
755 756 757 758 759 760 760 732 761 762 734 735 763 736 764 765 766 766 767 767 768 769 770 771 772 740 741 742 773 774 775 775 776 776 777 777 778 747 779 779 780 781 750 782 783 783 784 753 754 785
755 786 757 758 787 787 788 789 761 762 790 790 763 791 792 765 793 794 795 795 768 769 770 771 796 796 797 797 798 774 799 799 800 800 801 801 778 802 802 803 780 804 805 806 806 807 784 808 808 785
809 786 810 811 811 812 788 789 813 813 814 815 816 817 792 818 818 794 819 820 821 822 823 824 825 826 827 827 798 828 828 829 829 830 830 831 832 833 834 803 835 804 805 836 837 807 838 838 839 839
809 840 810 841 841 842 843 843 844 845 814 815 816 817 846 847 848 848 819 820 821 822 823 824 849 826 850 850 851 851 852 852 853 854 855 831 832 833 834 856 835 857 857 836 837 858 859 860 861 862
863 863 864 865 866 842 867 867 844 868 869 870 870 871 846 847 872 873 873 874 874 875 875 876 849 877 877 878 879 880 881 881 853 854 882 883 884 884 885 885 886 887 887 888 889 858 859 860 861 890
891 892 864 865 893 893 894 895 896 868 869 897 897 871 898 899 872 900 900 901 902 903 904 876 905 905 906 878 907 880 908 908 909 910 882 883 911 911 912 912 886 913 913 888 889 914 915 916 916 890
891 892 917 918 919 920 894 895 921 921 922 923 924 924 898 899 925 926 927 928 902 903 929 929 930 931 906 932 907 933 934 935 909 910 936 936 937 937 938 938 939 940 941 942 942 914 915 943 943 944
945 945 917 918 919 920 946 947 948 948 922 923 949 949 950 950 925 926 951 928 952 952 953 953 930 931 954 932 955 956 934 935 957 958 958 959 959 960 961 961 939 940 962 962 963 964 965 965 966 944
967 968 968 969 970 971 946 947 972 972 973 973 974 974 975 976 976 977 951 978 978 979 979 980 980 981 954 982 955 956 983 984 957 985 985 986 987 987 988 989 989 990 990 991 991 964 992 993 993 994
995 995 996 969 970 971 997 998 998 999 999 1000 1000 1001 975 1002 1003 1003 1004 1004 1005 1005 1006 1006 1007 1008 1009 1009 1010 1011 1011 984 1012 1013 1013 986 1014 1015 988 1016 1017 1018 1019 1020 1021 1022 992 1023 1023 994
1024 1025 996 1026 1027 1027 997 1028 1029 1030 1031 1032 1032 1033 1034 1035 1035 1036 1036 1037 1038 1038 1039 1039 1007 1008 1040 1040 1010 1041 1041 1042 1043 1044 1044 1045 1045 1015 1046 1046 1017 1018 1047 1020 1021 1022 1048 1048 1049 1050
1024 1051 1051 1052 1052 1053 1054 1054 1029 1030 1031 1055 1056 1033 1057 1057 1058 1058 1059 1060 1060 1061 1062 1062 1063 1063 1064 1064 1065 1066 1066 1067 1043 1068 1068 1069 1070 1070 1071 1071 1072 1072 1047 1073 1073 1074 1074 1075 1049 1050
1076 1076 1077 1078 1079 1080 1080 1081 1081 1082 1082 1055 1083 1083 1084 1085 1085 1086 1059 1087 1088 1088 1089 1089 1090 1091 1091 1092 1065 1093 1094 1067 1095 1096 1097 1097 1098 1099 1099 1100 1101 1102 1103 1104 1105 1105 1106 1075 1107 1107
1108 1109 1109 1078 1110 1110 1111 1112 1112 1113 1114 1114 1115 1115 1084 1116 1116 1117 1117 1087 1118 1119 1119 1120 1090 1121 1122 1092 1123 1093 1094 1124 1124 1096 1125 1126 1126 1127 1127 1100 1101 1102 1103 1104 1128 1129 1106 1130 1130 1131
1132 1133 1134 1134 1135 1136 1136 1137 1137 1113 1138 1138 1139 1139 1140 1140 1141 1141 1142 1142 1118 1143 1144 1145 1145 1121 1122 1146 1147 1147 1148 1149 1149 1150 1150 1151 1152 1152 1153 1154 1155 1156 1157 1157 1128 1158 1159 1159 1160 1131
1132 1133 1161 1161 1162 1163 1163 1164 1164 1165 1165 1166 1167 1168 1169 1170 1170 1171 1172 1173 1173 1143 1144 1174 1174 1175 1175 1176 1177 1178 1148 1179 1180 1180 1181 1151 1182 1183 1184 1154 1155 1156 1185 1185 1186 1158 1187 1187 1160 1188
1189 1190 1191 1191 1162 1192 1192 1193 1193 1194 1194 1166 1167 1168 1169 1195 1196 1171 1172 1197 1198 1199 1200 1200 1201 1201 1202 1176 1177 1178 1203 1179 1204 1205 1205 1206 1207 1183 1184 1208 1209 1209 1210 1210 1211 1212 1213 1214 1215 1188
1189 1190 1216 1217 1217 1218 1219 1219 1220 1221 1222 1223 1224 1225 1225 1195 1196 1226 1227 1227 1198 1199 1228 1228 1229 1229 1202 1230 1230 1231 1232 1232 1204 1233 1234 1234 1207 1235 1236 1236 1237 1238 1239 1240 1211 1241 1213 1214 1215 1242
1243 1244 1244 1245 1246 1218 1247 1247 1220 1221 1222 1223 1248 1248 1249 1249 1250 1226 1251 1252 1253 1254 1255 1256 1256 1257 1258 1258 1259 1260 1260 1261 1261 1233 1262 1262 1263 1263 1264 1265 1266 1238 1267 1240 1268 1241 1269 1270 1270 1271
1243 1272 1273 1245 1274 1274 1275 1275 1276 1276 1277 1278 1278 1279 1279 1280 1250 1281 1281 1252 1253 1254 1255 1282 1282 1257 1283 1283 1284 1285 1286 1287 1288 1289 1290 1291 1292 1293 1264 1294 1266 1295 1267 1296 1297 1298 1269 1299 1300 1271
1301 1301 1273 1302 1302 1303 1304 1305 1306 1306 1307 1307 1308 1308 1309 1310 1311 1312 1313 1314 1314 1315 1315 1316 1317 1317 1318 1318 1284 1319 1286 1287 1288 1289 1290 1291 1292 1320 1320 1294 1321 1322 1322 1323 1297 1324 1324 1299 1300 1325
1326 1327 1327 1328 1328 1303 1304 1305 1329 1329 1330 1331 1331 1332 1309 1310 1311 1312 1313 1333 1333 1334 1334 1316 1335 1335 1336 1337 1337 1319 1338 1338 1339 1339 1340 1340 1341 1341 1342 1342 1321 1343 1343 1323 1344 1344 1345 1345 1346 1346
7 55 38 57 77 91 78 0 6 90 10 28 11 84 68 48 97 21 74 15 83 99 98 78 92 88 95 91 88 2 55 60 79 42 24 44 76 50 92 60 91 71 64 53 1 98 53 18 37 44
5 64 1 2 47 64 89 16 56 16 67 39 23 47 77 50 37 41 16 10 37 92 57 65 61 27 40 60 99 92 49 36 16 55 61 36 41 18 70 99 47 39 49 97 85 64 33 75 67 14
10 80 23 4 53 13 54 2 59 76 99 38 70 77 69 45 4 6 83 8 84 31 87 89 33 3 47 94 83 26 38 4 57 58 77 15 30 14 27 11 91 14 4 83 85 5 96 37 9 64
59 41 78 61 49 38 18 85 83 2 17 52 41 87 86 72 31 51 69 86 3 0 41 10 43 96 70 2 16 4 93 96 50 72 16 58 34 36 1 21 52 11 99 96 57 57 65 22 77 90
92 67 34 12 32 82 6 55 55 60 50 66 23 84 58 63 58 33 63 34 91 0 21 95 54 60 89 12 27 53 93 5 90 4 19 30 45 62 1 38 88 29 21 61 67 76 85 83 85 9
82 27 70 14 70 71 97 95 6 37 77 22 29 91 21 2 68 84 66 48 83 31 38 6 99 63 63 59 2 67 42 71 67 6 58 19 77 1 46 75 65 31 13 3 54 66 63 33 42 81
14 82 40 91 38 82 99 48 95 59 60 3 48 44 73 92 73 56 54 73 28 78 65 59 94 37 98 70 96 78 10 92 42 45 26 98 27 32 99 9 70 68 14 78 94 93 74 29 6 16
72 73 14 48 41 68 97 52 45 38 62 76 12 80 19 81 20 36 81 20 89 75 35 94 10 15 43 92 58 93 82 1 78 4 27 34 67 42 9 18 13 41 27 54 71 50 96 41 93 91
59 58 60 69 14 67 69 71 3 60 63 44 35 32 91 15 26 76 26 81 90 84 51 10 44 11 11 72 27 84 24 39 81 33 54 40 23 32 19 45 80 73 39 38 33 25 93 39 49 23
94 8 94 45 11 10 87 75 48 84 48 51 65 60 17 33 80 55 54 66 55 84 31 88 60 39 17 84 82 20 68 91 11 77 32 51 78 20 36 23 92 4 27 59 54 97 68 84 63 88
11 30 88 63 71 82 35 58 65 84 4 22 60 72 63 41 77 85 67 59 61 13 17 64 85 31 43 13 1 50 58 1 95 79 99 36 27 44 87 93 42 38 19 22 54 95 6 15 16 73
46 87 34 51 56 54 0 16 55 1 22 15 52 88 76 69 86 99 75 82 58 19 13 64 15 14 91 50 54 49 77 69 34 66 44 60 13 97 71 6 15 85 1 37 19 62 71 91 80 95
48 91 1 2 24 80 20 8 40 56 51 54 60 23 75 75 57 18 91 64 18 23 27 74 6 18 45 51 96 47 2 49 56 76 6 29 77 47 7 16 16 23 13 53 76 16 46 8 33 16
99 21 53 38 32 1 75 39 79 59 85 67 63 81 63 11 84 73 11 64 35 87 97 7 37 38 87 15 75 43 10 31 50 5 77 87 93 5 36 95 4 21 99 74 21 74 33 34 2 13
54 42 33 0 54 81 91 39 36 33 78 38 27 7 74 43 27 76 25 13 34 19 71 80 68 4 94 1 63 71 36 78 12 71 15 36 66 7 58 47 28 51 32 33 1 30 9 37 11 23
78 23 76 86 87 23 10 13 10 41 22 94 65 59 75 40 93 46 21 88 19 19 15 68 51 48 22 20 54 37 52 94 6 77 93 27 57 34 40 85 48 7 36 2 17 57 31 67 84 70
97 82 90 54 6 35 53 10 27 9 52 48 69 12 83 7 35 43 47 58 52 51 2 7 61 12 79 70 24 27 13 9 33 61 15 77 27 27 57 40 51 14 45 26 19 74 98 61 70 11
70 54 14 99 18 6 77 49 31 84 58 26 79 55 97 8 92 28 33 52 78 8 16 60 63 53 99 21 14 23 14 38 25 13 45 85 47 12 47 9 10 88 83 89 11 91 9 56 21 4
74 74 4 78 43 55 77 37 50 1 23 27 48 1 59 40 11 27 72 65 28 39 84 66 97 38 13 85 53 43 78 65 2 24 82 55 33 16 21 39 89 79 16 63 10 96 36 31 31 8
35 94 70 51 68 11 93 90 94 59 6 83 93 6 5 7 77 43 61 28 80 24 88 42 17 2 21 6 34 69 47 98 12 70 42 25 73 55 59 81 71 79 89 77 82 93 8 67 63 78
79 7 28 76 72 39 53 23 5 82 1 17 18 28 56 62 50 91 23 37 78 13 84 34 87 52 28 31 99 81 5 47 52 21 11 10 37 78 3 14 15 3 3 99 56 17 22 92 66 14
63 98 24 38 1 23 47 77 74 93 91 5 3 41 73 45 83 19 68 26 70 33 1 22 91 91 39 90 34 59 97 52 67 72 86 37 46 47 86 29 62 55 27 88 91 16 94 63 26 65
73 37 28 59 5 78 65 29 55 39 1 25 78 50 5 44 98 95 87 63 48 76 55 20 95 67 44 89 27 78 95 32 93 66 54 49 53 70 19 54 67 25 79 75 27 16 50 50 91 48
40 19 32 17 71 61 85 39 29 72 81 75 89 83 74 97 6 98 49 8 30 94 53 23 56 57 90 57 43 35 59 93 20 69 5 64 2 71 27 70 44 62 15 66 82 22 84 33 80 8
26 60 17 73 77 12 59 68 14 64 28 55 49 0 41 68 29 40 80 68 98 53 77 98 74 85 32 98 8 30 1 65 30 29 66 76 83 94 59 62 23 76 35 25 18 63 94 70 26 4
43 54 45 67 76 0 90 31 80 52 69 86 15 15 92 75 28 16 35 42 61 2 56 91 23 64 64 70 91 75 67 51 26 1 89 34 69 4 64 43 54 41 27 29 54 74 83 18 18 39
96 54 18 55 16 76 23 36 49 40 41 19 23 43 13 18 55 42 66 62 88 91 71 71 64 12 28 89 44 66 47 79 13 88 3 73 87 9 27 69 26 66 86 14 17 15 98 3 51 35
93 59 48 40 45 23 52 82 93 11 16 66 3 49 95 0 63 62 48 13 35 89 75 46 72 94 39 89 13 64 52 6 97 68 27 54 43 52 78 60 23 63 35 52 0 62 6 65 60 70
44 36 82 2 26 83 97 74 25 74 42 89 73 44 74 77 91 22 0 62 90 47 75 59 54 92 58 86 43 76 66 29 16 99 88 21 32 87 38 70 86 6 0 62 62 14 55 76 61 97
95 46 11 52 29 38 66 51 57 70 83 45 93 26 90 75 39 74 5 4 98 47 27 60 91 40 63 75 50 7 27 7 46 97 51 25 29 40 46 39 82 14 48 85 55 84 73 70 80 27
91 61 63 86 93 17 21 70 8 52 86 68 54 65 21 57 28 34 48 89 18 55 17 77 54 90 45 96 98 1 19 43 75 90 67 62 28 87 91 17 86 5 62 79 63 99 92 10 17 17
28 45 49 4 39 68 71 77 41 56 44 38 53 43 42 59 0 70 83 59 59 18 78 16 63 15 88 39 63 93 61 35 63 91 58 46 50 62 80 72 25 71 43 59 99 7 60 87 73 4
8 94 93 43 69 73 37 58 22 97 6 85 20 52 93 66 33 62 48 68 23 50 92 11 12 97 8 66 74 38 16 19 76 2 3 40 35 37 59 46 32 67 47 17 36 17 43 5 44 56
75 0 69 56 94 56 44 43 38 9 10 99 41 9 82 29 59 33 16 76 84 2 60 56 62 88 83 58 94 83 68 99 54 94 97 8 36 41 45 73 61 15 82 95 37 58 86 97 91 4
17 30 35 31 42 44 93 60 60 68 9 91 93 79 58 59 61 28 66 71 48 38 28 91 51 57 61 93 21 20 11 90 68 86 91 4 30 24 32 58 41 86 61 58 3 7 9 0 36 92
53 27 72 9 32 39 76 62 8 94 60 22 70 86 36 68 97 93 81 32 87 92 17 55 72 25 41 43 36 73 10 53 68 80 1 29 59 22 41 96 24 86 72 40 80 73 43 18 42 22
5 55 17 5 95 11 94 75 53 80 26 44 8 22 33 50 46 7 39 57 51 45 27 20 82 78 52 8 26 14 8 81 95 83 69 63 92 57 47 23 78 88 23 35 45 80 67 18 50 11
49 83 1 39 35 45 57 48 18 85 28 27 15 2 21 39 36 16 16 95 16 94 8 40 30 24 91 45 31 45 71 34 55 62 92 98 41 84 76 12 92 47 0 51 92 7 19 19 79 81
68 18 72 90 74 98 99 91 16 43 49 66 98 56 92 41 15 67 93 96 42 8 52 26 92 50 94 62 45 23 67 9 43 24 76 21 42 74 31 89 3 15 69 99 90 48 45 74 62 35
34 79 42 28 83 48 29 1 77 69 80 31 94 29 37 5 62 16 0 12 47 75 2 62 84 3 75 54 90 0 66 38 81 28 0 19 42 34 95 73 81 41 68 86 26 62 23 40 47 70
27 78 26 91 52 44 12 62 36 1 58 54 31 60 78 30 58 42 71 63 4 23 82 7 19 33 7 67 70 13 58 94 65 84 90 8 42 45 11 15 38 77 35 32 69 66 49 13 43 14
47 95 9 13 88 63 52 24 72 9 5 4 68 10 27 5 88 68 76 8 41 15 40 85 30 22 0 46 27 63 76 13 68 85 68 65 77 56 23 10 16 44 29 68 45 76 23 57 54 77
23 27 37 39 23 1 99 77 63 17 98 70 50 85 27 29 37 86 57 84 65 17 72 46 53 14 64 5 31 41 4 45 10 48 10 54 90 76 95 90 19 38 92 27 54 27 25 60 60 90
35 69 95 47 65 43 35 42 20 60 29 95 84 21 35 46 87 21 23 37 18 42 77 20 67 35 93 41 97 6 62 90 83 94 19 95 47 38 49 50 5 9 95 90 59 34 20 41 26 99
84 94 45 84 48 47 1 87 96 32 27 57 13 53 15 94 0 88 6 47 41 60 88 79 16 6 98 51 52 85 43 32 40 12 69 84 65 83 5 7 63 94 6 16 5 54 82 3 15 77
55 9 27 57 26 50 99 27 32 46 22 1 89 14 80 91 11 63 8 9 45 40 65 65 89 95 78 26 73 28 68 87 62 62 8 3 83 94 29 23 39 94 32 55 8 59 92 3 80 2
44 93 38 38 41 58 27 18 31 72 34 74 55 9 41 25 63 26 14 78 31 19 93 64 31 56 58 32 33 77 85 32 21 97 11 45 46 81 66 54 6 10 14 83 85 99 81 52 64 34
8 75 71 30 36 4 46 17 68 1 13 16 8 79 41 62 83 55 50 80 2 54 0 2 79 51 78 49 24 92 69 76 77 62 25 58 89 1 20 44 8 81 89 86 80 42 83 69 76 9
53 85 54 59 58 85 39 46 48 89 56 23 52 65 20 38 51 23 12 53 1 84 13 64 16 79 64 82 12 31 71 21 88 85 4 43 95 74 46 79 35 62 73 14 21 29 27 85 24 52
52 20 26 36 34 38 71 42 74 80 29 19 58 12 43 18 17 69 60 6 26 33 42 9 77 30 40 94 70 58 83 31 30 93 49 77 21 73 8 48 77 30 47 96 66 4 58 71 80 84
