4 6
0 0 1 1 2 3 3 4 5 6 6 7 8 9 9 10 10 11 11 12 13 14 14 15 16 16 17 17 18 19 20 21 21 22 22 23 23 24 25 26 27 28 29 30 30 31 31 32 32 33
34 34 35 35 2 36 37 37 5 38 38 7 8 39 39 40 40 41 42 12 43 43 44 15 45 45 46 47 47 19 20 48 48 49 49 50 50 24 25 26 51 28 29 52 53 53 54 55 56 56
57 57 58 58 59 36 60 60 61 62 63 63 64 64 65 65 66 41 42 67 68 69 69 70 71 72 73 74 75 75 76 76 77 77 78 78 79 80 81 81 51 82 82 52 83 83 54 55 84 85
86 86 87 87 59 88 89 89 90 62 91 92 93 94 95 95 66 96 96 67 97 98 98 99 71 72 73 74 100 100 101 101 102 102 103 103 79 80 104 104 105 106 106 107 108 108 109 110 84 85
111 112 113 114 115 116 116 117 90 118 91 119 93 94 120 121 121 122 123 123 97 124 124 99 125 125 126 126 127 127 128 128 129 130 131 132 133 134 135 135 105 136 136 107 137 138 109 110 139 140
111 112 113 114 115 141 141 142 143 144 145 119 146 146 120 147 148 122 149 149 150 151 152 153 153 154 154 155 155 156 157 157 129 130 131 132 133 158 158 159 160 161 161 162 137 138 163 163 139 164
165 166 167 168 169 169 170 142 171 144 172 173 173 174 174 147 148 175 175 176 176 151 177 178 178 179 179 180 180 181 181 182 183 184 184 185 185 186 187 159 160 188 189 190 191 192 193 194 195 164
165 166 196 168 197 197 198 199 171 200 172 201 202 202 203 204 205 205 206 206 207 207 177 208 208 209 210 210 211 212 212 182 183 213 214 215 215 186 187 216 217 188 218 190 191 192 193 194 219 219
220 221 196 222 223 223 198 199 224 200 225 226 226 227 203 228 228 229 229 230 231 231 232 233 233 234 235 236 237 237 238 238 239 213 214 240 241 241 242 216 217 243 218 244 244 245 246 246 247 247
220 221 248 249 250 250 251 251 224 252 252 253 254 254 255 256 256 257 258 259 259 260 232 261 262 234 235 236 263 263 264 265 266 266 267 268 268 269 270 270 271 243 272 273 273 274 274 275 276 276
277 278 248 249 279 279 280 281 281 282 283 284 285 285 255 286 287 287 258 288 288 260 289 289 262 290 290 291 292 293 264 265 294 295 267 296 296 297 297 298 271 299 300 300 301 302 302 275 303 303
277 304 304 305 305 306 306 307 307 282 308 284 309 310 311 286 312 312 313 313 314 315 315 316 316 317 317 291 292 293 318 318 294 295 319 320 320 321 321 298 322 299 323 323 301 324 325 325 326 326
327 328 329 330 331 332 333 333 334 334 308 335 309 310 311 336 336 337 338 338 314 339 339 340 340 341 341 342 342 343 343 344 344 345 346 347 347 348 348 349 322 350 350 351 352 353 353 354 354 355
327 328 329 356 331 332 357 358 359 359 360 335 361 361 362 362 363 364 365 365 366 367 367 368 368 369 369 370 370 371 371 372 372 345 346 373 374 375 375 376 376 377 377 351 378 379 380 381 382 355
383 384 385 356 386 386 357 358 387 387 360 388 389 389 390 390 363 364 391 391 392 392 393 393 394 394 395 395 396 397 398 399 399 400 401 401 374 402 403 404 404 405 406 407 378 379 380 381 382 408
409 384 385 410 411 411 412 412 413 414 414 415 416 416 417 418 418 419 420 420 421 421 422 422 423 424 424 425 425 397 426 426 427 427 428 428 429 402 403 430 431 431 406 407 432 432 433 433 434 408
409 435 435 436 437 438 438 439 413 440 441 415 442 443 417 444 445 445 446 446 447 448 449 450 423 451 452 453 453 454 455 455 456 457 458 459 429 460 461 461 462 463 464 465 466 466 467 468 469 470
471 472 473 436 474 474 475 475 476 440 441 477 442 478 478 479 479 480 481 481 447 448 449 450 482 451 452 483 484 485 486 486 456 457 458 459 487 488 489 489 462 463 464 490 490 491 491 468 469 470
471 472 473 492 493 493 494 495 476 496 497 477 498 499 499 500 500 480 501 502 503 503 504 505 482 506 507 507 484 485 508 509 509 510 511 511 487 488 512 513 513 514 515 515 516 516 517 518 519 519
520 520 521 492 522 523 494 524 524 496 497 525 526 527 528 528 529 529 501 502 530 531 531 505 532 506 533 533 534 534 508 535 536 510 537 538 539 539 512 540 540 541 542 542 543 543 544 518 545 546
547 547 521 548 522 549 549 550 550 551 551 525 526 527 552 552 553 554 554 555 556 556 557 557 532 558 559 560 560 561 561 535 536 562 537 538 563 564 565 566 566 541 567 567 568 568 544 569 545 546
570 571 571 572 573 573 574 574 575 575 576 576 577 577 578 578 579 580 581 555 582 582 583 583 584 585 559 586 587 587 588 589 589 562 590 591 592 564 593 593 594 594 595 595 596 596 597 597 598 598
570 599 599 572 600 600 601 602 603 603 604 605 605 606 607 608 579 580 581 609 610 611 612 612 584 585 613 586 614 615 615 616 617 618 590 591 592 619 619 620 620 621 622 622 623 623 624 625 626 627
628 629 630 631 631 632 601 602 633 634 634 635 635 606 607 608 636 637 638 609 610 611 639 639 640 641 613 642 643 643 644 616 617 645 645 646 647 648 649 649 650 650 651 651 652 653 653 625 626 654
628 629 630 655 656 656 657 658 658 659 660 661 661 662 663 664 664 637 665 665 666 666 667 668 640 669 669 670 670 671 644 672 672 673 673 646 647 648 674 674 675 676 677 677 652 678 679 680 680 654
681 682 683 683 684 684 685 685 686 659 660 687 688 662 689 690 690 691 692 693 694 695 667 668 696 697 698 699 699 671 700 701 701 702 703 703 704 704 705 705 675 676 706 707 708 678 679 709 710 710
681 682 711 712 712 713 714 715 715 716 716 687 717 717 689 718 719 691 692 693 694 720 720 721 721 697 722 723 724 724 700 725 725 702 726 726 727 728 729 729 730 731 706 732 708 733 734 734 735 736
737 737 738 739 740 713 714 741 742 742 743 743 744 744 745 718 746 747 747 748 749 749 750 750 751 751 722 752 753 754 754 755 756 757 758 758 727 728 759 760 730 761 762 732 763 764 764 765 765 736
766 767 738 739 768 768 769 770 770 771 771 772 773 774 774 775 746 776 776 748 777 777 778 778 779 779 780 752 753 781 782 755 756 783 783 784 785 785 759 786 787 761 788 788 763 789 789 790 791 792
766 793 794 794 795 796 769 797 797 798 798 772 799 799 800 800 801 802 802 803 804 805 806 806 807 808 809 810 810 781 782 811 811 812 812 813 814 814 815 786 787 816 817 818 818 819 820 820 791 792
821 793 822 822 795 823 824 825 826 826 827 827 828 829 830 831 801 832 832 803 833 805 834 835 835 808 809 836 836 837 838 839 839 840 840 813 841 842 843 843 844 844 817 845 845 819 846 846 847 848
821 849 850 850 851 823 824 825 852 852 853 853 828 829 830 854 855 855 856 856 833 857 858 859 860 861 861 862 863 837 864 865 865 866 867 868 841 842 869 869 870 870 871 872 872 873 874 874 847 848
875 849 876 876 851 877 877 878 879 879 880 880 881 882 883 854 884 885 885 886 887 857 858 888 860 889 890 862 891 891 864 892 893 893 867 868 894 894 895 896 896 897 898 898 899 900 900 901 901 902
903 904 904 905 905 906 907 908 909 909 910 911 911 882 883 912 913 914 914 886 887 915 916 888 917 889 890 918 918 919 919 892 920 920 921 921 922 922 895 923 924 897 925 925 899 926 926 927 928 902
903 929 929 930 930 906 907 908 931 932 933 933 934 935 935 912 913 936 937 938 938 915 916 939 939 940 940 941 942 942 943 944 945 946 947 948 948 949 950 950 924 951 951 952 952 953 954 927 955 956
957 958 959 960 961 961 962 962 931 963 963 964 965 965 966 966 967 936 937 968 968 969 970 970 971 971 972 972 973 973 943 944 945 946 947 974 975 976 976 977 978 979 979 980 980 953 954 981 955 956
957 958 959 982 982 983 984 985 986 987 987 964 988 989 990 991 967 992 993 994 995 996 997 998 998 999 999 1000 1000 1001 1001 1002 1003 1003 1004 974 1005 1006 1006 977 1007 1008 1008 1009 1010 1010 1011 1012 1012 1013
1014 1014 1015 1015 1016 983 984 1017 986 1018 1018 1019 988 989 990 1020 1020 992 993 994 995 996 997 1021 1022 1022 1023 1024 1024 1025 1026 1002 1027 1027 1004 1028 1005 1029 1030 1030 1007 1031 1031 1032 1032 1033 1011 1034 1035 1013
1036 1037 1037 1038 1038 1039 1039 1017 1040 1040 1041 1041 1042 1043 1043 1044 1045 1046 1047 1048 1049 1050 1050 1021 1051 1051 1023 1052 1052 1053 1026 1054 1055 1056 1056 1028 1057 1029 1058 1059 1059 1060 1061 1061 1062 1062 1063 1034 1035 1064
1036 1065 1065 1066 1066 1067 1067 1068 1068 1069 1070 1070 1042 1071 1071 1044 1072 1046 1047 1048 1049 1073 1073 1074 1074 1075 1076 1076 1077 1053 1078 1078 1055 1079 1080 1081 1081 1082 1082 1083 1084 1084 1085 1086 1087 1087 1088 1088 1089 1064
1090 1091 1092 1092 1093 1094 1095 1096 1096 1069 1097 1097 1098 1099 1100 1101 1072 1102 1102 1103 1103 1104 1104 1105 1105 1075 1106 1107 1108 1108 1109 1109 1110 1110 1080 1111 1112 1112 1113 1083 1114 1115 1085 1086 1116 1117 1117 1118 1119 1119
1090 1120 1121 1122 1093 1123 1095 1124 1125 1125 1126 1126 1098 1099 1100 1127 1127 1128 1128 1129 1129 1130 1131 1131 1132 1132 1106 1107 1133 1133 1134 1134 1135 1135 1136 1111 1137 1137 1113 1138 1138 1115 1139 1140 1116 1141 1142 1143 1143 1144
1145 1120 1121 1122 1146 1123 1147 1124 1148 1149 1149 1150 1150 1151 1152 1152 1153 1153 1154 1154 1155 1130 1156 1156 1157 1158 1158 1159 1160 1161 1162 1163 1164 1164 1136 1165 1166 1166 1167 1167 1168 1168 1139 1140 1169 1141 1142 1170 1171 1144
1172 1172 1173 1173 1174 1174 1147 1175 1148 1176 1177 1178 1179 1180 1180 1181 1182 1182 1183 1183 1155 1184 1185 1186 1157 1187 1187 1159 1160 1161 1162 1163 1188 1188 1189 1189 1190 1190 1191 1192 1193 1193 1194 1194 1169 1195 1195 1170 1171 1196
1197 1197 1198 1199 1200 1201 1201 1175 1202 1176 1177 1178 1179 1203 1203 1181 1204 1204 1205 1205 1206 1184 1185 1186 1207 1208 1209 1210 1210 1211 1211 1212 1212 1213 1213 1214 1215 1215 1191 1192 1216 1217 1218 1218 1219 1220 1221 1222 1223 1196
1224 1224 1198 1199 1225 1225 1226 1226 1202 1227 1228 1228 1229 1230 1231 1231 1232 1233 1234 1235 1206 1236 1237 1238 1207 1208 1209 1239 1240 1240 1241 1241 1242 1242 1243 1214 1244 1245 1246 1247 1216 1217 1248 1248 1219 1220 1221 1222 1249 1249
1250 1250 1251 1252 1252 1253 1253 1254 1254 1227 1255 1255 1256 1230 1257 1258 1232 1259 1234 1235 1260 1260 1237 1238 1261 1261 1262 1239 1263 1263 1264 1265 1266 1266 1243 1267 1244 1268 1246 1247 1269 1269 1270 1270 1271 1271 1272 1273 1274 1274
1275 1275 1251 1276 1276 1277 1277 1278 1278 1279 1280 1280 1256 1281 1257 1258 1282 1259 1283 1283 1284 1285 1285 1286 1287 1288 1262 1289 1289 1290 1264 1265 1291 1292 1292 1293 1294 1268 1295 1295 1296 1296 1297 1298 1298 1299 1299 1273 1300 1300
1301 1302 1303 1304 1305 1305 1306 1306 1307 1307 1308 1309 1309 1310 1311 1312 1282 1313 1314 1314 1284 1315 1316 1286 1287 1288 1317 1318 1318 1290 1319 1320 1291 1321 1321 1293 1294 1322 1323 1324 1325 1326 1297 1327 1327 1328 1329 1329 1330 1330
1301 1302 1303 1304 1331 1331 1332 1332 1333 1334 1334 1335 1335 1310 1311 1312 1336 1336 1337 1338 1338 1315 1316 1339 1339 1340 1317 1341 1342 1342 1319 1320 1343 1343 1344 1344 1345 1322 1323 1324 1325 1326 1346 1347 1347 1328 1348 1348 1349 1349
18 40 16 68 99 53 25 71 12 15 91 53 74 76 57 6 24 95 50 84 99 24 30 79 86 72 81 86 98 83 41 13 33 81 36 97 88 88 72 97 52 46 32 31 23 68 29 89 75 65
51 41 81 63 59 42 23 93 34 57 16 99 20 17 24 73 37 99 50 23 88 88 94 35 22 7 60 5 95 9 20 54 42 5 5 4 43 58 32 96 45 42 32 41 86 50 52 89 17 22
45 23 26 57 15 80 26 90 66 50 52 80 68 53 72 91 95 42 80 16 52 3 53 47 14 28 91 24 4 65 47 28 20 54 41 16 96 30 11 12 94 99 78 15 69 86 98 30 59 22
9 46 48 3 30 69 88 46 98 21 21 38 34 6 42 47 12 8 40 70 12 58 77 11 60 38 8 48 22 96 35 40 79 30 28 70 32 97 47 93 20 86 65 97 3 2 99 22 14 9
32 30 53 93 75 38 18 16 55 46 3 19 72 55 2 65 40 47 64 8 31 46 21 26 45 15 27 42 60 30 65 7 66 10 35 60 47 51 63 17 3 96 4 54 68 22 41 19 14 44
57 66 34 59 19 23 67 59 7 10 55 4 56 16 0 81 54 55 91 78 20 80 97 58 78 9 90 6 96 79 72 17 39 95 32 79 67 47 91 93 2 91 11 44 77 23 17 89 97 7
69 59 36 96 4 19 18 50 8 54 58 5 84 25 40 95 59 78 7 32 11 18 66 1 7 9 2 82 74 89 25 81 40 59 36 39 84 8 96 33 13 78 18 96 44 47 60 34 51 66
56 15 0 7 95 84 71 91 21 20 74 18 16 90 68 38 50 41 63 14 47 73 70 93 2 0 61 9 71 35 18 64 58 16 52 12 62 88 42 59 76 62 9 96 85 28 92 0 58 60
37 39 59 60 47 16 38 75 31 19 80 68 2 85 42 26 96 89 94 38 32 62 51 21 2 22 44 2 91 79 64 59 74 61 10 79 12 32 18 49 14 18 32 65 12 73 34 26 14 83
90 34 94 11 43 35 79 80 45 15 87 28 53 24 9 37 12 54 60 90 48 38 77 75 35 6 18 70 73 37 58 33 16 72 77 68 92 93 95 29 67 96 31 33 56 13 64 53 4 38
44 73 28 69 80 86 66 20 83 50 51 85 90 15 17 39 52 1 1 26 48 44 68 35 95 5 95 85 4 23 84 91 73 56 88 50 52 49 65 53 31 27 10 87 26 48 74 12 37 17
61 27 44 86 57 70 1 46 77 59 58 12 86 94 22 44 2 44 9 97 80 44 15 98 57 16 58 56 56 76 64 8 32 62 10 78 28 83 19 49 2 52 62 35 10 72 0 36 77 13
35 0 82 27 74 94 51 36 59 71 22 79 79 58 23 13 62 35 15 47 93 69 91 65 15 30 41 65 56 42 49 45 7 88 5 19 89 9 27 41 81 38 90 65 28 54 76 27 74 99
99 17 77 22 93 53 55 38 53 71 64 16 60 49 87 44 3 56 94 47 60 56 54 79 31 78 9 83 23 67 42 95 86 80 95 11 12 48 5 98 45 72 77 93 37 26 89 78 3 85
93 84 52 36 54 52 26 17 20 98 42 38 20 27 93 35 76 48 95 91 47 59 60 80 91 93 58 47 31 85 60 84 99 8 81 22 59 15 41 71 6 91 54 61 93 37 70 82 60 87
40 10 98 37 1 32 99 28 29 41 78 7 68 88 18 84 39 48 0 81 86 7 74 97 34 2 63 66 97 31 15 50 85 57 47 60 8 48 19 51 81 38 53 32 63 98 43 45 28 27
22 1 47 73 65 54 19 75 94 9 80 74 63 86 6 75 25 63 22 72 8 55 53 72 72 20 10 74 38 92 37 92 14 61 3 30 72 42 28 65 62 5 85 56 88 72 88 34 41 13
83 14 5 66 48 78 75 86 99 98 87 37 64 47 20 28 45 88 29 84 35 27 85 10 37 43 19 23 53 12 48 48 75 10 15 91 73 12 44 43 17 4 62 3 46 43 24 70 75 25
43 45 9 11 20 95 45 87 90 3 55 30 89 19 33 91 88 88 30 27 73 36 49 26 81 41 6 76 4 20 52 20 87 38 30 14 30 87 3 10 26 76 21 64 24 21 54 1 5 60
78 25 71 30 63 18 77 47 10 80 40 92 59 16 49 65 73 86 14 61 91 23 55 41 75 97 62 41 87 54 90 93 25 92 60 22 64 67 2 96 80 54 13 23 62 18 73 78 25 7
7 34 85 83 43 93 94 21 32 51 95 27 68 86 62 15 99 80 92 14 76 27 38 9 2 0 39 72 38 73 95 31 39 58 22 90 34 60 99 52 69 93 43 16 84 63 16 81 63 21
95 77 90 74 50 50 49 1 63 56 62 86 99 90 73 85 34 67 74 27 45 56 46 32 66 27 67 2 15 66 89 4 40 67 90 80 23 78 9 65 96 41 49 28 94 18 0 82 75 13
30 60 56 43 5 40 90 14 29 57 17 34 20 37 48 94 66 87 64 55 56 3 56 40 80 34 45 98 94 2 5 47 60 93 26 71 58 14 67 93 6 21 26 91 16 59 54 35 79 89
65 31 46 97 38 13 4 87 69 12 30 51 70 27 36 22 43 3 94 69 94 29 53 42 59 79 50 4 54 65 63 53 89 99 70 48 52 65 90 51 96 34 19 46 43 35 19 60 93 41
63 11 88 66 34 32 69 68 94 39 26 15 99 52 41 37 63 27 19 56 91 97 36 82 38 84 70 44 72 60 53 74 10 8 75 50 58 57 22 15 60 52 20 52 11 7 49 49 86 74
13 50 86 68 27 45 99 94 52 83 88 4 8 96 31 13 50 86 3 65 14 48 70 91 28 7 60 90 64 99 53 17 29 46 83 43 90 1 46 12 12 67 73 12 98 22 3 91 44 3
64 74 25 69 63 66 76 83 36 33 98 74 15 66 95 47 55 41 57 22 1 61 50 30 18 6 32 15 59 93 25 93 6 22 23 85 11 47 9 44 78 8 91 26 94 47 11 46 91 25
18 59 92 13 25 78 34 73 94 87 55 13 57 18 41 56 30 2 49 86 10 35 9 2 43 46 88 88 99 29 3 98 41 46 52 82 14 89 20 56 90 27 11 11 7 9 88 60 68 64
97 22 55 46 83 20 61 11 67 21 76 70 52 75 66 14 31 58 22 21 92 68 83 82 10 63 31 93 27 74 59 74 30 75 55 10 35 30 54 74 61 48 24 62 34 9 86 14 29 18
98 4 86 20 1 76 17 88 80 63 2 3 76 16 83 9 2 63 28 51 69 80 56 63 37 34 60 14 93 20 29 94 93 44 19 30 31 28 53 64 60 6 4 30 77 30 42 52 12 45
57 41 4 48 89 28 36 65 17 5 65 98 74 8 17 12 95 26 61 18 90 72 0 62 30 95 23 23 43 59 59 36 10 35 68 66 59 25 7 73 3 90 55 3 3 55 60 15 99 85
65 7 58 85 38 90 95 50 61 60 85 61 67 45 1 36 10 39 80 54 59 66 72 26 84 45 35 69 19 97 65 79 1 60 68 47 5 21 76 64 99 2 84 17 57 42 57 0 20 87
24 35 32 24 89 75 43 76 67 70 63 40 10 4 93 62 97 70 1 39 63 64 82 96 41 15 39 18 17 36 59 2 76 36 29 71 39 4 4 55 29 24 57 57 58 17 48 28 72 64
67 39 91 53 77 80 39 5 2 38 22 5 22 85 36 65 36 59 81 69 69 11 76 63 12 33 63 17 79 77 72 89 6 34 27 90 13 19 14 85 12 88 5 86 96 68 2 68 73 66
66 51 30 51 99 40 30 72 74 65 25 56 12 17 54 27 75 53 65 30 79 81 76 37 65 76 78 90 57 69 24 99 14 80 44 19 0 31 23 41 6 54 42 80 95 84 81 90 21 23
84 77 74 47 67 7 33 77 63 48 29 63 85 5 51 42 58 86 48 9 74 54 48 57 73 58 28 26 64 80 98 24 46 82 48 62 47 89 91 89 46 77 27 25 47 76 10 66 90 44
28 20 94 7 18 81 34 40 89 12 40 66 85 75 16 63 9 42 27 59 86 18 26 59 36 86 94 98 50 80 64 66 25 11 13 79 12 56 25 60 90 35 44 85 18 44 74 14 59 36
0 26 8 51 4 0 95 67 52 23 2 0 26 29 58 74 11 97 24 34 47 34 77 14 59 66 99 2 0 15 51 25 52 89 66 44 84 25 66 85 98 7 22 49 54 71 52 33 76 77
98 83 19 46 7 55 63 53 70 40 64 23 72 94 40 46 38 72 96 10 97 47 8 31 10 72 26 50 90 61 41 22 13 42 40 28 87 7 92 56 81 24 25 78 82 23 48 24 41 50
10 34 51 63 52 48 83 85 15 35 68 39 46 47 1 62 63 95 2 57 16 37 63 63 10 95 33 53 99 11 81 57 98 32 81 46 85 5 74 1 21 17 85 98 68 14 78 86 46 56
95 38 97 42 51 72 53 67 30 25 32 99 96 26 67 21 33 99 62 8 29 6 42 63 71 68 14 24 70 76 93 40 34 56 8 95 94 16 90 55 21 52 7 49 50 69 56 50 6 19
62 10 93 29 76 84 89 80 43 67 57 56 29 91 58 49 96 60 3 84 43 90 37 30 96 69 9 22 98 66 10 54 75 72 88 53 26 38 10 51 61 66 21 26 60 35 91 92 23 95
74 38 67 69 22 6 71 75 94 52 38 65 14 4 29 59 92 83 93 61 19 55 6 46 32 73 87 52 38 55 61 15 45 23 6 34 75 8 64 70 98 1 11 40 85 39 77 36 37 7
24 4 27 79 74 51 31 64 18 45 34 51 44 92 59 37 93 35 49 66 7 32 79 53 98 88 26 26 48 65 72 74 86 80 52 22 74 78 80 23 41 34 87 37 6 78 81 37 58 44
30 50 96 64 86 65 56 46 95 52 61 31 87 35 83 42 96 80 67 11 77 57 18 7 9 38 21 94 90 40 28 5 28 90 18 55 94 63 41 0 76 24 9 94 7 82 83 69 89 50
32 37 42 62 36 98 21 16 27 51 85 54 2 93 24 77 23 98 20 16 31 29 29 44 21 7 53 15 15 6 30 96 44 17 56 90 52 67 54 24 82 4 1 39 63 34 4 49 59 17
78 15 9 41 15 61 29 73 80 35 68 43 23 86 65 77 42 84 58 86 72 44 16 55 3 94 57 1 57 5 19 68 16 24 14 81 11 79 84 81 99 35 22 21 30 81 79 29 88 86
69 68 59 66 8 68 5 42 2 0 22 97 85 7 74 44 52 16 65 61 46 51 96 81 77 40 37 89 93 9 41 20 85 93 10 77 33 23 54 25 85 62 35 40 69 48 23 95 5 33
97 59 93 71 44 49 19 78 36 22 51 43 78 96 0 85 37 74 95 59 32 70 25 29 25 82 29 95 88 53 7 10 11 76 9 98 81 72 43 92 80 0 43 96 44 69 72 58 12 16
62 93 23 11 1 90 12 97 59 64 51 71 61 35 80 91 93 60 38 47 51 48 75 67 87 74 2 17 8 27 8 91 52 82 80 19 17 86 8 85 91 1 47 86 2 84 58 34 20 83
