5 38
0 1 2 2 3 3 4 4 5 6 7 8 9 10 11 12 12 13 13 14 15 15 16 16 17 18 18 19 20 21 22 23 23 24 24 25 25 26 26 27 28 28 29 30 31 31 32 33 33 34
35 1 36 36 37 38 38 39 39 6 7 8 9 10 11 40 40 41 41 14 42 43 43 44 45 46 47 19 48 21 22 49 50 50 51 51 52 53 54 27 55 55 29 30 56 57 58 58 59 60
35 61 61 62 37 63 63 64 64 65 66 67 68 68 69 70 70 71 71 72 42 73 74 44 45 46 47 75 48 76 77 49 78 79 80 80 81 53 82 82 83 83 84 84 85 57 86 86 59 60
87 87 88 89 89 90 91 91 92 92 66 93 93 94 95 95 96 97 98 72 99 99 74 100 100 101 102 75 103 76 104 105 106 79 107 107 81 108 109 109 110 110 111 112 85 113 113 114 114 115
116 117 118 119 119 90 120 121 122 123 124 125 126 94 127 128 96 97 129 130 131 131 132 133 134 134 102 135 103 136 104 105 106 137 137 138 138 108 139 140 140 141 141 112 142 143 144 145 146 115
116 147 118 148 149 149 120 121 122 123 150 125 126 151 152 128 153 153 129 130 154 154 132 133 155 155 156 135 157 136 158 158 159 160 161 162 163 163 139 164 164 165 166 166 142 143 144 167 146 168
169 147 170 148 171 171 172 172 173 173 150 174 174 151 152 175 176 176 177 178 179 179 180 181 181 182 182 183 157 184 184 185 159 160 161 162 186 187 188 188 189 165 190 190 191 192 193 167 194 195
169 196 196 197 198 199 200 200 201 202 203 203 204 204 205 175 206 206 207 178 208 208 209 209 210 211 212 183 213 213 214 185 215 216 217 218 186 187 219 220 189 221 222 222 191 192 193 223 194 195
224 224 225 197 198 199 226 226 201 202 227 227 228 228 205 229 229 230 207 231 231 232 232 233 233 211 212 234 234 235 236 236 215 216 217 218 237 237 219 238 239 240 241 242 243 243 244 245 245 246
247 248 225 249 250 250 251 251 252 252 253 254 255 256 257 258 258 259 260 260 261 262 263 263 264 264 265 266 267 235 268 269 270 271 271 272 272 273 273 238 239 240 274 242 275 276 277 278 279 279
247 280 280 249 281 282 283 284 284 285 285 254 255 256 257 286 286 259 287 288 261 262 289 290 290 291 291 266 267 292 268 269 270 293 294 294 295 296 296 297 298 299 274 300 275 276 277 301 302 302
303 303 304 305 281 282 283 306 307 307 308 309 310 311 312 313 313 314 287 288 315 315 316 316 317 317 318 319 319 292 320 321 322 293 323 323 324 324 325 325 298 299 326 327 327 328 329 301 330 330
331 331 304 305 332 332 333 306 334 335 335 309 310 311 312 336 337 314 338 339 340 340 341 341 342 342 318 343 343 344 320 321 322 345 345 346 346 347 347 348 349 349 326 350 351 328 352 353 353 354
355 356 356 357 358 358 333 359 334 360 360 361 361 362 362 336 363 364 338 339 365 365 366 366 367 367 368 369 369 344 370 370 371 372 372 373 374 374 375 376 377 378 379 350 351 380 352 381 381 354
382 382 383 383 384 385 385 359 386 387 387 388 389 390 391 391 363 364 392 392 393 393 394 395 396 397 397 398 398 399 399 400 400 401 401 373 402 403 375 376 377 378 404 405 405 406 407 407 408 408
409 410 410 411 384 412 412 413 413 414 414 415 389 390 416 417 418 419 420 420 421 421 394 395 396 422 423 423 424 425 426 426 427 428 429 429 402 403 430 430 431 431 404 432 433 406 434 435 435 436
437 438 438 411 439 440 441 441 442 443 443 415 444 444 416 417 418 419 445 446 446 447 447 448 449 449 450 450 424 425 451 452 427 428 453 454 455 456 456 457 457 458 458 459 433 460 460 461 461 436
437 462 463 463 439 464 464 465 442 466 467 468 469 469 470 470 471 471 445 472 473 473 474 448 475 476 477 478 479 479 480 452 481 481 453 454 482 482 483 484 484 485 485 459 486 487 487 488 489 490
491 492 493 494 494 495 495 465 496 466 467 468 497 497 498 498 499 499 500 500 501 502 503 503 504 476 477 478 505 505 480 506 507 508 509 510 510 511 483 512 513 514 515 516 486 517 518 518 489 490
491 492 493 519 520 521 521 522 522 523 524 524 525 525 526 527 528 528 529 530 501 502 531 531 504 532 533 534 534 535 536 506 507 508 509 537 538 539 540 512 513 514 515 541 541 542 543 544 544 545
546 547 547 519 520 548 548 549 549 550 551 551 552 552 526 527 553 553 529 554 555 556 556 557 557 532 533 558 558 535 536 559 559 560 561 561 538 539 562 562 563 563 564 565 565 542 566 566 567 545
546 568 568 569 569 570 571 571 572 550 573 573 574 575 575 576 576 577 578 554 555 579 580 580 581 582 582 583 584 584 585 585 586 560 587 588 588 589 590 590 591 591 592 593 593 594 594 595 596 596
597 597 598 599 599 570 600 601 601 602 602 603 603 604 605 605 606 577 578 607 607 608 608 609 581 610 610 583 611 611 612 613 586 614 587 615 615 589 616 617 617 618 592 619 619 620 621 595 622 623
624 625 626 627 628 628 629 630 631 632 633 633 634 634 635 635 636 636 637 638 638 639 639 640 641 642 642 643 644 644 612 613 645 646 646 647 648 648 616 649 649 618 650 651 651 620 621 652 622 623
624 625 626 627 653 653 629 630 631 632 654 654 655 655 656 656 657 657 637 658 658 659 659 640 660 660 661 661 662 662 663 664 665 666 667 647 668 668 669 670 670 671 650 672 673 674 674 652 675 675
676 676 677 678 679 679 680 681 681 682 683 684 685 685 686 686 687 687 688 689 690 691 692 692 693 693 694 695 696 696 663 664 665 697 667 698 699 700 669 701 702 702 703 672 673 704 704 705 706 706
707 708 677 678 709 710 710 711 712 682 713 684 714 715 716 716 717 717 688 689 690 691 718 718 719 720 694 695 721 722 722 723 724 697 725 698 699 700 726 701 727 728 703 729 729 730 731 705 732 733
707 734 735 736 709 737 738 711 739 739 713 740 740 715 741 742 742 743 744 745 746 746 747 748 748 720 749 750 721 751 751 723 724 752 753 753 754 755 755 756 727 728 757 758 759 759 731 760 760 733
761 734 735 762 763 737 738 764 765 766 766 767 767 768 741 769 769 743 744 745 770 770 747 771 771 772 749 750 773 773 774 775 775 752 776 777 778 778 779 780 780 781 757 758 782 782 783 783 784 785
761 786 787 762 788 788 789 790 765 791 791 792 793 768 794 795 796 797 798 798 799 800 800 801 801 772 802 802 803 803 774 804 805 805 776 806 807 808 779 809 810 781 811 811 812 813 813 814 784 785
815 786 787 816 816 817 789 790 818 818 819 792 793 820 820 795 796 797 821 822 822 823 823 824 824 825 825 826 827 827 828 828 829 829 830 806 807 831 831 809 810 832 833 834 834 835 835 814 836 836
837 837 838 838 839 839 840 840 841 842 819 843 844 844 845 846 847 848 821 849 850 851 852 853 853 854 855 826 856 857 858 859 859 860 861 861 862 863 864 864 865 865 833 866 866 867 868 869 870 870
871 872 872 873 874 875 875 876 876 842 877 877 878 879 845 846 847 880 881 881 850 851 852 882 882 883 855 884 856 857 858 885 885 886 886 887 862 888 889 890 891 892 893 894 895 867 868 869 896 896
871 897 897 873 898 899 900 900 901 902 902 903 903 879 904 904 905 880 906 907 907 908 908 909 909 883 910 910 911 912 912 913 913 914 915 915 916 888 889 890 891 892 893 894 895 917 918 918 919 920
921 922 922 923 898 899 924 924 901 925 925 926 927 927 928 928 929 929 906 930 931 932 933 934 934 935 936 937 937 938 939 940 941 914 942 942 916 943 944 944 945 946 946 947 948 948 949 950 919 920
921 951 952 923 953 953 954 955 956 956 957 926 958 958 959 960 960 961 962 930 931 932 933 963 963 935 936 964 964 938 939 940 941 965 966 966 967 967 968 968 945 969 969 970 970 971 949 950 972 973
974 951 975 976 976 977 954 955 978 979 957 980 981 982 959 983 983 961 962 984 985 985 986 986 987 988 989 990 991 992 992 993 994 995 995 996 996 997 998 998 999 999 1000 1001 1001 1002 1003 1003 972 973
1004 1005 975 1006 1006 1007 1008 1008 978 1009 1010 980 981 1011 1011 1012 1013 1013 1014 1014 1015 1015 1016 1017 987 988 989 990 991 1018 1018 993 994 1019 1019 1020 1021 997 1022 1023 1024 1024 1025 1026 1027 1002 1028 1029 1029 1030
1004 1005 1031 1031 1032 1007 1033 1034 1034 1009 1010 1035 1035 1036 1037 1012 1038 1039 1040 1040 1041 1042 1016 1043 1044 1044 1045 1046 1047 1048 1049 1050 1050 1051 1052 1053 1021 1054 1022 1023 1055 1055 1025 1026 1027 1056 1056 1057 1057 1030
1058 1058 1059 1060 1060 1061 1033 1062 1062 1063 1064 1065 1066 1067 1037 1068 1038 1039 1069 1069 1041 1070 1070 1043 1071 1072 1045 1073 1047 1048 1049 1074 1074 1051 1052 1053 1075 1075 1076 1077 1077 1078 1078 1079 1079 1080 1080 1081 1081 1082
1083 1084 1059 1085 1086 1061 1087 1087 1088 1063 1064 1065 1066 1067 1089 1068 1090 1091 1092 1092 1093 1094 1095 1095 1071 1072 1096 1073 1097 1098 1098 1099 1099 1100 1100 1101 1101 1102 1103 1103 1104 1105 1106 1107 1107 1108 1108 1109 1109 1082
1083 1084 1110 1085 1086 1111 1112 1112 1088 1113 1113 1114 1114 1115 1115 1116 1090 1091 1117 1117 1093 1094 1118 1118 1119 1119 1120 1120 1121 1121 1122 1123 1124 1125 1125 1126 1127 1128 1129 1130 1104 1105 1131 1132 1133 1133 1134 1134 1135 1136
1137 1138 1110 1139 1139 1111 1140 1140 1141 1142 1143 1144 1145 1146 1147 1116 1148 1148 1149 1150 1150 1151 1152 1153 1154 1155 1155 1156 1157 1157 1122 1123 1158 1158 1159 1126 1160 1128 1129 1161 1162 1162 1131 1132 1163 1164 1164 1165 1165 1136
1137 1138 1166 1166 1167 1168 1169 1170 1170 1142 1143 1171 1145 1172 1147 1173 1173 1174 1175 1175 1176 1151 1152 1153 1154 1177 1177 1156 1178 1179 1179 1180 1181 1181 1159 1182 1160 1183 1184 1161 1185 1185 1186 1186 1187 1188 1188 1189 1190 1190
1191 1192 1192 1193 1167 1168 1169 1194 1194 1195 1196 1171 1197 1172 1198 1198 1199 1199 1200 1200 1176 1201 1202 1203 1204 1205 1205 1206 1178 1207 1208 1209 1210 1210 1211 1211 1212 1183 1213 1213 1214 1215 1216 1216 1187 1217 1218 1219 1219 1220
1191 1221 1222 1222 1223 1223 1224 1225 1225 1195 1196 1226 1197 1227 1227 1228 1228 1229 1229 1230 1230 1201 1202 1203 1204 1231 1232 1233 1234 1207 1208 1209 1235 1236 1237 1238 1239 1240 1241 1241 1214 1215 1242 1242 1243 1243 1218 1244 1245 1220
1246 1246 1247 1247 1248 1248 1224 1249 1250 1251 1251 1226 1252 1253 1253 1254 1254 1255 1255 1256 1257 1258 1259 1260 1261 1231 1232 1233 1262 1262 1263 1263 1235 1236 1264 1238 1239 1240 1265 1266 1267 1267 1268 1268 1269 1270 1271 1244 1245 1272
1273 1273 1274 1274 1275 1275 1276 1249 1250 1277 1278 1279 1280 1280 1281 1281 1282 1282 1283 1256 1284 1258 1259 1260 1261 1285 1285 1286 1287 1287 1288 1288 1289 1290 1264 1291 1292 1292 1265 1266 1293 1294 1295 1296 1269 1270 1271 1297 1297 1272
1298 1299 1299 1300 1301 1301 1276 1302 1303 1277 1278 1279 1304 1305 1305 1306 1307 1307 1283 1308 1284 1309 1309 1310 1310 1311 1312 1286 1313 1314 1315 1315 1316 1290 1317 1291 1318 1318 1319 1319 1320 1294 1321 1296 1322 1322 1323 1324 1325 1326
1298 1327 1327 1328 1328 1329 1330 1330 1303 1331 1331 1332 1304 1333 1334 1334 1335 1336 1336 1308 1337 1337 1338 1338 1339 1311 1340 1340 1313 1314 1341 1341 1316 1342 1342 1343 1344 1344 1345 1345 1320 1346 1321 1347 1347 1348 1323 1324 1325 1326
30 44 64 67 23 54 91 27 71 20 32 22 98 6 20 70 30 67 86 91 68 99 59 24 60 36 76 65 55 3 72 94 34 38 69 41 69 30 61 19 61 93 65 35 20 30 26 14 67 5
6 83 25 56 8 41 37 9 57 69 42 82 82 11 21 90 69 47 53 53 51 15 22 51 7 50 16 79 61 98 8 11 60 46 74 31 20 16 33 68 30 81 24 55 68 83 95 88 46 42
3 90 84 73 44 38 99 25 45 94 42 89 27 27 92 87 52 10 80 23 26 13 43 32 51 6 0 57 51 87 33 49 76 80 55 47 59 1 57 37 75 25 34 57 56 86 74 27 91 85
75 91 58 89 66 71 22 94 27 66 15 61 31 46 49 76 94 53 11 42 2 3 51 8 62 20 63 67 55 84 58 14 26 27 50 27 97 34 55 20 56 65 30 59 63 34 44 24 60 4
86 59 16 21 16 27 6 86 7 81 86 10 40 38 41 94 47 15 32 78 21 68 37 28 51 85 2 74 24 60 8 91 5 96 63 80 21 21 68 56 0 90 74 89 5 98 81 71 10 77
75 96 5 37 4 95 89 54 52 14 34 57 19 34 40 81 27 32 70 10 29 78 30 14 81 41 15 63 13 2 30 12 88 84 88 49 75 63 88 74 15 73 65 5 67 20 88 41 91 8
43 9 28 51 20 89 71 66 70 85 78 45 12 19 60 51 94 72 71 61 7 10 20 60 39 29 92 22 5 84 9 23 31 32 29 91 10 26 20 89 84 57 90 75 14 25 80 45 87 30
72 29 36 96 62 2 62 20 16 47 83 45 4 37 96 27 64 19 69 21 64 22 0 44 66 6 1 78 16 69 90 2 0 44 45 96 66 70 97 0 1 99 95 36 92 5 26 5 72 29
17 49 68 80 20 87 13 89 38 50 25 60 24 13 64 8 37 69 80 93 84 34 63 18 54 57 74 80 66 21 65 4 49 29 15 43 58 76 90 40 25 26 71 76 78 19 24 0 84 34
36 61 61 58 71 27 7 40 57 57 83 0 5 3 1 63 59 72 8 30 37 79 87 13 37 56 17 58 21 41 68 51 2 14 26 38 5 74 76 9 22 11 86 73 34 16 59 24 28 0
78 73 81 56 90 10 66 66 13 25 82 78 37 61 59 23 27 4 23 19 58 63 88 32 8 41 65 2 20 36 50 36 98 70 53 33 57 71 0 38 40 3 83 47 72 87 41 82 12 30
35 57 65 53 69 87 0 67 72 6 10 27 11 20 38 88 55 18 37 48 30 76 40 46 1 61 92 77 14 84 54 55 74 44 35 51 43 86 40 88 68 50 67 90 69 96 75 14 66 54
41 64 17 2 54 70 0 76 77 54 86 0 1 22 62 12 72 77 58 2 77 67 1 77 26 36 72 46 97 34 54 6 44 97 70 35 36 8 46 85 13 29 22 53 56 98 44 44 76 75
93 50 75 38 50 49 3 29 83 24 6 8 19 10 81 72 96 68 67 74 23 19 33 82 22 64 0 5 96 51 27 37 0 62 13 47 63 12 94 4 1 5 25 4 54 67 24 7 97 94
43 4 27 88 79 10 43 38 68 32 36 0 63 38 93 32 89 74 69 56 74 8 15 87 35 63 9 33 65 86 22 22 34 66 34 46 8 77 86 53 26 77 88 5 59 25 70 86 28 78
95 67 12 22 13 23 91 40 54 89 99 89 89 79 87 88 92 85 36 24 42 3 99 67 8 49 88 65 50 33 29 65 43 84 19 99 93 87 38 73 34 87 80 82 64 6 65 3 42 32
22 43 29 72 19 7 84 69 13 87 32 31 27 31 43 70 52 62 28 53 5 50 45 17 13 76 90 23 68 38 69 38 63 88 15 60 38 8 27 35 70 8 61 49 24 30 85 91 55 90
72 0 88 59 89 24 9 63 77 1 75 76 19 64 61 0 19 5 59 95 29 98 43 58 37 49 38 42 27 42 1 84 27 83 48 40 27 32 91 0 85 84 71 56 30 74 56 34 82 84
66 91 84 35 0 99 64 98 29 15 22 16 51 47 80 43 37 75 48 63 8 56 89 28 41 34 9 6 75 44 67 98 14 11 46 70 87 29 90 93 36 77 89 12 30 16 66 31 71 48
11 57 2 65 78 85 35 3 22 62 47 27 17 36 43 42 71 45 46 29 74 78 72 10 10 65 96 18 84 59 63 87 88 72 48 69 4 69 2 88 36 36 37 10 6 77 94 34 82 77
12 72 38 93 97 21 84 0 41 66 75 67 20 82 38 2 58 47 62 42 71 81 14 86 42 65 66 74 18 40 29 29 31 42 39 97 43 12 1 68 27 96 33 52 39 6 33 26 23 17
29 35 98 69 30 47 73 35 4 41 77 13 7 4 65 30 97 14 25 26 55 67 90 58 78 41 3 84 61 68 98 11 14 57 95 99 37 69 71 69 64 76 26 84 95 27 42 79 79 28
34 30 76 11 72 20 49 60 75 77 22 32 59 19 7 40 54 27 88 98 13 45 5 11 70 95 12 0 8 13 7 89 22 42 28 77 57 30 2 70 65 49 57 38 78 70 38 71 45 64
4 35 18 32 72 4 26 92 72 65 71 92 99 91 49 87 57 25 34 69 68 21 28 67 27 23 98 12 31 60 37 81 50 65 48 42 5 54 49 10 56 82 8 94 19 27 80 55 76 19
6 38 19 80 45 36 3 7 99 34 92 69 44 44 75 62 24 17 49 56 19 86 58 15 86 27 49 17 58 31 24 84 33 17 36 47 21 39 9 82 93 80 50 7 44 2 82 13 53 75
20 18 96 18 32 9 8 9 33 2 58 81 50 70 60 37 70 51 43 58 29 78 50 82 21 47 60 26 60 3 70 43 37 62 52 21 48 78 36 68 4 73 89 35 90 86 79 12 98 16
3 83 68 15 95 78 43 35 35 97 20 75 16 22 56 67 20 13 56 92 78 98 0 37 76 62 99 78 67 64 9 72 41 99 77 68 29 69 21 9 80 37 80 14 82 36 88 80 50 93
67 99 63 80 15 2 43 50 71 27 61 26 90 35 69 25 31 88 7 44 81 84 11 41 77 76 18 47 37 63 16 99 55 72 82 81 57 45 76 47 75 50 16 86 87 14 58 5 59 65
76 31 49 37 69 21 75 44 62 45 36 32 27 24 35 28 50 49 3 69 76 34 81 49 72 7 67 49 86 46 40 2 16 34 52 79 25 63 27 67 53 5 52 44 91 33 7 30 53 83
91 59 67 44 65 32 92 29 17 3 75 77 99 27 71 94 99 9 77 98 6 67 43 86 0 45 0 37 64 53 8 53 38 74 3 67 27 53 41 38 82 70 33 24 91 13 24 89 98 14
42 70 57 55 59 15 0 27 60 31 10 41 5 91 44 7 76 50 40 70 12 81 9 3 41 71 21 5 61 50 62 44 67 73 43 55 77 91 72 59 21 37 75 84 4 29 37 4 90 16
42 85 69 75 95 18 25 23 87 84 10 59 25 89 21 92 57 87 61 92 32 22 11 72 40 24 0 34 35 62 48 36 72 86 86 65 52 1 73 67 52 86 63 56 61 47 89 15 25 49
83 8 0 3 42 2 42 18 80 39 90 38 40 59 7 75 91 53 30 30 93 26 32 75 79 70 63 66 89 17 78 36 79 14 50 61 56 85 78 81 58 97 84 45 22 94 0 69 18 39
64 66 44 79 81 43 44 60 22 65 13 42 79 68 10 54 59 89 90 56 54 91 3 51 27 7 7 36 29 49 70 61 33 66 13 99 73 25 9 34 27 71 97 33 91 91 88 0 15 50
3 76 86 30 77 54 88 83 30 64 85 57 23 79 36 91 16 86 39 70 58 93 21 29 61 29 71 84 93 55 85 66 10 18 71 53 30 14 68 88 9 22 62 15 9 74 17 16 69 19
63 41 69 93 55 40 24 64 14 5 39 9 32 86 83 10 50 21 31 79 59 56 63 82 44 86 29 35 23 98 88 60 8 97 54 15 84 59 90 12 86 77 16 28 73 54 81 44 14 7
56 92 56 44 49 31 82 24 37 35 88 29 89 57 13 54 23 20 21 32 82 54 91 91 47 2 68 99 5 30 47 53 54 6 46 38 12 23 71 44 22 22 58 19 84 83 83 80 15 65
49 21 43 63 32 28 37 94 75 84 17 11 36 78 77 47 63 78 31 85 20 50 97 7 70 97 89 68 38 8 69 86 49 68 94 26 80 91 89 4 7 15 63 77 43 78 68 8 14 42
65 71 89 36 83 43 64 97 65 34 29 4 92 64 17 7 36 9 46 35 24 72 28 13 83 24 16 67 0 88 76 31 78 95 80 91 86 46 78 14 38 44 52 57 31 91 25 67 70 54
49 55 97 79 11 84 12 32 97 99 3 49 98 6 56 99 97 57 37 99 18 32 79 9 30 65 19 2 52 61 48 33 62 25 32 11 62 91 19 48 27 10 81 22 25 36 38 50 53 33
64 52 34 86 6 60 80 54 79 64 97 11 68 72 30 49 49 54 99 91 66 97 30 75 43 81 79 23 16 42 64 76 78 38 0 62 23 36 88 95 72 35 95 13 48 83 95 1 36 32
22 18 38 26 24 60 53 31 46 22 1 37 52 68 57 38 91 38 43 75 95 45 5 55 79 90 6 10 80 21 26 9 60 61 89 45 22 96 71 27 43 36 46 6 86 45 47 26 28 90
13 62 38 81 84 24 86 61 48 88 79 76 65 96 4 88 34 83 99 46 71 48 21 32 2 83 62 26 9 72 24 25 52 43 72 53 48 94 40 62 58 19 17 93 62 93 41 13 57 83
94 92 15 63 37 16 25 66 73 83 55 81 15 21 99 32 70 16 76 69 18 73 58 65 30 81 37 87 74 28 55 67 73 86 29 1 90 14 2 40 80 70 93 58 77 51 99 54 6 11
15 80 29 46 0 11 23 54 61 79 12 72 78 76 48 4 14 8 81 76 13 57 24 71 36 68 21 77 67 41 17 55 41 70 36 68 20 32 38 45 89 44 39 54 99 44 91 78 19 24
82 96 29 32 37 33 46 62 75 0 71 20 15 98 75 46 39 26 56 11 17 44 76 64 63 78 18 99 71 11 59 57 55 76 77 2 53 71 29 7 19 94 36 76 20 64 72 98 20 55
38 60 63 89 15 23 66 93 87 67 40 35 0 14 9 32 4 48 78 66 24 25 76 19 79 54 89 66 3 66 78 6 8 35 66 85 51 13 93 82 92 50 89 39 36 70 17 96 75 9
25 22 78 77 57 37 12 95 58 2 3 13 6 69 86 51 12 33 57 15 35 3 15 82 71 18 45 75 38 78 60 72 27 24 82 74 44 16 14 43 51 18 5 68 28 33 57 18 40 54
99 68 97 78 88 62 36 10 36 54 1 23 8 53 65 7 69 0 97 41 66 6 27 31 44 33 28 98 22 30 69 69 44 39 43 32 49 46 75 4 72 40 23 7 1 77 60 64 42 13
58 13 99 31 68 9 98 30 40 73 84 15 86 47 79 72 78 24 21 97 35 46 93 85 40 87 40 91 28 33 84 98 32 13 20 84 4 68 92 3 71 20 46 3 46 1 95 38 29 23
