15 27
0 0 1 1 2 2 3 3 4 4 5 6 6 7 7 8 9 9 10 10 11 12 13 14 14 15 15 16 17 18 18 19 19 20 20 21 22 23 23 24 25 26 26 27 28 29 29 30 30 31
32 33 34 34 35 35 36 36 37 37 5 38 39 40 41 42 43 44 44 45 11 12 46 46 47 48 49 16 50 51 52 52 53 54 55 55 22 56 56 57 25 58 58 27 28 59 60 61 62 31
63 33 64 64 65 65 66 66 67 68 68 38 39 40 41 42 43 69 69 45 70 70 71 72 47 48 73 74 50 75 76 77 53 78 78 79 79 80 80 57 81 82 83 83 84 59 60 61 85 85
63 86 86 87 88 88 89 89 67 90 90 91 91 92 92 93 93 94 94 95 95 96 71 97 98 99 73 74 100 75 76 77 101 102 102 103 103 104 105 106 81 82 107 107 84 108 109 110 110 111
112 113 114 87 115 115 116 117 117 118 118 119 119 120 120 121 121 122 123 124 124 125 125 97 126 99 127 128 129 129 130 130 101 131 132 133 133 134 105 106 135 135 136 137 138 108 139 140 140 111
141 113 114 142 143 144 116 145 146 146 147 147 148 148 149 149 150 122 123 151 151 152 152 153 126 154 154 128 155 156 157 158 159 131 132 160 161 134 162 162 163 164 136 137 138 165 139 166 166 167
141 168 169 142 143 170 171 145 172 173 174 174 175 176 176 177 150 178 179 180 180 181 181 182 183 184 185 185 155 156 157 158 159 186 186 160 161 187 188 189 190 164 191 192 192 193 193 194 195 196
197 168 169 198 199 170 200 200 172 201 202 203 175 204 205 205 206 207 179 208 208 209 210 182 183 211 212 212 213 213 214 215 215 216 217 218 218 187 188 219 190 220 191 221 221 222 222 194 195 196
197 223 224 198 199 225 226 227 228 201 202 203 229 204 230 231 231 207 232 233 233 209 210 234 234 211 235 236 236 237 238 238 239 216 240 241 241 242 243 219 244 220 245 246 246 247 247 248 249 250
251 223 224 252 252 225 226 227 228 253 254 254 255 256 256 257 258 258 232 259 259 260 261 262 263 264 265 265 266 237 267 267 239 268 240 269 270 242 243 271 244 272 273 274 275 276 277 248 249 250
251 278 279 279 280 280 281 281 282 253 283 284 255 285 286 257 287 287 288 289 290 260 261 262 263 264 291 291 266 292 293 294 294 268 295 269 270 296 296 271 297 297 273 274 298 276 299 300 300 301
302 278 303 303 304 305 305 306 307 307 283 308 308 285 286 309 310 310 288 289 311 311 312 313 313 314 315 315 316 292 293 317 318 318 295 319 319 320 320 321 321 322 323 323 298 324 299 325 325 301
302 326 326 327 327 328 328 306 329 329 330 330 331 331 332 332 333 334 334 335 336 336 337 337 338 314 339 340 316 341 342 342 343 344 344 345 345 346 346 347 347 322 348 348 349 324 350 351 352 352
353 353 354 354 355 355 356 357 358 358 359 360 360 361 362 362 333 363 363 364 365 366 367 367 368 368 339 369 370 341 371 372 372 373 374 375 375 376 377 378 379 379 380 380 349 381 350 351 382 382
383 384 385 386 387 388 356 389 390 391 359 392 392 393 394 395 396 397 398 364 365 399 399 400 400 401 401 369 370 402 371 403 403 373 374 404 405 406 377 378 407 408 408 409 409 381 410 410 411 411
383 384 385 386 387 388 412 389 390 391 413 414 414 393 394 395 396 415 398 416 417 418 418 419 419 420 421 422 422 402 423 423 424 424 425 404 405 406 426 427 428 429 430 431 431 432 433 434 435 435
436 437 438 438 439 440 412 441 442 443 443 444 445 446 446 447 448 415 449 416 417 450 451 452 452 420 421 453 454 455 455 456 456 457 425 458 459 459 426 427 428 429 460 461 462 432 433 434 463 463
436 464 464 465 465 440 466 441 442 467 467 444 445 468 468 447 448 469 449 470 470 450 451 471 471 472 473 473 454 474 474 475 475 457 476 477 477 478 478 479 480 480 460 461 462 481 481 482 483 483
484 485 485 486 486 487 488 488 489 490 491 491 492 493 494 495 495 469 496 497 497 498 498 499 499 500 501 502 503 503 504 505 506 506 507 508 508 509 509 479 510 511 512 513 514 515 515 482 516 517
518 518 519 519 520 521 521 522 522 490 523 523 492 493 524 524 525 525 526 527 527 528 528 529 529 500 501 530 531 531 504 532 533 534 507 535 535 536 537 537 510 511 512 513 538 538 539 540 541 517
542 542 543 543 544 545 546 546 547 548 548 549 549 550 550 551 552 552 526 553 553 554 555 556 557 558 559 530 560 560 561 532 533 534 562 563 563 536 564 565 565 566 566 567 568 569 569 540 541 570
571 571 572 572 544 573 574 575 576 576 577 578 579 580 581 551 582 582 583 583 584 554 555 556 585 558 586 586 587 587 588 589 589 590 562 591 592 592 564 593 594 595 596 567 568 597 597 598 599 570
600 600 601 601 602 573 574 575 603 603 577 578 579 580 581 604 605 606 607 607 608 608 609 610 585 611 612 612 613 613 588 614 614 590 615 591 616 616 617 593 594 595 596 618 619 620 620 598 599 621
622 622 623 623 602 624 624 625 626 626 627 628 629 630 630 631 605 632 633 634 635 635 609 610 636 637 638 638 639 639 640 640 641 641 615 642 642 643 617 644 644 645 646 618 619 647 647 648 648 621
649 650 650 651 652 652 653 654 655 655 627 628 629 656 657 631 658 632 633 634 659 660 661 661 636 637 662 662 663 664 664 665 666 666 667 667 668 643 669 670 670 645 671 672 673 673 674 675 675 676
649 677 677 651 678 679 653 654 680 681 682 683 683 656 684 684 685 686 686 687 687 660 688 688 689 690 691 692 663 693 694 695 695 696 696 697 668 698 669 699 699 700 671 701 701 702 703 704 704 705
706 706 707 708 708 679 709 710 680 681 682 711 711 712 713 713 685 714 714 715 715 716 716 717 717 690 691 692 718 693 719 720 721 722 723 697 724 698 725 725 726 700 727 727 728 702 703 729 729 705
730 730 707 731 731 732 709 733 734 735 736 736 737 712 738 738 739 739 740 741 742 742 743 743 744 744 745 746 718 747 719 720 721 722 723 748 724 749 750 751 751 752 753 754 728 755 756 757 758 759
760 761 761 762 763 732 764 733 734 735 765 765 737 766 767 767 768 769 740 741 770 770 771 771 772 772 745 746 773 773 774 775 776 777 778 779 780 749 750 781 782 783 753 754 784 785 756 757 758 759
786 787 787 762 788 789 764 790 790 791 792 793 794 766 795 796 768 797 797 798 799 799 800 800 801 802 802 803 804 805 774 775 776 777 778 779 806 806 807 807 782 783 808 808 809 785 810 810 811 811
786 812 813 813 788 814 814 815 815 816 792 793 817 818 795 796 819 819 820 798 821 822 823 823 801 824 825 825 804 826 826 827 828 828 829 829 830 831 831 832 832 833 833 834 809 835 836 837 838 839
840 841 842 843 844 844 845 845 846 816 847 847 817 848 848 849 850 850 851 852 821 822 853 853 854 824 855 856 856 857 858 858 859 860 861 862 830 863 864 864 865 865 866 834 867 835 836 837 838 839
868 841 842 843 869 870 871 871 846 872 872 873 874 874 875 875 876 876 851 852 877 878 878 879 880 880 881 881 882 883 883 884 859 860 861 862 885 863 886 887 887 888 866 889 889 890 891 891 892 893
868 894 895 895 869 870 896 897 898 899 899 873 900 901 902 902 903 903 904 905 905 906 906 879 907 908 909 909 882 910 910 884 911 911 912 913 913 914 914 915 915 888 916 916 917 918 918 919 892 893
920 894 921 922 922 923 896 897 898 924 925 926 927 901 928 929 929 930 930 931 931 932 933 934 907 935 936 936 937 937 938 938 939 939 940 940 941 941 942 943 943 944 944 945 917 946 946 919 947 947
920 948 949 950 951 923 952 953 953 954 925 926 927 955 955 956 957 957 958 958 959 932 933 934 960 935 961 962 963 964 964 965 966 967 967 968 968 969 970 970 971 972 973 945 974 975 976 977 978 979
980 948 949 950 951 981 981 982 983 954 984 984 985 986 986 956 987 987 988 989 959 990 990 991 960 992 961 962 993 993 994 965 966 995 995 996 996 969 997 997 971 972 973 998 974 999 976 977 978 979
1000 1001 1002 1002 1003 1003 1004 982 1005 1005 1006 1006 985 1007 1007 1008 1009 1010 988 989 1011 1012 1012 991 1013 992 1014 1014 1015 1016 994 1017 1018 1018 1019 1019 1020 1020 1021 1021 1022 1022 1023 1023 1024 999 1025 1025 1026 1026
1000 1001 1027 1028 1029 1029 1004 1030 1031 1031 1032 1033 1034 1035 1035 1008 1036 1010 1037 1038 1011 1039 1039 1040 1013 1041 1042 1042 1015 1043 1044 1045 1046 1047 1048 1048 1049 1049 1050 1050 1051 1052 1052 1053 1053 1054 1054 1055 1056 1057
1058 1058 1027 1028 1059 1059 1060 1060 1061 1061 1032 1062 1034 1063 1063 1064 1036 1065 1037 1066 1067 1068 1069 1070 1070 1071 1071 1072 1073 1043 1044 1045 1046 1047 1074 1075 1076 1076 1077 1077 1051 1078 1078 1079 1080 1080 1081 1055 1056 1057
1082 1083 1084 1085 1086 1087 1087 1088 1089 1090 1091 1062 1092 1093 1094 1095 1095 1065 1096 1066 1097 1068 1098 1098 1099 1099 1100 1072 1101 1102 1102 1103 1103 1104 1074 1075 1105 1106 1107 1107 1108 1108 1109 1109 1110 1110 1081 1111 1111 1112
1082 1083 1084 1085 1086 1113 1113 1088 1089 1090 1091 1114 1115 1093 1094 1116 1117 1118 1096 1119 1097 1120 1121 1121 1122 1122 1123 1123 1101 1124 1124 1125 1126 1104 1127 1128 1105 1129 1129 1130 1131 1131 1132 1132 1133 1134 1134 1135 1135 1112
1136 1137 1138 1138 1139 1140 1140 1141 1141 1142 1143 1114 1115 1144 1144 1145 1117 1118 1146 1146 1147 1120 1148 1148 1149 1149 1150 1150 1151 1152 1152 1125 1126 1153 1153 1128 1154 1154 1155 1130 1156 1157 1157 1158 1133 1159 1160 1160 1161 1161
1162 1137 1163 1163 1139 1164 1164 1165 1165 1142 1143 1166 1167 1167 1168 1145 1169 1169 1170 1171 1171 1172 1173 1174 1174 1175 1176 1176 1151 1177 1178 1179 1179 1180 1180 1181 1181 1182 1183 1183 1184 1184 1185 1158 1186 1159 1187 1188 1188 1189
1162 1190 1191 1191 1192 1193 1193 1194 1194 1195 1196 1196 1197 1197 1168 1198 1198 1199 1170 1200 1201 1172 1173 1202 1203 1175 1204 1204 1205 1206 1178 1207 1208 1209 1210 1210 1211 1211 1212 1213 1214 1215 1185 1216 1216 1217 1217 1218 1219 1219
1220 1220 1221 1222 1223 1223 1224 1224 1225 1225 1226 1226 1227 1228 1228 1229 1230 1231 1231 1232 1201 1233 1233 1202 1234 1235 1235 1236 1237 1206 1238 1207 1208 1239 1239 1240 1240 1241 1212 1213 1214 1242 1243 1243 1244 1245 1245 1218 1246 1247
1248 1249 1221 1222 1250 1251 1252 1253 1254 1254 1255 1256 1256 1257 1258 1258 1230 1259 1260 1232 1261 1262 1262 1263 1234 1264 1264 1265 1237 1266 1266 1267 1267 1268 1269 1269 1270 1271 1272 1272 1273 1242 1274 1275 1244 1276 1277 1278 1279 1247
1280 1249 1281 1282 1282 1251 1252 1253 1283 1283 1255 1284 1284 1257 1285 1285 1286 1286 1260 1287 1288 1288 1289 1263 1290 1291 1291 1265 1292 1292 1293 1294 1294 1268 1295 1296 1270 1271 1297 1298 1298 1299 1274 1275 1300 1276 1277 1301 1279 1302
1280 1303 1304 1304 1305 1305 1306 1306 1307 1307 1308 1308 1309 1309 1310 1311 1311 1312 1313 1287 1314 1314 1315 1316 1290 1317 1318 1319 1319 1320 1321 1322 1323 1324 1295 1296 1325 1326 1327 1328 1329 1330 1330 1331 1332 1332 1333 1301 1334 1302
1335 1335 1336 1336 1337 1337 1338 1338 1339 1339 1340 1340 1341 1341 1342 1342 1343 1343 1313 1344 1344 1345 1315 1316 1346 1346 1318 1347 1347 1320 1321 1322 1323 1324 1348 1348 1325 1326 1327 1328 1329 1349 1349 1331 1350 1350 1351 1351 1334 1352
1 37 78 58 31 99 33 57 95 62 73 85 69 76 60 46 96 60 80 28 3 36 50 8 38 57 30 16 70 66 43 15 1 69 15 92 95 26 17 78 6 70 78 98 17 52 57 42 26 54
89 59 54 55 47 27 72 99 89 25 66 27 29 3 47 95 92 67 52 62 57 12 25 36 30 34 63 1 98 82 84 98 28 69 60 94 4 99 22 26 19 57 61 32 33 35 36 17 26 92
79 58 31 27 6 19 65 53 73 90 3 38 72 91 59 59 11 33 38 8 7 63 0 4 6 47 38 12 86 36 75 92 6 7 56 62 98 34 90 53 31 25 3 87 87 49 97 79 25 23
5 71 64 89 6 92 95 51 95 1 28 95 59 60 64 81 7 17 22 26 21 4 92 12 26 88 99 81 7 19 72 98 47 29 64 28 62 99 10 49 87 52 96 45 9 55 92 16 27 7
74 14 84 63 0 25 31 98 91 62 5 56 54 41 50 57 5 17 57 78 34 77 54 87 64 49 89 27 73 54 45 94 95 30 47 63 51 46 53 67 3 70 28 27 7 41 61 13 20 61
70 98 40 17 47 26 77 69 1 69 39 42 30 29 41 34 25 36 65 22 37 40 42 22 29 69 75 78 74 29 0 67 30 60 71 17 50 48 38 38 35 82 82 28 11 48 67 39 23 89
38 68 33 73 68 73 82 45 78 67 53 28 85 28 82 18 61 2 0 25 19 59 21 21 91 97 74 75 49 90 35 64 48 90 76 33 59 38 41 52 2 60 54 33 11 12 3 70 53 57
37 74 71 56 31 69 89 18 32 6 65 77 39 93 50 8 64 46 69 34 96 95 70 3 4 80 80 10 51 10 18 41 70 32 55 6 23 65 27 11 70 79 97 84 52 22 16 57 48 61
75 66 50 21 84 52 67 77 93 30 75 56 23 17 13 97 61 60 68 48 99 80 45 62 20 46 94 17 64 92 47 10 61 67 36 0 54 41 25 97 78 58 72 94 24 52 38 97 14 70
9 94 86 44 12 33 98 10 8 64 47 71 93 40 10 90 51 45 93 9 27 51 0 17 91 70 17 48 95 13 88 40 54 94 24 95 68 33 38 31 43 67 69 29 75 2 2 62 54 88
35 29 82 45 91 59 9 85 84 43 89 92 69 63 41 10 69 1 69 1 96 26 39 16 33 34 32 4 0 26 71 17 35 77 59 58 56 17 38 11 18 45 15 23 68 92 89 31 68 87
72 62 42 2 87 62 69 13 99 73 49 13 25 25 14 64 36 86 91 93 22 58 51 86 32 61 68 48 24 84 25 95 97 36 99 18 96 67 45 64 90 53 88 89 61 64 6 23 66 19
87 46 93 41 73 87 10 83 53 40 98 98 48 33 64 7 40 52 72 1 23 19 52 46 3 45 35 17 36 39 30 93 29 52 41 49 68 67 52 10 62 48 89 44 65 64 62 4 27 15
40 2 57 34 10 99 80 27 7 83 95 54 22 2 55 46 74 5 7 11 54 23 12 83 90 89 84 71 83 89 28 47 29 30 35 17 3 89 48 82 80 99 85 27 50 55 16 23 46 44
7 77 94 10 82 32 82 77 71 1 64 41 10 88 64 94 87 19 5 38 68 54 52 92 81 61 25 66 3 59 79 4 67 13 47 73 74 66 68 31 23 39 83 8 2 60 22 39 51 18
2 67 95 83 63 5 24 70 57 62 34 29 95 37 40 62 47 58 74 72 49 69 48 73 12 44 70 74 95 75 51 32 91 99 75 10 50 85 93 76 7 86 22 36 26 31 28 54 97 90
88 2 45 7 55 86 95 55 58 29 39 92 16 58 53 62 86 84 95 83 66 89 3 20 46 29 5 63 43 58 15 96 65 52 25 2 51 53 95 59 9 4 72 39 66 85 84 35 40 36
2 57 8 61 36 60 53 37 95 58 51 58 14 92 18 44 90 26 75 87 2 42 38 83 54 30 20 64 85 88 10 14 70 67 12 75 82 37 36 78 12 17 72 68 12 59 92 65 93 91
82 6 15 72 96 46 84 92 87 38 34 5 4 57 97 86 8 78 8 73 73 25 51 62 26 76 61 95 21 53 38 62 24 21 77 42 32 75 38 61 48 32 64 53 44 41 24 40 76 18
90 96 14 60 3 87 52 60 8 47 58 31 87 29 17 62 9 48 33 11 64 2 77 6 90 73 80 77 80 79 9 98 10 81 54 88 24 6 63 61 45 23 40 76 44 84 81 34 56 12
87 81 71 71 11 90 56 51 83 22 31 99 42 55 86 39 98 70 86 40 52 34 8 23 72 35 79 77 56 69 11 40 5 90 11 62 44 87 36 20 51 12 13 72 44 71 22 7 30 72
91 48 9 17 54 19 77 83 82 33 24 45 21 96 67 11 73 22 77 66 34 70 82 57 38 52 67 34 31 14 1 15 46 33 55 39 67 64 72 36 62 65 44 19 98 55 37 96 52 50
60 43 58 51 77 46 20 20 46 17 58 63 28 58 4 84 90 37 96 69 72 96 35 92 83 25 69 82 23 53 26 21 1 59 53 40 98 50 64 14 97 49 53 8 38 55 45 88 4 52
44 12 71 59 49 5 49 34 43 54 61 73 48 80 95 28 67 0 61 29 61 54 68 29 30 43 99 78 86 10 41 28 45 23 59 45 58 9 82 6 99 19 5 8 13 2 16 15 2 26
97 49 25 18 47 48 57 85 44 84 27 52 43 52 70 6 29 37 16 25 28 61 42 69 6 16 89 30 31 3 11 99 8 94 32 64 38 30 85 36 24 21 74 69 81 56 58 54 84 84
37 80 81 79 71 93 32 4 80 91 12 15 99 26 83 17 30 40 49 44 81 38 87 22 53 12 62 26 11 61 50 94 48 84 87 59 3 0 23 66 35 78 37 9 84 16 43 53 4 6
92 74 76 34 96 55 39 90 96 84 14 47 92 58 3 42 58 6 58 4 86 85 36 82 44 26 14 89 36 97 9 27 98 25 54 22 36 83 14 45 25 82 41 86 70 45 59 55 17 40
35 40 45 88 69 6 58 6 69 10 16 89 7 69 0 56 75 36 81 15 3 68 42 18 43 73 98 29 43 75 74 66 9 23 3 29 49 9 17 47 21 56 53 59 11 41 16 76 80 69
98 9 30 18 23 43 4 36 70 5 64 78 83 90 60 6 16 40 22 75 60 31 59 65 26 61 51 3 86 74 71 43 61 41 6 26 0 61 45 58 62 11 86 84 2 25 48 5 82 79
43 97 77 12 52 9 11 56 59 37 51 80 36 73 69 17 56 98 3 52 58 36 49 4 57 54 50 53 0 22 44 46 76 11 90 72 92 32 22 81 4 62 75 39 46 17 66 50 20 37
47 23 88 45 68 96 37 55 66 76 19 20 3 7 58 38 29 57 68 39 72 20 12 52 51 94 68 39 62 32 35 77 11 46 13 52 3 45 54 23 78 56 63 64 89 53 83 49 13 41
21 58 49 50 73 26 44 49 17 25 71 63 76 96 72 94 69 6 5 23 70 58 19 89 80 53 46 73 40 50 56 47 13 13 11 99 53 54 73 2 73 98 37 26 62 5 94 30 80 14
92 99 45 68 17 97 4 65 10 26 33 52 92 91 53 40 0 41 54 55 17 44 29 43 76 58 53 81 94 45 88 11 58 86 40 68 45 72 45 27 38 37 4 75 70 8 32 74 79 40
35 21 60 51 59 99 92 79 48 6 78 47 5 60 88 86 92 39 28 97 97 90 69 43 65 44 94 97 65 88 92 4 24 25 5 44 97 56 62 19 21 7 15 83 77 93 42 25 70 51
67 5 87 67 9 18 73 59 24 27 15 81 25 31 85 5 71 57 13 63 96 54 69 45 74 74 90 69 92 83 16 17 8 23 42 43 67 39 41 1 54 16 44 46 99 5 62 20 95 86
98 65 72 47 47 63 0 12 65 90 13 51 77 88 40 77 52 78 3 74 42 44 37 76 71 70 28 8 45 14 87 72 96 92 59 3 48 10 33 40 81 21 69 23 88 35 22 77 33 47
43 39 10 65 27 87 26 34 91 26 51 79 83 32 15 24 73 91 95 59 88 32 56 3 37 19 98 13 26 47 96 17 32 58 38 87 29 96 64 3 39 70 20 17 94 67 95 62 47 4
72 59 28 99 0 41 66 69 23 34 20 4 88 56 58 87 95 20 0 34 8 38 19 4 89 34 62 57 24 69 68 64 22 86 84 38 46 55 37 55 78 61 3 12 89 28 56 66 50 77
7 0 15 55 9 10 4 18 31 42 5 36 62 56 43 94 45 11 66 80 67 81 16 44 9 68 18 29 15 67 97 41 41 16 93 56 59 85 3 22 68 71 86 92 35 52 14 74 0 1
38 86 89 43 47 81 13 61 75 43 15 84 80 89 73 29 2 95 61 57 84 96 57 62 12 60 77 31 8 44 72 0 54 43 38 76 65 30 15 95 85 64 20 75 29 56 63 13 56 94
96 58 2 80 92 70 93 98 29 39 40 3 28 55 98 73 67 69 71 19 0 33 15 47 89 6 96 28 24 33 66 88 63 62 34 16 55 98 60 40 38 38 45 59 28 21 50 41 8 42
7 36 18 26 41 96 5 93 37 17 45 71 64 44 9 8 43 33 72 78 44 82 51 89 60 74 48 21 91 12 85 54 84 59 91 61 92 76 25 10 34 94 70 54 83 87 4 66 7 58
28 50 0 82 39 33 49 19 6 72 58 75 25 2 15 4 88 68 67 44 89 17 56 86 44 42 29 90 16 49 58 99 65 62 61 85 49 93 45 58 89 70 56 74 44 44 81 75 0 74
72 91 22 30 15 94 65 25 5 82 92 51 73 76 88 55 49 98 68 8 4 42 70 47 58 17 39 44 43 22 52 44 87 48 84 93 41 69 94 81 34 5 16 26 67 38 66 21 74 92
88 2 64 77 51 92 22 61 96 11 68 66 85 18 64 82 21 15 84 67 16 82 96 9 96 26 47 1 98 61 38 92 9 62 89 66 97 26 30 78 55 94 35 79 23 36 92 69 69 64
59 65 75 11 8 72 55 9 87 14 74 80 6 5 38 89 79 80 31 94 14 53 39 56 49 6 68 8 92 1 95 57 55 17 30 15 88 13 68 46 31 23 68 18 55 4 71 16 19 35
32 93 96 84 76 14 82 29 6 32 15 41 90 0 47 85 19 23 88 75 26 35 38 62 5 15 76 47 29 71 23 57 13 17 89 68 72 36 77 54 49 8 37 63 62 44 83 49 98 29
69 82 78 56 37 43 67 7 88 80 4 28 98 37 8 50 42 69 97 57 66 39 19 71 52 59 8 56 58 72 39 92 16 73 56 25 45 21 5 8 63 38 64 57 79 28 84 69 9 61
83 82 88 80 66 11 54 90 90 3 61 30 47 74 51 2 42 10 64 29 31 31 53 59 76 15 55 76 25 38 89 12 77 93 39 11 53 3 68 36 50 54 28 19 6 41 33 32 53 47
93 96 92 56 81 67 69 7 66 23 64 96 94 11 57 56 30 96 65 53 91 94 85 72 69 5 91 25 54 58 10 67 67 47 12 42 29 1 18 19 27 10 60 40 17 28 65 81 90 1
