29 46
0 0 1 2 2 3 4 5 6 6 7 7 8 8 9 9 10 10 11 11 12 12 13 13 14 15 15 16 16 17 17 18 18 19 19 20 21 22 22 23 23 24 24 25 26 26 27 27 28 29
30 30 1 31 31 3 4 32 32 33 33 34 35 35 36 36 37 37 38 38 39 39 40 40 14 41 42 42 43 44 44 45 45 46 46 20 47 47 48 49 50 51 51 25 52 53 54 54 28 55
56 56 57 58 58 59 60 61 62 63 64 65 65 66 67 67 68 68 69 70 71 71 72 73 73 74 75 76 43 77 77 78 78 79 80 80 81 81 48 49 50 82 83 83 52 84 85 86 86 55
87 88 57 89 89 59 60 61 62 63 90 90 91 92 93 94 94 95 69 70 96 97 98 99 100 74 75 101 102 102 103 104 104 79 105 106 107 107 108 108 109 82 110 111 111 84 85 112 112 113
87 88 114 114 115 116 117 117 118 118 119 119 91 92 93 120 120 95 121 122 96 97 98 99 100 123 123 101 124 125 103 126 127 128 105 129 129 130 131 131 109 132 110 133 134 134 135 136 137 113
138 139 140 141 142 116 143 144 145 146 146 147 147 148 148 149 150 151 151 122 152 153 154 155 156 156 157 157 124 125 158 126 127 128 159 160 160 161 162 163 163 132 164 133 165 166 166 136 167 167
138 139 140 168 142 169 143 144 170 170 171 171 172 172 173 173 150 174 175 175 152 153 154 155 176 177 177 178 178 179 180 181 182 183 159 184 185 161 186 186 187 187 188 188 165 189 189 190 190 191
192 192 193 168 194 169 195 196 197 198 199 199 200 201 201 202 202 174 203 204 204 205 205 206 176 207 208 208 209 179 180 181 182 183 210 210 185 211 211 212 213 213 214 214 215 215 216 217 218 191
219 219 220 221 221 222 222 196 197 198 223 224 200 225 225 226 226 227 227 228 228 229 230 230 231 231 232 232 209 233 234 234 235 236 237 238 238 239 240 212 241 242 242 243 244 245 245 217 246 246
247 247 220 248 249 249 250 251 252 253 254 224 255 255 256 257 258 259 259 260 260 261 262 262 263 264 264 265 265 233 266 266 235 236 237 267 267 239 268 269 241 270 271 243 244 272 272 273 274 275
276 277 278 248 279 279 250 251 252 253 254 280 281 281 256 257 258 282 282 283 283 261 284 284 263 285 285 286 286 287 287 288 289 290 290 291 292 292 268 269 293 270 271 294 294 295 295 273 274 275
276 277 296 296 297 297 298 299 300 300 301 302 302 303 303 304 304 305 305 306 307 308 309 309 310 311 312 313 313 314 314 288 289 315 316 291 317 318 319 320 320 321 322 323 324 324 325 326 326 327
328 329 330 331 332 332 298 299 333 334 301 335 336 337 338 339 340 341 341 306 307 308 342 343 310 311 344 344 345 346 346 347 347 315 316 348 317 318 319 349 349 321 322 350 350 351 325 352 352 353
354 329 330 331 355 355 356 357 333 334 358 335 336 337 338 339 340 359 359 360 361 362 342 343 363 364 364 365 366 367 367 368 369 369 370 371 372 373 374 375 375 376 377 377 378 351 379 379 380 353
354 381 381 382 382 383 356 384 384 385 358 386 386 387 388 388 389 390 391 391 361 362 392 392 363 393 393 394 366 395 395 368 396 397 370 371 372 373 398 399 400 376 401 401 402 402 403 403 380 404
405 406 407 408 408 409 409 410 410 385 411 412 412 387 413 414 389 390 415 416 416 417 417 418 418 419 420 394 421 422 422 423 396 397 424 425 426 426 398 399 400 427 427 428 429 430 431 432 432 404
405 406 407 433 434 434 435 436 437 437 411 438 438 439 413 414 440 441 441 442 443 443 444 445 445 419 420 446 421 447 448 423 449 450 451 425 452 453 453 454 455 455 456 428 429 430 431 457 457 458
459 460 461 433 462 463 435 436 464 464 465 466 466 467 467 468 440 469 469 470 470 471 472 472 473 474 474 475 476 447 448 477 449 450 451 478 452 479 480 454 481 482 482 483 483 484 485 485 486 458
459 460 487 487 462 488 488 489 489 490 465 491 492 492 493 493 494 495 496 496 497 498 499 499 473 500 500 475 476 501 501 477 502 503 504 505 505 479 480 506 506 507 507 508 509 510 510 511 511 512
513 513 514 515 516 517 518 518 519 520 521 522 523 524 524 525 494 495 526 527 497 498 528 529 529 530 531 532 533 534 535 536 502 503 537 538 539 540 541 542 543 543 544 545 509 546 547 548 549 512
550 550 514 515 516 551 551 552 519 520 521 522 553 554 554 555 555 556 526 527 557 557 528 558 558 530 531 532 559 534 535 536 560 561 537 538 539 540 541 542 562 562 544 545 563 563 547 548 549 564
565 565 566 567 567 568 568 552 569 569 570 570 553 571 572 572 573 574 574 575 575 576 576 577 578 579 580 581 559 582 582 583 584 561 585 586 586 587 588 589 589 590 590 591 592 593 593 594 595 595
596 596 566 597 597 598 598 599 599 600 600 601 601 571 602 602 573 603 603 604 604 605 606 577 578 607 580 581 608 609 610 611 584 612 585 613 614 587 615 616 617 617 618 591 592 619 619 594 620 621
622 622 623 624 625 625 626 626 627 627 628 628 629 629 630 631 632 633 633 634 635 605 606 636 637 607 638 638 639 609 610 611 640 612 641 613 614 642 615 616 643 643 644 644 645 645 646 647 620 621
648 649 650 624 651 651 652 652 653 654 654 655 656 657 657 631 632 658 659 634 635 660 660 636 637 661 661 662 639 663 663 664 664 665 641 666 667 667 668 669 670 670 671 671 672 672 646 673 673 674
648 649 650 675 675 676 677 677 653 678 679 655 656 680 680 681 682 658 659 683 683 684 685 686 686 687 687 662 688 689 689 690 690 691 691 666 692 693 694 669 695 696 697 697 698 698 699 700 700 674
701 701 702 703 704 676 705 706 707 678 708 709 710 711 711 681 712 712 713 714 715 684 685 716 717 718 718 719 688 720 721 722 722 723 724 724 692 693 694 725 725 696 726 727 728 728 699 729 730 730
731 732 702 703 704 733 733 706 707 734 708 709 735 736 737 738 739 739 713 714 715 740 740 716 741 741 742 743 744 720 721 745 746 747 747 748 748 749 749 750 750 751 751 727 752 753 754 754 755 755
731 756 756 757 758 758 759 760 760 761 761 762 735 736 737 738 763 764 764 765 766 766 767 768 769 769 742 743 744 770 771 745 746 772 773 774 774 775 776 777 778 778 779 779 752 753 780 780 781 781
782 782 783 757 784 784 785 785 786 786 787 787 788 789 790 791 763 792 792 765 793 793 794 768 795 795 796 796 797 770 798 798 799 772 773 800 800 775 801 777 802 803 803 804 805 806 806 807 808 808
809 810 783 811 811 812 812 813 814 814 815 816 788 789 790 791 817 818 818 819 820 821 794 822 823 823 824 825 797 826 826 827 827 828 829 830 830 831 801 832 802 833 833 804 805 834 834 835 836 836
809 810 837 837 838 838 839 813 840 840 815 816 841 841 842 842 817 843 843 819 820 844 844 822 845 845 824 825 846 847 848 849 850 850 829 851 851 852 853 854 854 855 855 856 856 857 858 835 859 859
860 861 862 863 864 864 865 866 867 867 868 869 869 870 870 871 872 872 873 873 874 875 876 877 877 878 878 879 879 847 848 880 881 882 882 883 884 852 853 885 885 886 887 888 888 889 858 890 891 891
860 861 862 863 892 892 865 893 893 894 868 895 896 896 897 898 898 899 899 900 900 875 901 902 903 904 905 905 906 906 907 880 908 909 909 883 884 910 911 912 913 886 914 914 915 889 916 917 918 918
919 920 920 921 922 923 924 925 926 894 927 895 928 928 929 929 930 930 931 931 932 932 901 902 903 933 934 935 936 936 937 938 908 939 939 940 940 910 911 912 913 941 941 942 915 943 943 917 944 945
946 946 947 921 922 948 924 925 926 949 950 950 951 951 952 952 953 953 954 955 956 956 957 957 958 933 934 959 960 960 937 938 961 962 962 963 964 965 966 967 968 969 970 970 971 971 972 973 944 945
974 974 947 975 975 948 976 977 977 949 978 979 979 980 981 982 983 984 954 985 985 986 987 987 958 988 988 959 989 990 990 991 961 992 993 994 964 965 966 967 968 969 995 996 996 997 997 973 998 998
999 1000 1000 1001 1002 1003 1003 1004 1004 1005 978 1006 1007 980 981 982 983 984 1008 1009 1009 1010 1010 1011 1011 1012 1013 1014 1014 1015 1015 991 1016 992 993 994 1017 1018 1018 1019 1020 1020 995 1021 1022 1022 1023 1024 1024 1025
1026 1027 1028 1001 1002 1029 1029 1030 1031 1031 1032 1032 1007 1033 1033 1034 1035 1036 1036 1037 1037 1038 1039 1040 1040 1012 1041 1041 1042 1043 1044 1044 1045 1045 1046 1046 1017 1047 1048 1019 1049 1050 1051 1021 1052 1052 1023 1053 1054 1025
1026 1027 1055 1056 1057 1057 1058 1030 1059 1060 1060 1061 1062 1063 1063 1034 1064 1065 1065 1066 1067 1067 1039 1068 1069 1069 1070 1071 1042 1043 1072 1072 1073 1073 1074 1074 1075 1075 1048 1076 1076 1050 1051 1077 1077 1078 1079 1053 1054 1080
1081 1082 1055 1056 1083 1084 1058 1085 1059 1086 1087 1088 1062 1089 1090 1090 1064 1091 1091 1092 1093 1094 1094 1095 1096 1097 1070 1071 1098 1098 1099 1099 1100 1101 1102 1103 1103 1104 1104 1105 1106 1107 1108 1108 1109 1110 1079 1111 1111 1080
1081 1112 1113 1113 1083 1084 1114 1115 1116 1086 1087 1088 1117 1118 1119 1120 1120 1121 1122 1092 1093 1123 1124 1095 1096 1097 1125 1126 1126 1127 1127 1128 1129 1101 1102 1130 1131 1132 1132 1105 1106 1133 1133 1134 1109 1110 1135 1136 1136 1137
1138 1112 1139 1139 1140 1141 1141 1115 1116 1142 1142 1143 1144 1118 1119 1145 1145 1121 1122 1146 1146 1123 1147 1147 1148 1148 1125 1149 1150 1151 1152 1128 1129 1153 1153 1130 1131 1154 1154 1155 1155 1156 1157 1134 1158 1158 1135 1159 1160 1160
1138 1161 1162 1162 1163 1163 1164 1165 1165 1166 1166 1143 1144 1167 1167 1168 1168 1169 1170 1170 1171 1171 1172 1173 1173 1174 1174 1149 1150 1151 1152 1175 1175 1176 1177 1178 1178 1179 1180 1180 1181 1182 1157 1183 1183 1184 1185 1185 1186 1186
1187 1187 1188 1189 1190 1191 1192 1193 1193 1194 1195 1196 1197 1197 1198 1198 1199 1199 1200 1200 1201 1201 1172 1202 1202 1203 1204 1205 1206 1207 1208 1208 1209 1176 1177 1210 1210 1211 1212 1212 1213 1182 1214 1214 1215 1184 1216 1217 1218 1218
1219 1219 1188 1189 1190 1191 1192 1220 1220 1194 1195 1196 1221 1222 1222 1223 1224 1224 1225 1226 1226 1227 1228 1228 1229 1230 1204 1205 1206 1207 1231 1232 1232 1233 1234 1235 1235 1211 1236 1236 1213 1237 1237 1238 1238 1239 1216 1217 1240 1240
1241 1241 1242 1242 1243 1244 1244 1245 1245 1246 1247 1247 1248 1249 1249 1223 1250 1250 1251 1251 1252 1253 1253 1254 1229 1230 1255 1256 1257 1257 1231 1258 1259 1233 1260 1261 1261 1262 1263 1263 1264 1264 1265 1265 1266 1239 1267 1267 1268 1269
1270 1270 1271 1272 1273 1274 1275 1276 1277 1277 1278 1278 1248 1279 1280 1280 1281 1281 1282 1283 1284 1285 1286 1254 1287 1287 1255 1256 1288 1289 1289 1258 1259 1290 1260 1291 1292 1262 1293 1293 1294 1295 1295 1296 1297 1298 1299 1300 1268 1301
1302 1303 1271 1272 1273 1274 1304 1276 1305 1306 1307 1308 1309 1279 1310 1311 1312 1312 1282 1283 1284 1285 1286 1313 1314 1314 1315 1315 1288 1316 1316 1317 1317 1318 1319 1320 1292 1321 1321 1322 1323 1324 1325 1296 1297 1326 1299 1300 1327 1301
1302 1303 1328 1328 1329 1329 1304 1330 1305 1306 1307 1308 1309 1331 1310 1332 1332 1333 1333 1334 1335 1335 1336 1336 1337 1337 1338 1339 1339 1340 1340 1341 1341 1318 1319 1320 1342 1342 1343 1343 1323 1324 1325 1344 1344 1326 1345 1345 1327 1346
6 16 96 52 80 38 71 71 39 92 31 43 91 47 76 50 1 55 17 99 98 41 41 82 64 0 1 39 50 3 47 34 25 35 80 34 3 12 80 27 64 10 73 78 13 46 14 69 12 1
78 72 57 72 20 27 98 4 26 64 13 73 74 22 52 78 87 41 21 66 92 80 80 12 32 57 88 79 81 20 26 24 39 24 20 54 1 96 36 87 77 71 10 99 2 91 85 52 56 84
48 78 26 34 16 42 27 39 67 66 19 5 36 32 18 14 99 50 68 10 15 17 80 93 97 29 2 75 53 65 92 95 61 45 0 83 25 54 84 65 20 32 48 25 71 69 13 64 52 66
68 14 13 1 24 16 61 84 84 14 37 52 93 22 40 48 24 97 87 16 30 96 78 89 5 5 73 66 16 5 99 65 21 22 45 69 69 20 3 61 10 2 68 37 68 7 25 87 28 86
53 30 89 28 78 71 39 69 68 28 86 78 63 75 9 0 44 4 79 9 63 5 42 72 87 24 54 4 31 2 8 54 73 62 75 96 98 39 14 24 30 43 7 77 96 48 1 34 46 60
35 63 89 58 16 78 1 22 1 64 4 93 75 23 2 55 59 72 46 86 94 98 30 9 93 14 27 27 50 79 51 18 4 55 90 19 17 89 87 59 16 27 1 77 80 78 89 81 27 15
7 18 70 38 51 48 39 28 25 96 93 95 76 66 33 73 44 8 2 27 81 78 6 51 1 2 48 32 0 42 29 36 61 81 93 14 10 75 24 84 77 1 47 57 92 42 49 72 67 51
84 8 67 26 91 7 64 31 55 90 93 27 38 91 78 40 95 32 56 37 0 50 51 58 94 36 7 48 58 15 9 41 13 65 4 89 69 41 58 58 52 76 75 5 47 17 83 50 40 29
65 10 67 51 77 78 24 26 31 56 4 70 30 24 70 29 95 68 54 94 54 60 80 63 71 15 87 92 28 10 56 83 58 45 31 68 7 57 65 84 3 82 5 61 66 99 88 42 69 38
28 55 19 0 44 30 76 15 76 95 75 27 98 63 19 9 8 65 1 95 59 68 53 99 92 24 88 77 30 35 24 41 8 24 0 17 53 16 92 40 99 54 17 11 49 99 62 25 88 11
56 16 37 14 59 63 49 60 7 47 89 2 90 33 11 34 34 91 42 91 63 95 74 82 74 29 1 45 60 33 31 36 87 98 18 35 27 38 39 14 52 72 66 67 44 6 59 7 63 67
15 83 94 98 3 91 65 57 75 45 10 49 64 21 83 79 87 24 17 61 13 0 57 31 88 15 33 31 49 89 84 27 75 18 3 97 68 99 2 84 5 69 85 86 42 1 64 64 10 12
94 54 40 9 85 32 26 47 4 37 38 62 99 19 98 51 25 52 10 49 87 17 59 48 30 28 20 13 54 33 36 72 61 50 51 40 93 62 46 73 97 33 79 68 40 54 89 2 16 65
16 64 42 30 54 65 3 84 51 96 64 35 63 2 46 56 94 57 37 8 52 57 15 7 7 68 38 14 98 41 89 38 96 83 47 93 45 92 80 59 59 89 55 66 79 95 88 70 54 8
59 66 38 22 66 7 53 35 68 55 27 53 76 85 85 4 88 79 94 10 58 80 91 17 23 28 0 59 39 15 54 85 14 66 99 97 73 9 57 22 22 21 80 25 84 99 9 29 50 66
33 47 29 3 18 36 36 0 22 84 72 75 63 12 85 23 78 2 23 94 52 85 33 7 51 38 14 36 8 35 81 47 95 85 18 37 86 64 68 52 77 18 19 61 57 14 37 75 66 63
81 85 47 70 18 59 80 72 63 35 27 49 65 16 26 47 68 34 41 87 69 91 25 44 28 95 90 66 61 42 16 87 65 75 26 1 31 72 89 98 80 28 42 53 33 95 84 62 96 31
97 39 7 44 66 53 20 64 61 85 30 65 88 4 60 91 97 26 91 4 62 31 64 62 79 85 13 53 46 35 53 2 82 48 14 34 0 97 83 23 83 4 17 27 32 59 54 88 68 10
99 82 76 62 12 74 55 35 60 0 31 26 87 15 7 15 38 3 20 14 87 90 26 29 93 82 37 78 25 34 78 69 75 43 21 57 4 68 37 38 61 43 95 87 72 79 17 38 59 93
42 35 20 96 52 95 6 88 82 43 40 75 4 7 18 64 72 23 32 5 30 45 93 79 48 40 10 76 69 14 70 71 37 52 90 42 66 60 86 73 98 80 32 31 4 28 34 71 80 43
31 1 25 81 71 69 36 81 20 8 1 56 42 12 42 54 67 6 44 24 87 74 83 66 37 4 88 84 92 96 72 98 6 9 58 49 83 62 56 3 8 71 90 37 22 27 85 84 40 23
87 26 46 77 75 58 22 47 58 34 3 85 23 0 10 5 52 64 87 46 81 1 40 84 51 69 7 60 89 37 92 74 7 43 21 91 78 68 58 25 78 94 69 20 59 50 7 9 68 12
22 9 91 85 2 42 73 46 91 49 21 68 88 90 85 3 36 86 23 52 45 54 1 30 18 99 11 82 39 93 24 21 55 42 15 9 88 45 3 13 34 24 58 83 97 28 78 10 21 63
28 71 86 70 3 1 46 37 21 34 54 14 18 83 99 82 99 94 69 67 57 29 37 27 52 7 77 0 45 57 59 61 17 14 75 1 97 63 78 28 24 39 28 49 74 84 76 14 1 75
65 80 38 78 96 61 49 46 44 90 1 65 8 61 67 85 39 18 40 15 1 34 74 17 68 51 58 64 89 3 48 53 87 50 0 98 31 55 2 58 47 24 17 40 77 58 46 73 87 18
77 29 82 80 53 58 79 99 4 46 35 57 62 12 57 5 53 68 30 13 29 13 55 12 27 19 61 10 61 64 20 8 53 62 82 15 39 11 67 1 89 18 93 36 70 94 93 18 78 60
66 91 83 39 67 76 73 16 19 20 85 49 72 61 51 70 54 28 92 84 50 81 64 32 51 90 76 27 50 7 94 95 65 95 28 60 31 38 49 24 41 98 78 97 29 72 39 45 29 71
99 74 57 11 92 80 52 12 32 9 19 11 64 3 52 65 97 97 51 75 44 33 86 28 59 55 3 17 27 41 48 56 73 5 54 85 12 65 8 61 43 4 69 36 0 13 50 97 70 95
39 18 1 93 99 51 28 22 49 9 42 32 19 25 83 56 43 76 45 67 2 19 86 43 1 21 55 43 77 48 66 69 40 38 58 8 72 11 40 73 28 89 51 41 75 11 25 42 98 54
98 7 88 81 15 78 56 29 75 47 58 2 45 52 76 68 31 58 54 79 91 82 31 98 90 83 59 46 83 50 98 76 24 4 38 41 17 60 27 9 85 13 23 90 91 67 5 92 1 2
4 5 77 10 69 28 21 41 83 2 23 56 75 68 40 79 53 20 87 63 50 85 48 36 3 15 98 65 41 79 14 12 65 68 67 20 90 40 52 39 93 55 44 9 97 93 40 96 49 36
46 54 57 17 33 55 18 32 37 17 81 93 56 75 97 73 82 4 71 96 42 87 48 4 51 90 99 62 57 10 10 84 55 13 73 93 91 71 3 63 3 62 64 64 64 97 72 56 12 58
60 11 29 87 77 13 30 81 58 33 34 85 75 27 68 0 42 54 14 97 10 2 62 25 86 66 79 29 72 73 94 68 70 38 80 57 13 48 27 8 88 39 75 26 77 26 27 1 64 14
16 55 99 51 42 53 6 91 54 10 22 23 26 98 33 77 62 5 5 3 22 43 76 92 42 35 19 29 64 61 43 50 77 8 81 72 84 99 21 5 44 82 40 85 58 47 87 59 91 92
32 91 44 92 40 14 30 26 86 38 71 34 30 94 96 36 39 6 28 67 72 85 76 88 60 27 76 74 86 65 58 30 49 24 66 26 45 59 35 48 67 65 41 52 60 65 5 76 19 89
99 62 90 21 61 34 64 89 70 38 40 28 21 96 37 57 23 13 91 23 14 20 62 44 36 89 79 17 59 76 62 45 94 81 41 99 60 98 6 57 91 46 32 1 97 46 14 56 59 26
93 33 54 71 10 1 84 36 27 39 15 21 88 11 49 98 87 56 4 87 5 55 14 53 89 57 1 34 56 20 98 59 21 15 80 74 52 89 93 41 75 36 9 56 91 34 31 21 71 27
11 57 16 24 41 47 30 72 86 79 9 49 26 13 21 32 71 10 11 17 32 88 50 6 89 1 70 20 95 94 85 73 54 46 50 38 16 77 45 24 51 20 74 18 56 85 95 18 40 69
18 50 65 77 90 34 24 25 12 82 64 52 65 84 18 5 81 42 31 73 47 59 31 6 80 2 68 85 52 41 8 36 32 34 22 59 82 95 1 9 50 0 62 67 84 56 64 86 97 65
77 85 31 48 43 40 86 94 21 88 16 68 45 26 11 7 0 37 43 41 73 29 25 33 14 14 81 10 74 32 79 96 66 16 76 24 40 20 0 4 58 65 91 27 2 49 55 36 78 38
32 22 28 84 34 78 72 58 86 38 35 44 39 93 21 32 33 97 85 39 7 49 99 3 80 64 72 58 22 33 13 15 58 19 91 88 95 73 58 28 7 22 58 27 56 75 99 33 15 91
49 45 89 11 57 35 21 94 27 31 78 3 94 38 51 74 35 18 25 14 35 88 80 13 79 73 46 69 32 29 51 5 82 24 3 96 93 73 41 45 55 74 14 38 11 58 92 42 14 47
99 74 36 97 3 48 18 6 13 50 91 58 71 48 92 51 99 26 68 1 82 55 26 8 39 31 69 46 89 16 86 6 54 60 17 95 0 84 93 42 38 0 36 56 55 30 56 3 62 42
27 91 29 38 28 76 79 22 86 61 35 99 24 72 90 78 81 97 0 39 10 20 56 62 69 35 78 75 32 34 48 22 98 55 48 15 62 47 19 94 15 5 11 39 37 54 17 47 77 22
23 20 98 65 13 95 72 47 30 29 90 13 6 24 88 55 79 72 87 33 61 26 51 26 31 71 68 51 73 49 83 8 34 99 34 62 32 84 93 8 41 34 51 22 90 35 50 32 80 60
91 68 40 69 75 85 7 56 9 26 31 88 9 61 13 69 90 35 9 5 39 41 49 76 23 23 83 11 44 63 96 15 56 23 41 38 19 92 75 47 45 69 98 51 7 24 72 94 26 29
92 13 28 15 22 56 30 55 55 16 2 12 98 90 85 17 90 51 51 70 63 99 83 12 36 13 52 67 86 49 16 23 7 67 67 73 88 29 64 21 84 20 38 98 79 63 96 5 31 24
68 10 85 9 34 7 95 6 83 16 82 99 54 47 77 4 4 51 4 38 71 14 62 61 41 49 52 53 68 23 31 86 9 14 65 6 24 92 47 53 67 76 10 16 12 17 76 81 76 16
93 77 74 76 5 64 83 39 67 41 86 23 74 35 18 21 73 42 61 37 63 35 39 68 20 56 35 60 96 26 67 5 34 55 78 4 58 68 88 19 73 99 96 5 56 51 19 74 22 66
70 40 72 68 15 28 48 1 27 72 45 79 35 91 72 88 81 17 91 31 45 23 17 61 47 36 30 55 20 4 43 10 55 99 8 57 5 4 79 64 54 70 45 63 72 47 28 72 3 36
