18 40
0 1 1 2 3 3 4 5 5 6 6 7 7 8 8 9 10 10 11 12 12 13 13 14 14 15 15 16 17 17 18 18 19 19 20 20 21 21 22 22 23 24 24 25 25 26 27 28 28 29
30 31 31 2 32 32 4 33 33 34 34 35 35 36 36 9 37 38 39 39 40 40 41 42 42 43 44 16 45 46 47 47 48 49 50 51 52 52 53 53 54 55 56 57 57 58 27 59 59 60
30 61 62 63 64 65 66 66 67 67 68 69 69 70 71 72 37 73 73 74 75 75 41 76 77 78 44 79 45 80 81 81 48 49 50 51 82 83 84 84 54 55 56 85 86 58 87 88 89 60
90 61 62 63 64 91 92 93 93 94 68 95 95 70 71 72 96 97 97 74 98 99 99 76 100 78 101 79 102 80 103 104 104 105 105 106 106 83 107 107 108 109 109 85 86 110 87 88 111 112
113 114 115 116 116 91 92 117 118 118 119 120 121 122 123 123 124 125 125 126 127 128 128 129 100 130 101 131 102 132 103 133 134 135 136 137 137 138 139 140 108 141 142 143 143 110 144 144 111 112
113 114 115 145 145 146 146 117 147 148 148 120 121 122 149 149 124 150 150 126 127 151 151 129 152 130 153 131 154 155 155 156 134 135 136 157 157 138 139 140 158 141 159 159 160 161 161 162 163 163
164 164 165 165 166 166 167 167 147 168 169 170 171 171 172 172 173 174 175 176 177 177 178 179 180 180 153 181 181 182 183 156 184 184 185 185 186 186 187 188 188 189 190 190 160 191 191 162 192 193
194 195 195 196 196 197 198 198 199 168 169 200 200 201 202 202 173 174 175 203 203 204 178 179 205 206 207 208 208 182 183 209 209 210 210 211 211 212 187 213 213 189 214 214 215 215 216 216 192 193
194 217 217 218 218 197 219 220 220 221 221 222 222 223 223 224 225 225 226 227 227 204 228 229 205 230 207 231 232 233 233 234 234 235 235 236 236 212 237 237 238 238 239 240 240 241 242 242 243 243
244 245 246 246 247 248 249 250 251 251 252 252 253 253 254 224 255 255 226 256 257 257 228 229 258 230 259 231 232 260 261 261 262 262 263 264 265 265 266 266 267 267 239 268 269 269 270 271 272 273
244 245 274 275 275 248 249 250 276 277 278 278 279 280 281 281 282 282 283 284 284 285 285 286 287 287 259 288 289 260 290 291 291 292 292 264 293 293 294 294 295 296 296 297 297 298 270 271 272 273
299 300 301 301 302 303 303 304 276 305 305 306 306 280 307 307 308 308 283 309 310 311 311 286 312 312 313 313 289 314 314 315 316 317 318 319 319 320 320 321 322 322 323 323 324 324 325 326 327 327
299 300 328 328 302 329 330 330 331 332 332 333 333 334 335 336 336 337 337 309 310 338 338 339 340 340 341 342 343 343 344 344 316 317 345 345 346 346 347 321 348 349 349 350 351 352 325 326 353 354
355 355 356 357 357 329 358 358 359 360 361 362 363 334 335 364 364 365 366 366 367 368 369 369 370 371 372 342 373 373 374 375 375 376 377 378 379 380 380 381 348 382 383 384 351 352 385 386 386 354
387 387 388 388 389 390 391 392 359 360 361 362 363 393 393 394 395 395 396 397 397 368 398 398 370 399 372 400 400 401 374 402 402 376 403 378 379 404 404 405 406 382 383 384 407 408 409 410 411 411
412 413 413 414 414 390 391 392 415 416 417 418 419 419 420 420 421 421 422 422 423 423 424 425 425 399 426 426 427 401 428 428 429 430 403 431 432 432 433 405 434 435 435 436 407 408 409 437 438 439
412 440 440 441 442 442 443 443 415 416 417 444 444 445 446 447 448 448 449 450 450 451 451 452 452 453 454 455 427 456 456 457 429 430 458 458 459 459 433 460 434 461 461 436 462 463 464 437 438 439
465 465 466 467 467 468 468 469 470 470 471 471 472 445 473 447 474 475 449 476 477 477 478 478 479 480 454 481 482 482 483 457 484 484 485 486 487 488 488 489 490 491 492 492 462 463 464 493 494 495
496 496 497 498 499 499 500 501 502 502 503 504 504 505 473 506 474 507 507 476 508 508 509 510 510 480 511 481 512 513 514 515 515 516 516 486 517 518 518 489 490 491 519 519 520 520 521 493 494 495
522 522 497 498 523 523 524 501 525 525 526 526 527 527 528 529 530 531 531 532 532 533 534 534 535 536 537 538 512 513 514 539 539 540 541 542 517 543 544 545 546 546 547 548 548 549 521 550 551 552
553 554 555 555 556 557 524 558 559 560 560 561 562 563 528 529 564 564 565 565 566 567 568 569 535 536 537 570 571 571 572 573 573 540 541 542 574 543 544 545 575 576 547 577 578 579 579 580 551 552
553 581 582 583 584 557 585 558 559 586 587 561 562 563 588 589 589 590 591 592 566 567 593 569 594 594 595 570 596 596 597 598 598 599 599 600 574 601 601 602 575 576 603 577 578 604 605 580 606 607
608 581 582 583 584 609 585 610 611 586 612 613 614 615 615 616 616 617 591 592 618 618 593 619 620 621 595 622 623 624 597 625 626 626 627 628 629 629 630 602 631 631 603 632 632 604 605 633 606 607
608 634 635 635 636 636 637 610 611 638 612 613 614 639 640 641 641 617 642 643 644 644 645 619 620 646 647 622 623 624 648 649 650 650 627 628 651 651 652 652 653 653 654 654 655 656 656 633 657 658
659 660 660 661 661 662 663 663 664 664 665 666 666 639 667 667 668 668 642 643 669 670 645 671 671 646 647 672 673 673 648 649 674 675 675 676 676 677 678 678 679 680 680 681 655 682 682 683 657 658
659 684 684 685 685 662 686 687 687 688 665 689 689 690 691 691 692 692 693 693 669 670 694 694 695 695 696 697 698 699 700 701 702 702 703 703 704 677 705 706 679 707 707 708 709 709 710 711 712 713
714 714 715 715 716 717 718 718 719 688 720 721 721 690 722 723 723 724 725 726 726 727 728 728 729 730 696 697 698 699 700 701 731 732 732 733 704 734 734 706 735 736 736 708 737 738 710 711 712 713
739 739 740 740 716 741 742 742 719 743 744 744 745 745 746 747 748 749 725 750 750 727 751 751 752 730 753 754 755 755 756 756 757 758 759 759 760 760 761 762 763 763 764 764 737 738 765 766 767 768
769 770 771 771 772 741 773 773 774 743 775 775 776 776 746 747 748 749 777 778 779 780 781 781 752 782 782 754 783 783 784 784 757 758 785 785 786 786 761 762 787 788 788 789 789 790 765 766 767 768
769 770 791 792 772 793 793 794 774 795 796 797 798 798 799 800 800 801 777 778 779 802 802 803 804 804 805 806 807 807 808 809 809 810 810 811 812 812 813 813 787 814 814 815 815 816 817 818 818 819
820 820 821 792 822 823 824 794 825 795 796 826 826 827 827 828 828 801 829 829 830 830 831 832 832 833 834 806 835 836 808 837 838 838 839 811 840 840 841 842 842 843 844 844 845 816 817 846 847 819
848 849 821 850 822 851 824 852 853 854 854 855 856 856 857 857 858 859 859 860 861 861 831 862 862 833 834 863 835 864 864 837 865 866 867 867 868 868 841 869 870 843 871 871 845 872 872 846 847 873
874 849 875 850 876 851 877 878 853 879 879 855 880 880 881 881 858 882 882 883 884 884 885 885 886 887 887 863 888 888 889 890 865 891 892 892 893 893 894 894 870 895 896 896 897 898 898 899 899 873
874 900 875 901 876 902 902 878 903 904 905 906 907 908 909 910 911 911 912 883 913 913 914 915 886 916 917 917 918 918 889 890 919 891 920 920 921 922 923 924 925 895 926 927 927 928 928 929 930 930
931 900 932 932 933 934 934 935 903 904 905 906 907 936 909 937 937 938 939 939 940 940 914 941 941 916 942 943 944 944 945 945 919 946 947 947 948 922 923 949 925 950 926 951 952 952 953 929 954 955
931 956 957 958 933 959 959 935 960 960 961 961 962 936 963 963 964 938 965 965 966 966 967 968 968 969 942 943 970 971 971 972 972 973 974 975 948 976 976 949 977 950 978 951 979 980 981 981 954 982
983 956 957 958 984 984 985 986 987 988 989 989 990 990 991 991 964 992 992 993 994 995 967 996 996 969 997 997 970 998 998 999 1000 973 974 1001 1001 1002 1003 1004 1005 1006 1006 1007 979 1008 1008 1009 1009 982
983 1010 1011 1012 1013 1013 985 986 987 1014 1014 1015 1015 1016 1017 1017 1018 1019 1019 993 994 995 1020 1020 1021 1022 1022 1023 1024 1025 1025 999 1026 1027 1028 1028 1029 1002 1030 1004 1005 1031 1031 1007 1032 1033 1033 1034 1035 1036
1037 1010 1011 1012 1038 1039 1040 1041 1042 1043 1044 1045 1045 1016 1046 1047 1047 1048 1048 1049 1049 1050 1051 1051 1021 1052 1053 1023 1054 1055 1056 1056 1026 1057 1057 1058 1059 1060 1030 1061 1061 1062 1063 1063 1032 1064 1065 1066 1035 1036
1067 1068 1069 1070 1038 1039 1040 1041 1071 1043 1044 1072 1072 1073 1074 1074 1075 1076 1076 1077 1078 1079 1080 1081 1081 1052 1082 1082 1054 1055 1083 1083 1084 1084 1085 1085 1059 1086 1086 1087 1087 1062 1088 1089 1090 1064 1065 1066 1091 1092
1067 1068 1069 1070 1093 1094 1095 1096 1071 1097 1097 1098 1099 1100 1100 1101 1102 1102 1103 1103 1078 1079 1080 1104 1105 1106 1106 1107 1108 1109 1109 1110 1111 1112 1113 1113 1114 1114 1115 1115 1116 1116 1088 1089 1090 1117 1118 1118 1091 1092
1119 1120 1121 1122 1093 1094 1095 1123 1123 1124 1125 1125 1099 1126 1126 1127 1128 1129 1129 1130 1131 1131 1132 1104 1105 1133 1134 1134 1108 1135 1136 1110 1137 1112 1138 1138 1139 1139 1140 1141 1142 1143 1144 1144 1145 1117 1146 1147 1147 1148
1119 1120 1121 1122 1149 1150 1151 1152 1152 1124 1153 1153 1154 1154 1155 1127 1128 1156 1156 1157 1157 1158 1132 1159 1159 1133 1160 1161 1161 1135 1162 1162 1137 1163 1163 1164 1164 1165 1140 1141 1142 1143 1166 1166 1167 1168 1146 1169 1169 1148
1170 1171 1171 1172 1149 1150 1151 1173 1173 1174 1174 1175 1175 1176 1176 1177 1178 1178 1179 1179 1180 1181 1182 1183 1183 1184 1160 1185 1186 1187 1188 1189 1189 1190 1191 1191 1192 1165 1193 1194 1195 1196 1196 1197 1167 1198 1198 1199 1200 1201
1170 1202 1203 1172 1204 1205 1205 1206 1206 1207 1208 1209 1210 1211 1212 1212 1213 1214 1215 1215 1180 1181 1216 1217 1218 1219 1219 1185 1186 1187 1188 1220 1221 1190 1222 1223 1224 1224 1193 1194 1195 1225 1225 1197 1226 1227 1228 1199 1200 1201
1229 1230 1203 1231 1231 1232 1233 1233 1234 1207 1208 1209 1210 1211 1235 1235 1213 1236 1237 1237 1238 1238 1216 1217 1218 1239 1240 1240 1241 1241 1242 1242 1221 1243 1222 1223 1244 1245 1246 1247 1248 1248 1249 1249 1226 1227 1250 1250 1251 1251
1229 1230 1252 1253 1254 1255 1255 1256 1234 1257 1258 1259 1260 1261 1261 1262 1262 1236 1263 1263 1264 1264 1265 1265 1266 1266 1267 1268 1268 1269 1269 1270 1270 1271 1272 1273 1273 1245 1274 1247 1275 1275 1276 1276 1277 1278 1279 1279 1280 1280
1281 1282 1283 1253 1254 1284 1284 1256 1285 1257 1258 1259 1260 1286 1286 1287 1288 1288 1289 1290 1291 1292 1292 1293 1293 1294 1267 1295 1295 1296 1297 1298 1298 1271 1272 1299 1300 1301 1274 1302 1302 1303 1304 1304 1277 1305 1305 1306 1306 1307
1281 1282 1283 1308 1309 1310 1310 1311 1285 1312 1313 1314 1315 1316 1317 1287 1318 1318 1289 1290 1291 1319 1320 1321 1322 1323 1323 1324 1324 1296 1325 1325 1326 1327 1328 1299 1329 1301 1330 1331 1332 1303 1333 1334 1335 1335 1336 1336 1337 1307
1338 1338 1339 1308 1340 1340 1341 1342 1342 1312 1313 1314 1315 1316 1317 1343 1343 1344 1344 1345 1345 1319 1320 1321 1322 1346 1347 1347 1348 1348 1349 1350 1350 1327 1328 1351 1329 1352 1352 1331 1353 1353 1333 1334 1354 1354 1355 1355 1337 1356
91 52 16 18 84 37 15 62 94 44 65 17 26 2 60 67 66 65 36 82 1 79 87 90 19 28 14 55 42 15 59 17 76 8 69 82 88 59 57 37 77 58 7 5 12 64 10 39 12 78
23 68 73 40 74 29 3 43 52 68 74 85 7 89 90 67 16 41 30 13 82 27 19 82 30 24 62 82 92 97 6 97 48 26 9 22 72 49 81 69 0 38 9 51 32 93 54 91 76 86
21 20 81 98 9 53 23 3 1 67 43 59 61 18 4 45 94 78 89 40 24 6 92 5 29 62 38 85 34 82 16 96 99 15 15 33 22 57 20 32 77 84 41 36 87 78 58 82 37 58
28 37 62 81 57 38 82 24 76 2 32 2 2 31 33 62 39 14 75 39 17 76 14 34 6 36 93 81 74 19 97 33 77 12 87 30 7 18 95 39 64 12 34 13 53 91 79 18 81 26
48 97 6 21 68 38 41 58 54 64 89 65 25 33 13 59 74 30 56 52 85 62 93 73 62 98 11 24 74 72 73 19 90 43 45 36 18 46 26 19 11 21 38 29 5 31 71 58 52 18
95 77 54 43 57 31 5 49 32 26 68 31 6 21 71 16 59 76 53 41 2 72 47 3 80 51 48 85 62 31 80 79 83 61 17 16 20 42 19 28 31 71 88 15 51 73 69 10 47 7
60 73 91 67 2 48 39 93 26 15 38 80 66 93 24 46 96 31 49 62 19 31 83 12 61 99 32 15 78 41 44 15 21 3 44 61 98 14 66 74 40 5 58 15 68 39 11 16 60 59
70 47 18 94 98 91 79 99 65 68 93 60 98 3 31 21 8 19 97 32 49 68 50 17 0 4 83 22 75 15 26 85 40 97 78 69 10 44 13 67 73 59 76 24 12 90 10 91 37 93
22 29 79 50 15 24 51 97 65 80 24 85 44 62 23 13 15 28 89 88 83 33 66 89 24 75 33 71 74 51 75 72 54 11 9 90 34 13 22 0 30 77 7 15 67 54 16 51 43 61
50 54 79 62 46 1 60 48 75 43 65 85 10 18 44 55 36 52 95 18 72 46 43 24 91 95 65 67 86 61 91 40 37 91 6 67 43 71 18 27 36 4 8 97 1 66 74 64 91 52
81 98 90 8 36 14 24 71 21 98 81 97 55 94 87 83 20 88 87 42 85 2 39 76 77 92 38 20 39 79 49 99 68 73 35 35 40 12 93 28 95 51 84 2 98 37 3 15 93 96
4 40 2 71 51 50 10 50 71 18 25 43 77 12 98 30 10 34 28 91 80 85 5 5 37 60 46 17 94 0 24 88 22 20 2 36 3 95 72 18 42 92 67 62 72 82 77 84 4 45
67 59 14 34 90 6 81 39 61 63 19 74 95 97 6 70 72 36 8 20 12 61 79 90 59 11 38 58 20 27 23 34 83 58 38 14 92 96 31 7 1 42 68 99 87 38 90 60 79 57
22 30 78 47 83 16 66 28 45 30 41 4 52 98 43 33 3 93 95 96 56 11 84 54 32 55 38 99 67 20 53 19 10 90 84 93 54 75 61 96 65 94 9 92 67 24 14 97 42 5
76 55 37 19 43 74 86 98 40 24 61 61 32 37 30 36 47 28 13 55 20 67 96 83 88 39 67 95 56 33 34 83 96 74 43 39 89 65 12 30 60 3 72 78 92 15 79 34 93 95
63 12 95 59 42 97 65 67 32 19 51 44 26 90 83 49 8 51 51 24 4 71 27 83 25 23 62 57 28 24 86 18 8 15 51 64 96 80 14 23 4 57 31 39 8 20 89 25 83 17
87 98 36 5 44 61 25 80 91 85 71 42 67 35 49 55 43 12 87 14 65 43 51 74 84 76 70 35 17 56 39 28 92 67 19 64 78 51 21 62 41 40 3 39 50 10 89 16 41 18
10 58 30 93 99 59 66 21 23 32 64 9 40 50 96 14 99 28 7 97 37 96 75 20 18 84 58 31 62 1 54 76 65 64 71 41 94 18 77 80 19 53 79 84 98 62 19 64 21 8
21 55 11 5 44 66 94 27 60 85 66 28 44 48 64 52 44 43 0 20 86 78 27 27 43 44 43 34 18 73 46 7 8 97 71 78 53 79 69 17 96 88 35 20 58 33 11 13 51 75
26 32 34 12 27 62 37 2 85 73 2 69 84 90 14 94 39 22 90 69 4 79 53 79 65 55 42 31 8 3 82 63 52 13 21 85 36 38 31 90 79 4 75 10 74 79 96 15 92 88
64 47 42 8 71 29 30 4 54 40 16 22 30 5 62 29 89 36 4 15 34 44 78 96 67 95 14 35 60 90 24 17 91 23 86 57 71 90 59 46 78 55 76 17 22 18 86 78 44 60
56 20 38 89 53 11 85 90 80 61 98 62 42 19 75 88 60 94 23 78 57 33 1 87 59 33 82 15 99 96 42 65 98 1 48 83 28 35 81 69 93 49 23 91 54 54 17 48 17 46
87 74 56 71 36 28 2 77 62 69 47 27 53 37 47 56 70 34 94 94 76 53 46 34 39 96 83 99 9 63 11 46 88 93 3 43 79 62 98 4 84 46 21 83 44 25 42 57 90 38
37 96 28 35 0 35 33 14 78 18 47 55 38 61 91 51 35 10 37 84 7 65 93 7 20 48 70 68 12 84 96 77 10 96 29 50 47 40 84 47 68 41 27 21 48 17 28 20 91 92
17 58 23 25 66 47 59 53 66 84 79 15 70 9 71 51 60 27 94 41 10 39 73 7 66 13 94 77 99 70 54 36 10 32 50 35 83 17 41 6 43 12 10 42 91 52 57 98 54 49
40 84 44 81 23 61 99 98 1 83 18 80 44 9 26 1 64 98 27 54 0 65 36 76 92 31 41 69 46 0 15 86 40 71 89 3 1 74 21 4 75 32 84 81 33 34 93 64 97 83
97 49 20 56 10 35 30 18 54 95 11 44 74 9 73 85 29 84 75 33 74 62 28 53 53 82 68 76 94 41 59 39 49 56 55 37 46 4 51 12 85 31 75 51 15 82 99 19 45 17
85 38 33 81 78 45 25 97 19 71 88 0 84 91 31 99 32 76 91 21 19 11 10 37 50 20 91 2 23 56 95 17 79 59 0 72 81 55 19 67 22 35 48 89 58 75 83 85 98 36
59 27 76 2 69 43 73 84 31 35 59 86 85 39 95 36 12 21 3 97 34 69 22 98 96 86 75 27 54 0 98 85 25 84 89 24 25 96 39 67 42 26 35 82 27 4 32 94 65 63
37 37 35 39 86 16 49 8 62 71 51 83 4 26 66 5 57 21 96 94 59 57 28 53 74 94 58 35 71 79 63 81 39 3 63 4 83 8 64 53 21 83 67 32 10 77 99 50 43 13
95 42 41 91 44 73 14 2 4 25 8 95 82 40 59 59 19 97 4 57 38 17 19 0 47 56 11 40 99 60 97 69 84 66 54 66 71 14 61 15 44 90 83 49 42 96 86 84 88 97
15 52 28 90 39 25 91 96 5 99 73 60 93 39 10 15 75 27 19 29 22 24 62 84 84 4 30 90 99 80 0 15 11 22 45 92 60 94 53 97 86 94 69 32 70 6 76 41 63 92
71 1 56 33 50 69 48 21 82 29 72 58 43 73 17 66 81 38 16 53 17 28 98 56 9 40 85 14 34 96 79 67 79 19 30 26 35 90 6 51 94 84 73 27 0 34 3 35 59 44
19 11 41 10 18 12 98 24 28 89 84 92 7 46 74 22 40 46 28 0 11 79 65 95 5 65 36 91 71 47 42 39 29 38 48 68 32 46 18 92 84 40 37 29 38 32 92 10 53 39
55 72 60 71 10 68 53 87 69 27 6 32 79 13 17 78 94 64 8 74 14 95 72 47 90 57 3 50 30 49 43 95 36 41 71 66 8 20 72 7 9 10 15 42 31 95 17 58 27 88
68 17 41 65 66 37 62 23 40 33 12 13 75 21 26 14 51 64 21 78 11 63 69 30 91 76 82 57 72 25 65 13 25 56 61 91 88 8 69 17 51 37 70 99 12 93 53 92 52 52
41 88 17 73 81 71 78 84 9 84 11 79 86 70 37 72 0 93 58 74 14 26 11 73 26 67 48 65 3 36 40 17 28 77 22 13 90 48 51 1 63 78 16 67 59 92 43 7 83 35
98 63 1 35 11 22 42 86 36 55 10 83 52 82 48 88 94 78 71 1 59 49 53 48 57 0 70 97 73 41 3 52 76 17 18 0 44 5 54 90 76 11 80 4 86 11 4 67 89 88
56 55 79 64 60 81 82 70 2 14 28 39 77 75 97 93 54 67 1 1 24 77 26 75 92 66 59 5 95 97 14 34 6 71 21 97 16 8 38 48 49 99 4 65 23 68 43 37 37 63
69 18 95 48 12 20 32 8 83 66 32 90 43 42 10 21 78 55 64 41 54 18 13 59 37 27 3 65 64 92 97 98 21 59 55 61 63 66 65 30 91 56 25 27 29 73 5 73 74 35
6 22 56 44 4 73 61 63 9 9 50 67 85 22 91 24 85 74 23 72 71 42 50 50 60 75 24 88 99 76 85 13 81 95 7 43 53 60 85 78 37 8 67 9 44 56 33 9 24 49
55 0 13 94 91 84 6 52 18 27 9 91 90 53 92 80 73 74 95 35 79 83 41 66 50 73 60 11 24 64 41 64 82 61 46 92 12 99 69 34 85 8 43 29 87 45 41 58 80 28
12 44 40 81 59 64 83 76 69 55 89 22 26 10 25 47 78 82 92 59 40 52 86 86 80 71 46 99 35 7 55 98 61 95 53 21 74 99 81 79 78 63 31 90 56 6 87 73 87 53
18 17 82 23 64 30 44 45 53 68 21 86 74 63 53 2 98 51 88 80 0 0 32 44 82 87 74 56 12 19 32 73 64 52 17 23 43 78 68 88 75 83 71 18 40 97 6 43 19 51
58 95 95 95 97 41 78 48 26 86 44 37 42 75 76 42 14 51 52 20 8 65 3 39 87 5 9 25 26 94 28 60 40 66 46 11 53 17 88 77 0 86 45 42 62 66 90 40 73 11
50 77 14 74 68 33 53 93 33 33 64 2 5 40 53 10 46 39 38 72 63 62 75 95 21 4 80 53 10 89 6 67 78 0 16 34 41 43 25 85 9 65 54 12 42 33 45 15 20 67
68 14 94 62 45 3 47 14 58 41 8 37 88 97 34 54 75 13 83 46 2 93 90 16 84 50 63 81 70 36 75 7 54 40 93 3 65 82 79 81 75 93 96 94 1 25 64 29 93 81
69 50 18 83 96 99 6 84 64 72 43 36 43 88 26 84 43 96 40 12 10 95 10 93 72 54 6 87 54 68 10 33 28 88 30 67 25 27 87 88 8 89 17 21 31 10 49 0 74 58
60 15 31 70 81 23 52 79 3 82 2 95 59 36 38 25 62 92 22 89 81 5 75 41 68 84 55 85 36 63 77 4 13 77 95 7 34 41 3 28 76 3 75 42 96 98 36 60 69 22
97 97 55 79 42 49 16 44 81 23 42 19 92 32 38 68 42 57 90 53 94 84 27 76 85 23 89 20 79 85 79 95 31 43 87 13 66 96 2 51 77 17 78 99 21 11 13 19 32 71
