26 29
0 1 2 3 4 5 6 7 7 8 9 10 11 12 13 13 14 14 15 16 17 17 18 19 19 20 21 21 22 22 23 23 24 24 25 26 27 27 28 28 29 29 30 30 31 31 32 33 33 34
0 1 2 3 4 5 35 35 36 8 9 10 11 12 37 37 38 38 15 16 39 39 40 40 41 20 42 43 44 45 46 47 48 48 25 26 49 49 50 50 51 51 52 52 53 53 54 54 55 55
56 57 57 58 59 59 60 60 36 61 61 62 62 63 63 64 65 66 67 67 68 69 69 70 71 71 42 43 72 45 46 73 74 75 76 76 77 77 78 78 79 80 80 81 81 82 83 83 84 85
56 86 87 87 88 89 90 90 91 91 92 93 94 95 95 64 65 66 96 96 97 97 98 70 99 99 100 100 72 101 101 73 74 75 102 102 103 103 104 104 79 105 105 106 107 107 108 108 84 85
109 86 110 110 88 89 111 111 112 113 92 93 94 114 114 115 115 116 117 117 118 118 98 119 120 121 121 122 122 123 123 124 124 125 126 126 127 127 128 129 129 130 131 132 132 133 133 134 135 135
109 136 137 138 139 140 141 141 142 113 143 143 144 144 145 145 146 116 147 147 148 149 150 119 120 151 152 153 154 154 155 155 156 125 157 158 159 160 128 161 162 130 131 163 163 164 164 165 166 167
168 168 137 138 139 140 169 170 142 171 171 172 172 173 173 174 146 175 175 176 176 149 177 178 178 151 152 153 179 180 181 182 156 183 184 158 159 160 185 161 162 186 186 187 187 188 189 165 166 167
190 190 191 192 192 193 169 170 194 195 195 196 196 197 198 199 199 200 201 202 203 204 177 205 206 207 207 208 179 180 181 182 209 210 184 211 212 212 185 213 213 214 214 215 216 216 189 217 217 218
219 219 220 220 221 221 222 223 224 225 225 226 227 228 198 229 230 200 201 202 203 231 231 205 206 232 233 233 234 235 235 236 236 210 237 238 238 239 240 240 241 241 242 243 244 244 245 245 246 218
247 248 248 249 249 250 222 251 224 252 252 226 227 228 253 229 230 254 254 255 255 256 256 257 257 258 259 260 261 261 262 263 263 264 237 265 266 239 267 268 269 269 242 243 270 270 271 272 272 273
274 275 275 276 277 278 279 251 280 281 282 282 283 283 253 284 285 286 287 287 288 288 289 289 290 258 259 291 292 293 262 294 294 295 296 265 297 298 267 268 299 300 300 301 301 302 302 303 304 304
274 305 305 276 277 278 306 307 308 281 309 310 311 312 312 284 285 313 313 314 314 315 315 316 316 317 318 291 319 293 320 320 321 295 322 322 297 323 323 324 299 325 325 326 326 327 328 303 329 329
330 331 332 332 333 333 306 307 308 334 335 310 336 336 337 338 339 340 340 341 341 342 342 343 343 317 344 344 319 345 345 346 321 347 348 349 349 350 351 324 352 352 353 353 354 354 328 355 356 357
358 331 359 360 360 361 361 362 362 334 335 363 363 364 337 338 339 365 366 366 367 368 369 370 370 371 372 373 374 375 376 376 377 347 348 378 379 350 351 380 380 381 381 382 382 383 384 385 356 357
358 386 359 387 387 388 388 389 390 391 391 392 392 364 393 393 394 365 395 396 396 368 369 397 398 371 372 399 374 400 400 401 377 402 403 378 404 404 405 405 406 406 407 408 408 409 384 385 410 410
411 386 412 412 413 414 414 415 390 416 416 417 417 418 419 420 394 421 395 422 423 424 424 397 398 425 425 399 426 427 427 401 428 428 403 429 429 430 430 431 432 433 433 434 435 409 436 437 438 438
411 439 439 440 413 441 441 415 442 443 443 444 444 418 419 420 445 421 446 447 423 448 449 450 451 452 453 453 426 454 455 456 456 457 458 458 459 460 461 431 432 462 462 434 463 463 436 437 464 465
466 466 467 468 468 469 470 470 442 471 472 473 473 474 474 475 476 476 446 447 477 477 449 450 451 452 478 479 479 454 455 480 480 457 481 481 459 460 461 482 483 484 485 486 486 487 487 488 489 465
490 490 467 491 492 492 493 494 495 471 472 496 496 497 497 475 498 499 499 500 501 501 502 502 503 504 478 505 505 506 506 507 508 509 509 510 511 512 512 482 513 484 485 514 514 515 515 488 489 516
517 517 518 518 519 519 493 494 495 520 521 522 522 523 524 524 525 525 526 527 528 528 529 530 530 504 531 532 532 533 533 507 508 534 535 536 511 537 538 538 513 539 540 540 541 542 543 544 544 545
546 546 547 547 548 548 549 550 551 552 521 553 554 523 555 555 556 557 526 527 558 558 559 559 560 560 561 562 563 563 564 565 565 534 535 536 566 537 567 568 568 539 569 569 541 542 570 571 572 545
573 574 574 575 576 577 549 550 551 552 578 553 554 579 579 580 556 557 581 582 583 584 584 585 586 587 561 588 589 589 564 590 591 591 592 593 566 594 594 595 596 596 597 598 599 599 570 571 572 600
573 601 601 575 576 602 603 604 605 606 578 607 607 608 609 609 610 610 581 582 583 611 612 612 586 587 613 588 614 615 616 616 617 617 592 593 618 618 619 595 620 620 597 598 621 621 622 623 623 624
625 625 626 626 627 602 603 604 605 606 628 628 629 608 630 631 632 632 633 634 634 611 635 635 636 637 637 638 614 639 639 640 641 642 643 644 644 645 645 646 646 647 648 648 649 649 622 650 651 624
652 653 653 654 655 656 657 657 658 659 659 660 629 661 630 631 662 663 633 664 664 665 666 666 636 667 668 668 669 669 670 640 641 642 643 671 671 672 672 673 673 647 674 675 676 677 677 650 678 679
680 681 681 654 655 656 682 683 683 684 684 660 685 686 686 687 687 663 688 688 689 665 690 690 691 667 692 693 694 694 670 695 695 696 697 697 698 699 700 700 701 701 674 675 676 702 702 703 678 679
680 704 705 706 707 708 709 710 710 711 712 712 685 713 714 714 715 716 717 717 689 718 719 719 720 721 721 693 722 723 723 724 724 696 725 726 698 699 727 728 729 729 730 731 731 732 732 733 734 734
735 704 705 706 736 708 709 737 738 739 740 741 742 742 743 744 715 716 745 746 747 718 748 749 720 750 751 751 722 752 753 753 754 754 725 755 756 757 727 728 758 759 760 760 761 761 762 733 763 763
735 764 765 766 736 767 768 769 738 739 740 741 770 771 743 744 772 772 745 746 773 773 748 749 774 750 775 776 777 778 778 779 780 780 781 755 782 757 783 784 784 759 785 786 786 787 787 788 789 789
790 764 765 791 792 792 768 769 793 793 794 795 796 771 797 798 798 799 800 801 801 802 802 803 803 804 804 776 777 805 805 779 806 807 781 808 782 809 809 810 811 811 785 812 813 813 814 788 815 815
790 816 817 791 818 819 819 820 821 821 794 822 796 823 797 824 824 799 800 825 826 827 827 828 828 829 830 830 831 831 832 833 833 807 834 808 835 835 836 836 837 838 838 812 839 840 841 842 842 843
844 816 817 845 846 846 847 820 848 849 849 822 850 851 851 852 853 854 854 825 826 855 855 856 856 829 857 857 858 859 859 860 861 862 834 863 863 864 865 865 837 866 867 868 839 840 841 869 870 871
844 872 873 873 874 874 847 875 848 876 877 878 850 879 880 852 881 881 882 882 883 883 884 884 885 886 887 888 858 889 889 890 861 862 891 892 893 864 894 895 895 896 867 868 897 897 898 899 870 871
900 872 901 901 902 902 903 903 904 905 877 878 906 906 880 907 908 908 909 910 911 911 912 913 885 886 887 914 914 915 915 890 916 917 891 892 893 918 894 919 920 896 921 922 923 924 898 899 925 926
900 927 927 928 929 930 931 931 904 905 932 932 933 934 934 935 935 936 909 910 937 937 912 938 939 940 941 942 942 943 944 945 916 917 946 946 947 918 948 919 920 949 950 922 923 924 951 951 925 926
952 952 953 928 929 930 954 955 956 956 957 958 933 959 959 960 960 936 961 961 962 963 963 938 939 940 941 964 964 943 944 965 966 967 967 968 969 969 948 970 970 949 950 971 972 973 974 974 975 976
977 978 978 979 979 980 980 955 981 982 982 958 983 984 984 985 986 987 988 989 962 990 991 992 992 993 993 994 994 995 995 965 966 996 996 968 997 998 999 1000 1001 1002 1002 971 972 973 1003 1003 1004 976
977 1005 1005 1006 1007 1008 1008 1009 981 1010 1010 1011 1012 1012 1013 985 986 987 988 989 1014 1014 991 1015 1016 1016 1017 1018 1018 1019 1020 1020 1021 1022 1023 1024 997 998 999 1000 1025 1025 1026 1027 1028 1029 1029 1030 1004 1031
1032 1033 1033 1006 1034 1034 1035 1009 1036 1037 1038 1039 1039 1040 1041 1042 1042 1043 1043 1044 1045 1046 1046 1047 1047 1048 1048 1049 1050 1019 1051 1051 1021 1022 1052 1024 1053 1053 1054 1054 1055 1056 1026 1027 1057 1057 1058 1059 1059 1060
1032 1061 1061 1062 1063 1064 1035 1065 1036 1037 1066 1066 1067 1067 1041 1068 1068 1069 1070 1070 1045 1071 1071 1072 1073 1074 1074 1049 1075 1076 1077 1077 1078 1079 1052 1080 1081 1081 1082 1082 1055 1083 1083 1084 1085 1085 1058 1086 1087 1060
1088 1088 1089 1062 1063 1064 1090 1065 1091 1092 1093 1094 1094 1095 1096 1097 1098 1069 1099 1099 1100 1100 1101 1072 1073 1102 1103 1103 1075 1076 1104 1105 1078 1079 1106 1107 1108 1108 1109 1110 1111 1111 1112 1084 1113 1114 1114 1086 1087 1115
1116 1116 1089 1117 1117 1118 1119 1120 1091 1121 1093 1122 1123 1095 1096 1097 1098 1124 1124 1125 1125 1126 1126 1127 1127 1128 1129 1130 1131 1131 1132 1105 1133 1133 1106 1107 1134 1135 1109 1110 1136 1136 1112 1137 1137 1138 1138 1139 1140 1115
1141 1141 1142 1142 1143 1143 1119 1144 1145 1121 1146 1122 1123 1147 1148 1148 1149 1149 1150 1151 1151 1152 1153 1154 1154 1128 1129 1130 1155 1155 1132 1156 1156 1157 1158 1158 1134 1159 1159 1160 1160 1161 1162 1163 1164 1165 1166 1139 1167 1167
1168 1169 1169 1170 1171 1171 1172 1144 1173 1174 1175 1176 1177 1178 1178 1179 1180 1181 1182 1183 1183 1152 1153 1184 1184 1185 1186 1186 1187 1187 1188 1189 1190 1157 1191 1191 1192 1193 1194 1195 1195 1161 1162 1163 1164 1165 1166 1196 1197 1197
1198 1198 1199 1200 1201 1202 1172 1203 1173 1174 1175 1176 1177 1204 1205 1179 1180 1181 1182 1206 1206 1207 1207 1208 1209 1210 1211 1212 1213 1213 1188 1189 1214 1215 1216 1217 1192 1193 1218 1218 1219 1220 1221 1222 1223 1224 1224 1196 1225 1226
1227 1227 1228 1200 1201 1229 1230 1230 1231 1231 1232 1232 1233 1204 1234 1234 1235 1236 1237 1237 1238 1238 1239 1208 1209 1210 1211 1212 1240 1240 1241 1242 1214 1215 1216 1217 1243 1244 1244 1245 1245 1220 1221 1222 1246 1246 1247 1248 1249 1226
1250 1250 1228 1251 1251 1229 1252 1252 1253 1254 1255 1256 1256 1257 1257 1258 1235 1236 1259 1260 1260 1261 1239 1262 1263 1263 1264 1265 1265 1266 1241 1267 1268 1269 1270 1270 1243 1271 1272 1272 1273 1273 1274 1274 1275 1276 1247 1248 1249 1277
1278 1279 1279 1280 1280 1281 1281 1282 1283 1254 1284 1284 1285 1286 1287 1287 1288 1288 1259 1289 1289 1290 1290 1291 1292 1293 1264 1294 1294 1266 1295 1267 1268 1269 1296 1297 1297 1271 1298 1298 1299 1299 1300 1300 1275 1276 1301 1302 1303 1277
1278 1304 1304 1305 1305 1306 1307 1282 1283 1308 1309 1310 1285 1311 1311 1312 1312 1313 1314 1315 1316 1317 1318 1291 1292 1293 1319 1320 1321 1322 1295 1323 1323 1324 1296 1325 1326 1326 1327 1328 1329 1330 1330 1331 1332 1333 1301 1302 1334 1335
1336 1336 1337 1337 1338 1306 1307 1339 1339 1308 1309 1310 1340 1341 1341 1342 1342 1313 1314 1315 1316 1317 1343 1343 1344 1344 1319 1320 1321 1322 1345 1345 1346 1346 1347 1325 1348 1348 1327 1328 1329 1349 1350 1350 1332 1333 1351 1351 1334 1335
27 17 70 98 61 40 79 63 55 37 34 61 79 84 8 51 15 49 29 68 31 18 54 17 85 58 7 79 60 71 46 89 86 87 63 99 23 33 37 17 2 22 58 47 84 43 9 96 72 50
71 83 84 98 9 20 45 89 95 98 38 97 39 95 90 97 38 61 80 87 50 61 82 78 11 5 8 17 57 7 17 59 28 54 88 93 57 96 52 49 70 90 14 48 55 68 94 56 71 12
10 62 20 3 1 96 58 77 25 67 5 27 30 79 86 76 72 78 87 95 76 83 98 39 74 67 16 83 42 84 60 29 43 91 0 12 48 48 10 33 59 30 45 53 74 41 69 94 99 30
28 31 83 12 43 69 8 0 26 65 97 54 33 73 24 11 42 47 15 58 82 6 54 52 34 57 48 94 92 23 99 70 15 27 85 78 35 81 24 16 0 88 75 66 23 68 95 23 91 42
88 69 44 71 99 71 68 30 96 76 74 94 57 13 55 84 62 29 79 47 99 62 72 70 2 71 62 16 65 49 53 10 57 96 54 83 73 76 42 14 80 48 54 32 80 45 49 27 59 84
81 75 98 39 14 31 24 67 25 92 91 42 31 49 62 47 9 47 83 7 0 97 27 60 63 40 31 62 7 16 68 48 36 32 21 47 44 68 43 83 92 52 62 55 54 16 26 90 22 47
5 43 56 29 78 59 19 17 9 31 40 88 72 8 49 51 63 37 20 41 66 23 61 93 48 50 58 62 35 9 52 20 72 42 57 56 28 37 80 53 83 36 38 40 69 71 3 63 12 25
18 44 20 54 30 45 3 48 67 90 18 55 27 25 87 44 57 58 26 21 83 7 10 75 32 43 59 79 37 8 27 25 59 44 10 5 41 77 13 84 26 37 12 40 69 5 94 52 61 80
38 36 12 62 64 70 17 64 30 21 14 49 66 25 72 7 55 69 0 97 74 35 29 97 49 86 39 94 21 21 4 95 67 57 47 97 59 29 42 24 85 74 33 76 92 8 23 15 67 86
4 61 90 70 34 97 5 60 29 41 28 67 75 3 80 73 62 96 99 48 16 61 76 61 81 37 4 19 37 80 28 44 37 58 42 39 24 39 60 50 3 14 80 33 24 71 85 68 47 77
47 14 82 47 67 34 40 23 22 35 4 96 47 12 33 94 31 76 94 81 88 48 24 80 75 50 63 39 63 10 48 75 18 62 36 43 28 53 87 52 3 79 15 37 43 66 6 76 7 26
53 80 10 38 96 73 15 47 59 8 55 79 97 71 85 11 18 22 71 20 8 24 42 78 63 57 16 49 93 72 59 58 15 31 59 12 24 94 34 99 58 66 99 12 16 86 53 48 91 68
60 71 86 51 19 46 44 70 31 37 51 9 57 68 87 44 24 29 39 86 26 7 71 21 75 91 17 4 13 74 84 79 65 25 91 82 94 52 11 28 15 98 51 74 43 46 41 8 70 1
43 3 74 25 2 17 56 41 16 39 30 6 96 45 31 3 57 84 21 95 63 59 44 18 35 34 61 59 43 3 45 50 36 58 13 62 95 30 24 24 15 65 51 92 48 60 10 83 56 6
80 83 82 68 49 58 50 63 72 87 19 21 58 72 63 77 30 20 41 90 60 27 92 89 23 59 29 45 18 69 15 73 67 41 91 67 30 60 21 13 29 83 69 5 77 86 64 35 24 82
70 92 2 60 16 84 38 47 8 11 71 97 7 89 97 19 38 15 22 37 87 84 78 8 41 59 57 2 19 64 90 90 86 74 55 78 3 54 93 24 20 26 61 50 26 39 22 36 91 21
20 21 0 98 77 12 49 63 10 43 96 94 83 86 83 64 71 95 88 92 26 97 14 21 6 38 33 12 17 49 65 5 92 8 39 62 43 43 92 81 34 44 66 7 95 77 43 10 96 29
78 91 97 15 91 17 23 4 37 56 94 79 35 18 89 83 73 40 95 50 99 20 11 64 9 65 25 60 17 2 98 42 71 74 51 10 65 3 62 14 83 60 57 83 66 90 29 79 66 33
12 59 67 17 7 90 52 10 94 28 96 90 93 93 79 26 54 50 96 23 87 52 36 72 98 3 48 55 52 32 33 44 8 58 67 90 98 58 86 40 98 11 16 62 20 0 72 67 51 18
26 66 0 37 26 79 9 93 46 92 26 78 31 24 28 80 11 30 19 74 13 9 52 99 3 41 85 66 40 18 45 55 60 82 24 61 64 30 10 73 90 78 20 79 85 8 61 75 17 39
76 96 7 88 39 43 92 28 57 44 7 87 49 3 84 57 52 59 85 76 2 54 88 82 31 5 99 52 44 41 40 77 87 53 16 38 65 58 74 32 4 76 43 81 18 98 85 97 83 57
53 44 66 74 53 37 38 57 5 93 47 28 89 76 99 16 71 41 67 3 64 2 23 48 88 68 60 55 70 36 25 2 48 97 11 97 98 36 75 56 45 47 55 1 33 10 90 29 85 70
87 40 40 6 48 41 30 43 61 82 19 14 0 36 55 73 65 51 35 25 64 95 64 64 15 9 28 77 54 74 13 15 48 52 15 46 45 11 59 64 67 36 41 52 8 97 36 58 80 78
87 83 2 13 21 91 38 55 77 2 4 26 76 97 41 49 77 17 99 26 60 82 97 81 12 29 18 23 33 60 13 61 82 54 80 56 63 81 71 32 52 17 31 52 21 18 65 74 97 84
87 94 66 39 18 6 85 47 77 83 47 25 65 57 49 80 28 55 27 4 32 57 3 4 90 55 2 49 69 74 29 11 87 88 59 73 12 80 56 93 40 77 62 68 90 93 41 93 13 96
49 39 11 33 73 51 85 57 86 73 80 20 53 46 27 48 73 16 32 81 66 10 92 27 53 86 29 18 90 66 63 75 95 38 68 6 53 68 22 78 86 26 83 19 59 74 78 74 3 67
0 52 58 53 67 75 10 73 15 96 89 7 82 79 52 52 80 84 10 8 44 76 13 47 95 93 35 45 28 17 42 45 45 6 40 71 74 44 30 10 58 72 6 2 67 48 19 26 89 17
82 25 12 58 3 21 54 43 79 31 77 35 55 64 20 53 96 66 79 79 36 21 86 82 18 52 31 36 37 70 47 18 15 57 93 18 26 11 70 55 31 3 50 19 41 23 23 4 40 65
97 51 91 59 91 34 19 57 22 53 95 35 16 88 45 73 10 24 6 61 77 52 5 74 45 52 58 9 25 68 31 44 99 32 43 25 90 52 25 39 84 16 1 70 17 64 71 44 20 63
48 64 68 98 23 18 19 77 21 10 15 83 75 73 17 11 37 88 73 47 44 31 89 2 47 49 88 33 63 63 9 46 45 99 92 75 38 51 36 73 26 33 29 11 72 66 41 74 14 23
16 98 96 32 32 42 37 31 59 6 79 66 79 79 31 66 70 31 4 65 72 30 72 66 44 15 92 83 40 63 18 70 18 1 25 82 71 46 77 98 46 34 79 50 20 78 28 97 5 63
30 2 99 73 59 57 17 72 28 93 9 68 65 22 9 12 39 91 18 83 4 89 85 58 65 51 43 51 35 3 4 50 30 35 88 63 88 57 69 69 69 63 14 59 44 31 78 76 94 3
35 89 96 46 90 85 70 76 49 90 16 55 16 26 71 96 92 77 67 36 70 1 28 36 16 80 83 50 57 91 90 46 50 91 61 52 38 88 62 72 41 14 34 49 44 96 81 1 14 97
66 10 50 98 81 26 62 73 17 59 24 30 46 51 90 31 77 59 32 5 5 85 39 53 92 80 59 62 38 58 4 24 97 55 21 98 12 66 9 84 0 95 32 39 87 22 60 89 75 89
3 73 6 11 96 46 96 99 63 53 67 84 50 82 4 69 75 56 66 81 37 16 65 52 21 6 16 50 9 61 99 16 28 48 27 93 46 42 39 27 33 46 14 62 3 73 73 23 32 10
90 95 64 18 25 96 61 36 43 58 40 15 65 77 28 21 2 13 41 56 97 41 68 57 19 36 7 42 94 45 37 44 38 72 25 91 19 19 52 87 79 42 56 64 92 29 98 70 15 81
71 9 81 57 15 75 26 38 5 52 66 97 1 57 32 14 39 1 5 37 72 93 88 44 15 65 11 56 18 44 58 77 98 80 92 85 67 80 62 90 82 49 73 19 36 91 98 86 5 73
79 57 26 25 79 18 28 92 90 13 67 95 53 80 62 33 47 43 64 6 91 54 28 9 99 30 80 30 38 48 8 1 87 54 2 58 62 62 55 10 55 82 42 56 19 22 54 24 80 73
6 87 44 7 75 50 49 28 26 66 32 66 40 27 74 25 17 21 55 20 62 75 40 5 87 36 56 56 25 27 56 96 8 83 15 55 76 37 62 81 7 91 91 51 24 74 85 59 99 70
6 13 6 44 7 38 82 11 82 33 14 60 24 91 8 50 90 30 73 15 63 27 41 39 62 11 9 96 75 25 63 23 19 43 61 90 67 58 48 56 43 26 96 40 59 42 31 84 18 22
55 2 85 51 3 74 39 53 41 52 11 23 6 8 36 58 97 2 45 98 36 80 4 14 44 34 46 42 47 54 31 10 37 5 45 29 23 25 46 0 48 83 2 13 53 87 37 20 69 95
11 0 35 36 2 32 87 69 33 93 70 81 33 34 15 2 93 97 91 44 84 7 97 26 22 25 52 88 21 89 43 65 38 72 49 77 41 15 97 22 47 0 38 58 19 65 69 21 98 54
90 15 40 1 12 14 25 95 77 73 28 62 48 52 73 45 7 20 77 0 77 90 34 13 47 37 77 74 79 41 31 20 67 80 6 61 59 27 95 44 15 24 78 23 73 62 11 60 14 59
13 36 5 94 18 31 85 40 83 6 3 30 32 10 75 57 59 23 74 27 54 60 74 92 63 97 60 38 87 0 71 93 96 43 99 34 63 16 98 94 2 92 39 67 33 93 81 7 64 6
99 79 45 98 18 21 89 84 24 43 2 28 80 52 32 50 90 10 50 91 77 13 29 58 91 2 74 18 15 19 1 91 80 5 52 51 0 43 5 28 46 29 83 82 46 64 7 10 26 17
2 89 73 75 99 92 28 47 14 6 29 59 66 91 56 11 6 43 41 48 97 29 96 31 92 8 7 66 80 84 22 50 4 0 37 50 80 66 51 66 42 5 16 63 11 13 18 60 29 58
35 29 63 25 44 77 3 2 86 52 49 93 45 45 36 28 2 96 99 54 27 97 97 35 97 16 15 84 23 98 94 51 70 8 47 28 69 23 69 44 77 33 52 24 99 0 88 26 70 97
14 94 68 39 25 26 84 53 16 44 34 72 64 41 88 57 69 7 73 99 18 29 74 78 48 17 33 89 52 50 7 38 21 2 87 93 94 89 40 58 25 60 57 24 14 40 42 94 79 22
52 2 97 42 77 10 54 27 22 90 2 25 15 94 52 85 94 55 55 2 65 33 0 56 61 77 76 96 45 29 35 66 83 81 91 1 35 64 40 1 66 41 58 14 45 55 69 43 70 45
21 20 86 78 45 57 68 49 10 4 26 53 88 15 69 96 98 39 88 68 99 96 89 55 18 61 77 1 30 16 74 43 28 61 66 66 73 38 7 5 9 31 60 45 53 50 31 75 47 90
