15 8
0 1 1 2 3 4 4 5 6 7 8 8 9 10 10 11 11 12 12 13 13 14 15 15 16 17 17 18 19 20 21 22 23 23 24 25 25 26 27 28 29 29 30 31 32 33 34 35 36 37
0 38 39 2 3 40 40 41 6 7 42 42 9 43 43 44 44 45 46 46 47 14 48 48 16 49 50 50 19 20 21 22 51 52 24 53 53 26 27 54 54 55 30 31 32 33 56 35 57 37
58 38 39 59 59 60 61 41 62 62 63 63 64 65 65 66 67 45 68 69 47 70 71 72 73 49 74 74 75 75 76 77 51 52 78 79 79 80 80 81 81 55 82 82 83 84 56 85 57 86
58 87 88 89 89 60 61 90 90 91 91 92 92 93 93 94 67 95 95 69 96 96 71 72 73 97 98 99 100 100 76 77 101 102 102 103 103 104 105 105 106 107 108 109 83 110 110 85 111 111
112 87 88 113 113 114 115 116 116 117 117 118 119 120 121 94 122 123 124 125 126 127 127 128 128 97 98 129 129 130 131 132 101 133 133 134 135 104 136 136 106 107 137 109 138 138 139 140 141 142
112 143 144 144 145 114 146 147 148 149 149 118 119 120 150 150 122 151 124 125 126 152 153 154 154 155 156 157 157 130 131 158 158 159 159 160 135 161 162 163 163 164 137 165 165 166 166 140 141 167
168 143 169 169 170 170 146 147 148 171 171 172 172 173 173 174 175 151 176 176 177 152 153 178 179 180 156 181 182 182 183 183 184 185 185 160 186 161 187 188 188 189 189 190 190 191 191 192 192 167
193 194 195 195 196 197 198 198 199 199 200 201 201 202 202 174 175 203 204 204 205 206 206 178 179 180 207 181 208 208 209 210 211 211 212 212 186 213 187 214 214 215 216 217 218 219 220 221 222 222
193 194 223 223 196 197 224 224 225 225 200 226 227 228 229 230 231 203 232 233 205 234 234 235 236 236 207 237 237 238 209 239 239 240 240 241 241 213 242 243 243 244 216 217 245 219 220 221 246 246
247 248 248 249 249 250 251 251 252 253 254 226 227 228 229 230 231 255 232 256 256 257 257 235 258 259 260 260 261 261 262 263 263 264 265 266 266 267 242 268 268 244 269 270 245 271 272 272 273 273
274 275 276 277 277 250 278 279 279 253 254 280 280 281 281 282 282 255 283 284 284 285 285 286 258 287 287 288 288 289 290 290 291 264 265 292 292 267 293 293 294 294 269 295 296 296 297 297 298 299
274 275 276 300 300 301 278 302 303 304 305 305 306 306 307 308 308 309 310 311 311 312 313 286 314 314 315 316 317 318 318 319 319 320 321 322 322 323 323 324 324 325 325 295 326 327 327 328 328 299
329 329 330 331 331 301 332 302 333 304 334 335 335 336 336 337 338 338 310 339 339 340 313 341 341 342 342 316 317 343 344 345 345 320 346 346 347 347 348 348 349 350 350 351 326 352 352 353 354 354
355 355 330 356 357 357 358 358 333 359 359 360 361 362 362 363 363 364 365 365 366 340 367 367 368 368 369 369 370 370 344 371 371 372 372 373 373 374 375 376 349 377 377 378 379 379 380 353 381 382
383 384 385 385 386 386 387 388 389 389 390 360 361 391 392 392 393 364 394 395 396 397 398 398 399 399 400 401 402 402 403 404 405 405 406 407 407 374 375 408 408 409 409 378 410 411 411 412 381 382
383 384 413 413 414 414 387 415 415 416 417 417 418 391 419 420 420 421 421 395 396 397 422 422 423 424 400 401 425 426 403 404 427 428 429 430 430 431 432 433 433 434 434 435 410 436 436 412 437 437
438 438 439 439 440 440 441 442 442 416 443 444 445 445 419 446 447 447 448 449 450 451 452 453 423 424 454 454 425 455 456 457 427 428 429 458 459 431 460 461 462 462 463 435 464 464 465 466 467 468
469 469 470 471 471 472 441 473 474 474 443 444 475 475 476 446 477 477 448 478 450 451 452 453 479 479 480 480 481 455 456 457 482 483 484 458 485 485 460 486 486 487 463 488 488 489 465 466 467 468
490 490 470 491 492 472 493 494 495 496 497 497 498 498 499 500 501 501 502 478 503 503 504 505 506 507 507 508 508 509 509 510 482 483 484 511 511 512 513 513 514 487 515 515 516 489 517 517 518 518
519 520 521 521 492 522 522 494 523 496 524 524 525 526 499 527 527 528 502 529 529 530 504 505 531 532 533 534 535 535 536 510 537 537 538 539 539 512 540 541 514 542 542 543 543 544 545 545 546 547
519 520 548 549 550 550 551 552 523 553 554 554 555 526 556 557 558 559 560 560 561 530 562 562 531 563 533 564 565 566 536 567 567 568 569 569 570 571 540 541 572 573 574 575 576 544 577 578 546 547
579 579 548 549 580 580 551 581 582 553 583 584 555 585 556 557 558 559 586 586 561 587 587 588 588 563 589 564 565 590 591 591 592 568 593 593 570 571 594 594 572 573 574 575 576 595 577 578 596 597
598 598 599 600 600 601 601 581 582 602 583 584 603 585 604 605 606 607 608 609 610 611 611 612 612 613 613 614 615 590 616 617 618 618 619 619 620 620 621 622 622 623 624 625 625 595 626 626 596 597
627 628 599 629 629 630 631 632 633 602 634 634 603 635 604 605 636 607 608 609 610 637 638 639 640 640 641 614 615 642 616 617 643 644 645 646 646 647 648 648 649 623 624 650 651 652 653 653 654 654
655 628 656 656 657 657 631 632 633 658 658 659 660 635 661 661 636 662 663 663 664 665 638 639 666 666 667 667 668 669 669 670 670 644 671 672 673 673 674 674 649 675 676 676 651 652 677 678 678 679
655 680 680 681 681 682 682 683 684 684 685 659 660 686 686 687 688 688 689 690 664 665 691 692 693 693 694 694 668 695 695 696 697 697 671 672 698 698 699 699 700 701 701 702 703 704 705 706 706 679
707 708 708 709 710 710 711 712 712 713 714 715 716 717 717 687 718 718 689 690 719 720 691 692 721 721 722 722 723 724 724 696 725 725 726 727 727 728 729 729 730 730 731 731 703 704 705 732 733 733
707 734 734 735 735 736 736 737 737 713 714 738 716 739 740 740 741 742 742 743 719 720 744 745 745 746 747 748 723 749 749 750 751 751 726 752 752 728 753 754 755 756 756 757 758 758 759 732 760 760
761 761 762 763 764 765 765 766 766 767 767 738 768 739 769 770 770 771 772 743 773 774 774 775 775 746 776 748 777 777 778 750 779 780 780 781 782 783 753 754 784 784 785 757 786 786 787 788 788 789
790 790 762 763 764 791 792 792 793 794 795 795 768 796 797 797 798 799 772 800 773 801 801 802 802 803 776 804 804 805 806 806 779 807 807 781 782 808 809 809 810 811 785 812 813 814 787 815 816 816
817 818 819 820 820 791 821 821 793 794 822 823 823 796 824 824 798 799 825 826 826 827 827 828 829 803 830 831 832 805 833 834 834 835 836 837 837 808 838 839 839 811 840 812 841 814 842 843 844 845
817 818 846 846 847 848 849 849 850 851 852 852 853 853 854 854 855 855 825 856 857 857 858 828 859 860 830 831 861 861 833 862 863 835 836 864 864 865 838 866 867 867 840 868 841 869 869 843 844 845
870 870 871 871 847 872 872 873 850 851 874 875 876 876 877 877 878 879 879 856 880 880 858 881 859 860 882 882 883 883 884 862 885 885 886 887 888 865 889 890 890 891 891 868 892 892 893 894 894 895
896 897 897 898 899 900 900 873 901 901 902 875 903 903 904 904 878 905 905 906 906 907 907 881 908 908 909 910 910 911 911 912 912 913 886 887 914 914 889 915 915 916 916 917 918 919 920 920 921 921
896 922 923 924 899 925 926 927 928 928 902 929 930 930 931 931 932 932 933 934 935 936 936 937 937 938 939 940 940 941 942 943 944 913 945 946 946 947 947 948 948 949 949 917 918 919 950 950 951 951
952 922 923 924 953 925 926 927 954 955 956 929 957 957 958 959 959 960 933 934 935 961 962 962 963 963 939 964 964 941 965 943 944 966 967 967 968 968 969 970 971 971 972 973 973 974 975 976 976 977
952 978 978 979 953 980 980 981 954 955 956 982 983 983 984 985 985 960 986 987 987 961 988 988 989 989 990 990 991 991 965 992 992 966 993 993 994 994 969 970 995 996 996 997 998 998 975 999 999 1000
1001 1001 1002 979 1003 1004 1005 981 1006 1006 1007 1008 1009 1009 984 1010 1010 1011 986 1012 1013 1014 1014 1015 1015 1016 1017 1017 1018 1019 1019 1020 1021 1022 1022 1023 1024 1024 1025 1026 995 1027 1027 997 1028 1028 1029 1030 1030 1000
1031 1031 1002 1032 1003 1004 1005 1033 1034 1035 1007 1008 1036 1036 1037 1037 1038 1038 1039 1039 1013 1040 1040 1041 1042 1043 1044 1044 1045 1046 1047 1020 1021 1048 1048 1023 1049 1049 1025 1026 1050 1051 1051 1052 1053 1054 1029 1055 1056 1057
1058 1059 1060 1060 1061 1061 1062 1033 1034 1035 1063 1063 1064 1065 1065 1066 1066 1067 1068 1069 1070 1071 1072 1072 1042 1043 1073 1073 1045 1046 1047 1074 1075 1076 1077 1078 1079 1080 1081 1081 1050 1082 1082 1052 1053 1054 1083 1055 1056 1057
1058 1059 1084 1084 1085 1086 1086 1087 1088 1088 1089 1089 1064 1090 1091 1092 1092 1067 1068 1069 1070 1093 1093 1094 1094 1095 1096 1096 1097 1097 1098 1074 1075 1076 1077 1099 1079 1100 1100 1101 1102 1103 1104 1105 1105 1106 1106 1107 1108 1108
1109 1110 1111 1112 1112 1113 1113 1087 1114 1114 1115 1116 1116 1117 1091 1118 1118 1119 1120 1121 1121 1122 1122 1123 1123 1124 1124 1125 1125 1126 1127 1128 1128 1129 1129 1099 1130 1131 1132 1101 1102 1103 1133 1133 1134 1135 1136 1107 1137 1138
1109 1110 1111 1139 1140 1141 1141 1142 1143 1144 1115 1145 1145 1117 1146 1147 1147 1119 1120 1148 1148 1149 1149 1150 1151 1152 1152 1153 1153 1126 1127 1154 1155 1156 1156 1157 1157 1131 1132 1158 1159 1160 1160 1161 1134 1135 1162 1163 1163 1138
1164 1165 1165 1139 1140 1166 1167 1167 1143 1144 1168 1168 1169 1170 1146 1171 1171 1172 1172 1173 1174 1174 1175 1150 1151 1176 1176 1177 1178 1178 1179 1179 1155 1180 1181 1181 1182 1182 1183 1158 1159 1184 1185 1161 1186 1187 1162 1188 1189 1189
1164 1190 1191 1191 1192 1193 1193 1194 1194 1195 1196 1196 1169 1170 1197 1198 1198 1199 1199 1173 1200 1201 1175 1202 1203 1203 1204 1177 1205 1206 1206 1207 1207 1180 1208 1208 1209 1209 1183 1210 1210 1184 1211 1211 1186 1187 1212 1213 1213 1214
1215 1215 1216 1217 1217 1218 1219 1219 1220 1195 1221 1221 1222 1222 1197 1223 1224 1224 1225 1225 1200 1201 1226 1226 1227 1228 1204 1229 1230 1230 1231 1231 1232 1233 1233 1234 1235 1235 1236 1237 1237 1238 1239 1240 1240 1241 1212 1242 1242 1214
1243 1243 1244 1244 1245 1218 1246 1246 1220 1247 1248 1249 1249 1250 1250 1223 1251 1252 1252 1253 1253 1254 1255 1255 1227 1228 1256 1257 1258 1259 1259 1260 1260 1261 1262 1234 1263 1264 1264 1265 1266 1266 1239 1267 1267 1268 1269 1270 1270 1271
1272 1273 1273 1274 1245 1275 1275 1276 1277 1247 1248 1278 1279 1280 1280 1281 1282 1283 1284 1285 1286 1286 1287 1287 1288 1289 1289 1257 1290 1290 1291 1291 1292 1261 1262 1293 1263 1294 1295 1265 1296 1297 1297 1298 1299 1268 1300 1300 1301 1271
1302 1303 1304 1305 1305 1306 1306 1276 1277 1307 1308 1278 1309 1310 1310 1281 1282 1283 1311 1285 1312 1313 1314 1314 1288 1315 1315 1316 1317 1317 1318 1318 1319 1320 1320 1293 1321 1294 1295 1322 1323 1324 1324 1298 1299 1325 1325 1326 1301 1327
1302 1303 1304 1328 1328 1329 1329 1330 1330 1307 1308 1331 1309 1332 1333 1333 1334 1334 1311 1335 1312 1313 1336 1336 1337 1337 1338 1338 1339 1339 1340 1340 1319 1341 1341 1342 1342 1343 1343 1322 1323 1344 1344 1345 1346 1346 1347 1326 1348 1348
4 32 16 13 17 44 56 99 9 42 13 88 56 49 27 50 86 41 78 86 79 68 98 67 33 30 33 51 59 49 43 65 70 78 62 47 74 73 77 28 30 50 43 3 17 47 92 72 52 51
39 68 31 36 52 65 3 48 14 46 40 39 16 41 70 24 29 19 6 19 62 74 57 42 16 12 36 33 49 13 89 86 19 31 36 22 5 51 25 82 46 36 83 61 21 66 51 37 10 60
46 9 40 44 89 92 13 52 89 70 9 32 10 73 99 23 24 20 71 72 97 78 3 0 22 14 84 65 13 62 7 72 13 28 51 97 59 37 38 83 79 63 95 65 69 93 84 92 39 85
87 42 11 7 73 17 71 64 65 21 39 5 30 70 50 58 87 9 92 12 50 31 83 3 12 45 94 88 51 49 44 5 74 23 60 81 10 34 74 16 64 42 98 87 42 40 63 85 38 26
37 21 98 59 23 4 84 64 21 93 70 31 6 94 5 28 45 8 59 6 57 70 26 62 75 90 56 35 25 29 94 49 47 67 39 99 61 92 27 3 84 10 10 7 49 9 21 90 32 93
50 81 73 80 50 67 54 22 90 80 4 57 29 30 62 45 51 82 71 38 27 77 70 75 53 70 51 16 7 31 78 35 29 67 45 40 88 47 25 73 47 83 42 30 36 91 21 45 19 12
42 52 26 63 82 47 69 97 69 36 55 71 21 51 5 66 16 46 47 99 29 27 1 17 6 94 90 12 61 29 28 24 75 22 1 45 40 51 63 15 4 87 82 62 86 74 36 57 2 7
23 37 97 10 97 65 96 58 7 94 70 36 51 18 70 60 55 21 93 6 90 66 22 50 56 96 85 57 35 91 73 65 36 35 22 24 34 47 5 83 6 58 63 66 27 23 68 49 53 46
34 98 78 58 62 26 75 67 83 95 48 13 13 22 30 82 67 43 33 67 90 28 32 32 59 7 17 97 83 6 48 2 47 41 19 55 93 30 38 40 44 59 93 53 99 19 85 65 83 60
36 66 41 54 19 48 69 14 52 25 57 47 44 52 57 53 37 58 8 53 34 7 34 97 96 59 39 8 17 37 60 35 54 17 96 94 49 62 3 38 77 20 23 55 99 71 5 97 4 46
46 32 40 40 38 99 5 87 26 18 65 53 34 30 78 9 95 30 70 53 61 51 99 27 8 99 74 30 60 67 55 84 77 11 13 78 66 33 18 35 9 58 18 98 12 80 53 90 61 51
18 96 20 97 20 80 61 88 61 8 89 81 83 82 95 30 23 70 92 94 79 42 57 13 20 22 41 91 29 15 25 92 1 28 99 65 67 46 10 28 4 67 40 92 87 80 66 49 40 81
9 9 61 39 58 25 4 38 31 31 65 7 33 22 1 75 58 69 52 20 1 2 95 91 16 36 43 26 79 48 0 95 10 30 65 8 93 74 70 64 95 38 51 9 19 72 22 60 0 76
64 25 3 55 38 95 23 14 79 86 6 1 35 85 47 67 66 30 28 26 4 27 28 3 26 77 43 55 51 40 45 32 15 64 98 91 89 98 44 14 60 26 67 83 56 56 36 10 50 94
99 6 76 89 23 66 2 26 63 49 86 30 32 70 19 91 14 44 31 68 52 55 42 78 23 37 88 6 88 66 39 83 81 29 1 75 75 44 92 58 79 52 22 17 41 92 39 43 97 96
12 80 26 92 8 21 81 43 98 34 24 52 74 37 27 28 71 5 25 47 30 27 23 89 18 85 87 61 77 46 6 83 68 95 29 98 89 80 88 89 45 7 53 10 72 56 1 69 37 99
7 27 56 17 46 42 15 1 13 85 94 97 77 51 75 53 94 57 72 87 99 28 47 50 69 39 41 90 70 28 89 99 26 97 86 6 59 40 67 78 65 9 82 93 29 53 82 36 96 39
30 63 26 64 56 24 16 33 39 80 32 54 33 66 75 14 63 56 19 73 12 15 72 44 77 43 99 40 90 25 34 42 22 7 93 28 54 76 45 69 66 19 74 56 76 65 50 59 23 50
42 84 78 7 84 24 64 32 97 11 31 91 1 71 22 78 34 10 34 1 61 65 6 93 16 57 24 78 7 18 57 26 93 12 50 78 84 36 91 69 49 39 39 15 47 87 5 10 44 54
39 99 36 50 40 53 87 36 39 7 67 26 40 73 81 37 92 37 80 22 26 41 21 45 48 39 86 41 76 10 14 64 3 57 42 66 2 61 43 59 35 2 0 75 53 94 45 42 48 1
70 76 11 19 70 33 84 53 97 41 41 96 95 10 48 1 87 74 12 42 8 84 8 61 58 32 80 8 7 3 54 11 85 18 55 89 49 72 57 43 93 24 72 28 2 95 88 30 63 12
36 13 93 10 37 28 9 31 54 29 26 77 23 67 86 36 43 79 15 77 32 24 9 82 49 17 17 65 28 66 1 63 6 25 16 35 50 67 36 8 93 11 88 1 53 39 46 91 45 64
77 47 56 28 83 50 63 55 54 28 75 11 99 40 1 9 92 5 13 60 93 82 21 49 36 26 30 62 99 90 87 25 64 56 16 4 99 81 80 55 85 63 58 81 66 29 78 78 16 18
63 74 0 76 76 0 10 8 6 28 95 3 1 31 43 38 53 33 99 94 40 7 29 91 17 54 97 72 52 62 31 10 1 3 43 82 43 71 65 51 22 58 34 2 92 43 98 60 60 64
68 34 56 45 45 80 81 32 37 39 10 4 93 97 27 61 76 26 43 64 77 29 45 73 9 98 55 98 29 22 8 93 55 98 32 68 80 38 29 47 37 30 72 88 76 30 20 85 81 60
0 72 8 54 42 43 43 82 65 41 5 53 97 2 35 34 82 7 59 15 32 85 40 90 61 36 17 71 45 93 89 46 60 4 23 2 40 50 87 79 41 77 40 38 86 5 37 0 74 10
37 70 67 63 49 21 5 22 93 16 12 63 87 40 4 67 90 6 75 32 37 75 31 47 21 0 41 91 50 97 89 21 55 58 87 65 55 77 11 53 38 6 53 1 63 50 87 73 29 31
43 16 6 21 39 32 40 89 8 48 82 81 4 4 85 49 88 27 98 28 26 95 40 14 63 33 62 23 66 8 2 92 39 51 88 71 80 72 63 58 5 74 36 35 10 51 82 67 91 93
2 27 24 57 62 62 8 37 82 59 53 83 6 76 50 44 51 82 99 48 86 87 94 22 0 19 32 67 37 83 45 70 38 93 4 96 96 30 46 81 5 39 94 29 10 75 22 55 82 47
39 52 48 46 33 80 32 56 6 10 44 85 69 12 23 63 2 13 16 93 97 52 6 41 66 54 32 1 27 39 33 32 59 24 42 36 4 78 82 53 4 58 85 31 27 74 16 95 58 72
16 16 43 35 13 98 57 2 38 57 60 33 9 6 95 37 88 82 52 94 28 59 1 62 15 39 93 76 48 42 27 66 53 80 86 92 26 29 60 73 32 38 17 51 87 25 40 16 17 81
97 86 1 28 21 46 68 91 54 58 74 2 45 31 54 1 21 90 60 31 75 96 41 5 49 64 85 87 34 71 86 49 24 40 24 87 82 35 0 45 66 35 51 35 87 74 90 52 58 74
93 4 1 0 0 58 90 97 15 84 29 25 30 26 36 50 6 15 89 29 96 10 23 90 0 72 3 22 44 75 4 34 95 29 13 27 17 9 85 99 36 63 44 73 96 44 21 64 90 51
81 79 58 83 42 38 55 18 60 69 58 73 43 52 42 44 26 7 23 66 33 3 84 12 91 37 93 99 67 57 67 55 62 27 83 75 27 60 48 1 95 12 91 39 95 49 78 70 70 30
67 90 35 69 95 73 87 23 82 60 84 65 23 70 74 84 48 73 35 73 37 91 94 12 37 58 51 19 22 12 19 64 31 75 82 65 21 89 42 38 16 85 26 63 5 80 13 62 77 40
48 90 57 65 37 52 86 75 76 43 28 74 11 30 47 46 16 46 91 10 30 50 83 13 52 97 99 94 67 73 11 87 47 68 65 97 86 35 2 96 65 41 69 34 31 33 62 10 35 46
28 59 4 63 56 65 31 70 68 9 98 93 83 40 17 53 47 8 66 99 92 84 41 3 68 46 69 15 75 28 68 93 35 14 39 6 9 89 24 56 47 55 25 4 84 66 46 1 11 33
91 38 64 67 37 89 40 60 6 7 80 34 20 13 87 65 17 94 89 36 19 26 90 44 45 98 43 93 17 16 78 15 72 45 84 13 97 5 47 75 58 17 53 52 94 57 55 51 6 20
70 12 93 3 83 75 67 85 24 17 83 69 68 95 59 79 14 56 45 53 76 92 29 86 34 8 33 21 97 86 18 49 28 82 1 66 21 82 80 67 19 93 98 1 99 56 20 78 7 62
0 87 88 80 64 23 35 21 55 27 69 51 9 8 98 54 6 38 32 61 75 89 90 98 36 80 78 21 37 23 24 53 1 32 15 76 91 78 77 14 50 74 15 11 88 9 29 18 14 94
51 98 6 58 69 46 49 76 22 94 38 7 84 5 44 0 61 57 72 57 75 89 8 23 32 16 85 27 43 69 52 86 99 71 56 68 54 89 6 14 96 45 68 58 54 5 44 29 27 46
27 49 11 64 87 50 11 43 31 61 79 50 41 77 93 77 10 29 94 91 58 72 56 45 26 93 22 56 43 90 77 73 86 85 79 26 86 96 77 64 33 26 11 84 41 79 2 74 81 35
6 59 54 30 94 29 21 34 62 68 3 47 8 96 72 72 43 23 25 58 29 73 3 95 55 40 83 75 80 54 94 58 32 70 61 44 37 59 44 93 94 30 35 75 51 76 83 98 52 6
22 91 17 7 71 75 68 45 14 39 71 81 47 49 74 31 91 95 29 12 45 72 35 34 74 85 35 55 11 38 4 87 79 27 94 59 37 93 70 4 69 60 79 8 65 79 48 52 20 12
79 35 27 89 10 2 64 24 9 93 20 97 22 65 23 4 24 42 6 11 17 83 6 9 30 61 86 92 86 73 88 7 67 33 86 18 93 0 69 27 83 68 69 2 7 24 87 74 23 41
37 37 86 32 49 6 82 82 40 86 73 56 86 10 90 74 64 19 51 50 0 79 49 27 76 53 4 22 18 56 63 40 84 87 50 21 53 81 11 0 64 26 70 58 30 17 72 11 98 33
44 90 27 15 65 56 58 4 59 54 32 12 59 42 58 33 81 4 26 61 5 11 5 60 64 77 47 21 59 60 76 96 93 14 10 92 0 56 51 25 69 59 87 17 6 26 4 0 16 80
85 89 55 15 82 68 95 83 38 73 50 21 42 20 49 32 83 61 68 90 18 7 66 61 52 56 90 17 54 51 46 1 35 19 32 85 97 97 39 77 36 42 68 6 19 98 25 85 19 26
63 68 74 56 97 22 40 7 90 15 88 1 57 91 50 53 19 5 17 28 58 45 90 65 67 43 15 18 71 43 94 6 78 20 37 49 3 36 14 44 21 75 58 39 35 87 34 2 57 68
2 63 27 2 53 55 87 95 71 46 35 24 45 37 98 3 96 77 25 42 28 71 51 13 93 24 32 48 30 90 81 52 64 82 61 66 8 51 42 76 85 4 14 4 81 0 13 88 58 54
