41 25
0 1 2 3 3 4 5 5 6 7 8 8 9 10 10 11 11 12 13 14 14 15 15 16 17 18 19 20 21 22 23 23 24 24 25 26 27 27 28 29 30 30 31 32 33 34 34 35 36 37
38 1 39 39 40 4 41 42 42 7 43 44 9 45 46 47 48 12 13 49 50 50 51 16 17 52 19 20 21 53 53 54 55 56 25 26 57 57 28 58 58 59 59 32 33 60 60 35 36 37
38 61 61 62 63 64 41 65 66 67 43 44 68 69 46 47 48 70 70 49 71 71 51 72 72 52 73 74 74 75 76 54 55 56 77 77 78 78 79 80 80 81 82 83 84 84 85 86 87 87
88 88 89 89 63 64 90 90 66 91 92 93 93 69 94 95 96 96 97 97 98 99 99 100 100 101 102 103 103 75 76 104 105 105 106 107 107 108 79 109 110 81 82 83 111 112 112 86 113 114
115 115 116 116 117 117 118 119 120 91 121 121 122 123 94 95 124 125 126 126 98 127 127 128 128 101 102 129 129 130 130 104 131 131 132 133 133 108 134 109 135 135 136 136 137 137 138 138 113 114
139 140 141 141 142 142 118 119 143 144 145 145 122 146 146 147 147 125 148 148 149 150 150 151 151 152 152 153 153 154 155 155 156 156 132 157 157 158 134 159 160 160 161 162 163 163 164 165 166 167
139 140 168 169 170 171 171 172 143 173 173 174 175 176 177 178 179 180 181 182 183 183 184 184 185 185 186 186 187 154 188 188 189 190 190 191 191 192 193 159 194 195 196 162 197 197 164 165 166 198
199 200 200 169 201 201 202 203 204 204 205 174 175 206 177 178 179 180 181 182 207 208 208 209 210 211 211 212 212 213 213 214 189 215 215 216 216 192 193 217 217 195 196 218 218 219 219 220 221 198
199 222 223 224 224 225 202 203 226 227 228 229 229 206 230 230 231 232 232 233 234 235 236 237 210 238 238 239 239 240 240 214 241 241 242 243 243 244 245 245 246 246 247 248 249 250 250 220 251 251
252 253 223 254 254 255 255 256 256 227 228 257 258 259 260 261 262 263 263 233 234 235 236 237 264 265 266 267 268 269 269 270 271 271 272 272 273 274 275 275 276 277 277 248 249 278 278 279 279 280
252 253 281 282 282 283 283 284 285 286 286 257 258 259 260 261 262 287 288 289 290 290 291 291 264 265 292 267 268 293 294 294 295 296 296 297 273 274 298 298 276 299 299 300 301 301 302 303 303 280
304 305 281 306 306 307 308 284 309 310 310 311 312 312 313 313 314 315 288 316 316 317 318 319 320 321 292 322 323 323 324 325 295 326 326 327 327 328 328 329 329 330 330 331 332 332 302 333 333 334
304 335 336 337 337 307 308 338 309 339 340 340 341 342 343 344 345 315 346 346 347 317 318 319 320 321 348 348 349 349 324 325 350 350 351 351 352 353 354 355 356 356 357 331 358 359 360 360 361 334
362 335 336 363 364 364 365 338 366 366 367 367 341 368 343 344 345 369 369 370 370 371 371 372 372 373 373 374 374 375 375 376 377 377 378 379 379 353 380 355 381 382 357 383 358 359 384 384 385 385
362 386 386 363 387 388 365 389 389 390 391 392 392 368 393 393 394 394 395 395 396 396 397 398 399 400 401 401 402 403 403 376 404 405 406 407 408 408 380 409 381 410 411 412 412 413 413 414 415 415
416 417 417 418 387 388 419 419 420 390 391 421 422 422 423 424 425 425 426 427 428 429 397 398 399 400 430 430 402 431 431 432 404 405 406 433 434 435 435 436 436 410 411 437 438 439 440 414 441 442
443 443 444 445 446 447 448 449 420 450 451 421 452 452 423 424 453 454 426 427 428 429 455 455 456 456 457 458 459 459 460 432 461 461 462 433 434 463 463 464 465 465 466 437 438 439 440 467 441 442
468 468 444 445 446 447 448 449 469 469 451 470 471 471 472 472 453 454 473 474 474 475 476 476 477 478 457 458 479 480 480 481 481 482 483 483 484 484 485 485 486 486 466 487 488 489 489 490 490 491
492 493 493 494 495 495 496 497 498 498 499 470 500 501 502 502 503 503 504 505 506 475 507 507 477 478 508 509 510 510 511 511 512 513 514 515 516 517 518 518 519 519 520 520 488 521 522 523 524 524
492 525 525 494 526 526 496 497 527 527 499 528 500 501 529 530 530 531 504 505 506 532 533 534 534 535 508 509 536 536 537 537 512 513 514 515 516 517 538 539 539 540 541 542 542 543 522 544 545 545
546 546 547 547 548 548 549 549 550 550 551 552 552 553 529 554 555 531 556 556 557 532 533 558 559 559 560 561 562 562 563 563 564 565 566 566 567 567 568 568 569 540 541 570 570 543 571 544 572 572
573 574 574 575 576 576 577 578 579 580 580 581 581 553 582 554 555 583 583 584 584 585 586 558 587 588 589 561 590 591 591 592 564 593 594 594 595 595 596 596 569 597 597 598 598 599 599 600 601 602
573 603 603 575 604 605 606 578 579 607 608 608 609 609 610 611 611 612 613 614 614 585 586 615 587 588 589 616 590 617 617 592 618 593 619 620 621 621 622 623 624 625 626 627 628 629 630 600 601 602
631 631 632 632 604 605 606 633 633 607 634 634 635 635 610 636 637 612 613 638 639 639 640 615 641 641 642 616 643 643 644 644 618 645 645 620 646 646 622 623 624 625 626 647 628 629 648 649 649 650
651 651 652 652 653 654 655 655 656 657 658 658 659 660 661 636 662 662 663 638 664 664 665 665 666 666 642 667 667 668 669 670 670 671 671 672 672 673 674 675 676 677 678 647 679 679 648 680 680 650
681 682 682 683 653 654 684 685 685 657 686 686 687 660 688 688 689 689 663 690 691 691 692 693 694 695 696 696 697 698 669 699 699 700 701 701 702 673 674 675 676 677 678 703 703 704 705 705 706 706
707 708 709 709 710 710 684 711 712 713 714 714 687 715 716 716 717 717 718 690 719 719 692 693 694 720 720 721 722 698 723 724 724 700 725 726 702 727 727 728 729 729 730 731 732 733 733 734 734 735
707 708 736 737 737 738 739 739 712 740 740 741 741 715 742 742 743 743 744 744 745 745 746 747 748 748 749 749 722 750 723 751 752 753 725 726 754 755 755 728 756 756 730 731 732 757 757 758 759 760
761 762 763 763 764 764 765 766 766 767 767 768 768 769 770 771 771 772 772 773 773 774 746 775 776 777 778 778 779 780 781 751 752 753 782 782 754 783 783 784 785 786 787 787 788 788 789 789 759 760
761 790 791 791 792 793 765 794 795 795 796 796 797 798 770 799 799 800 800 801 802 802 803 775 776 777 804 805 779 780 781 806 807 807 808 809 809 810 810 784 785 786 811 812 813 813 814 815 815 816
817 790 818 819 792 820 821 794 822 823 824 824 797 798 825 826 827 827 828 828 829 829 830 830 831 831 804 805 832 832 833 833 834 835 808 836 837 837 838 839 839 840 840 812 841 842 842 843 844 844
817 845 818 819 846 820 821 847 822 823 848 849 849 850 825 851 851 852 852 853 853 854 855 856 856 857 858 858 859 860 860 861 834 835 862 863 863 864 865 866 867 868 869 869 870 871 871 843 872 873
874 874 875 876 846 877 877 847 878 879 848 880 880 850 881 882 883 884 885 885 886 854 855 887 887 888 888 889 890 890 891 861 892 892 862 893 894 894 865 866 867 895 896 897 870 898 899 900 872 873
901 901 875 876 902 902 903 904 904 879 905 906 907 907 908 882 909 884 910 911 886 912 913 914 915 916 917 917 918 919 891 920 920 921 921 922 923 924 925 925 926 895 896 927 927 898 899 928 928 929
930 931 932 933 934 934 903 935 936 937 937 906 938 938 908 939 909 940 910 911 941 912 913 914 915 942 943 944 918 919 945 945 946 947 947 922 923 924 948 949 926 950 951 952 952 953 954 955 956 929
930 931 932 933 957 958 958 935 959 959 960 960 961 961 962 962 963 940 964 964 941 965 965 966 966 942 943 944 967 968 969 969 946 970 970 971 971 972 948 949 973 950 951 974 974 953 954 955 956 975
976 976 977 977 957 978 979 979 980 981 981 982 983 983 984 984 985 985 986 986 987 987 988 988 989 990 991 991 967 968 992 993 994 995 995 996 996 972 997 997 973 998 999 999 1000 1000 1001 1002 1003 1003
1004 1005 1006 1006 1007 978 1008 1009 1009 1010 1010 982 1011 1012 1012 1013 1014 1014 1015 1016 1017 1017 1018 1018 1019 990 1020 1021 1021 1022 1023 993 994 1024 1025 1025 1026 1026 1027 1028 1028 1029 1030 1031 1032 1033 1001 1002 1034 1034
1004 1035 1035 1036 1007 1037 1037 1038 1039 1039 1040 1040 1011 1041 1042 1013 1043 1044 1015 1016 1045 1045 1046 1046 1019 1047 1020 1048 1049 1049 1023 1050 1051 1052 1052 1053 1054 1055 1056 1057 1058 1029 1059 1031 1032 1033 1060 1060 1061 1062
1063 1064 1065 1036 1066 1067 1067 1038 1068 1069 1069 1070 1070 1041 1071 1072 1043 1073 1073 1074 1075 1076 1077 1078 1079 1047 1080 1048 1081 1082 1083 1050 1084 1084 1085 1053 1054 1055 1056 1057 1086 1086 1059 1087 1088 1088 1089 1090 1090 1062
1063 1064 1065 1091 1092 1093 1093 1094 1094 1095 1095 1096 1097 1097 1071 1072 1098 1098 1099 1074 1075 1100 1077 1078 1079 1101 1102 1103 1081 1082 1083 1104 1104 1105 1105 1106 1107 1107 1108 1109 1110 1111 1112 1087 1113 1113 1089 1114 1114 1115
1116 1117 1118 1091 1092 1119 1120 1120 1121 1122 1122 1096 1123 1124 1125 1125 1126 1127 1128 1129 1129 1100 1130 1131 1132 1101 1102 1103 1133 1134 1134 1135 1136 1136 1137 1106 1138 1138 1108 1109 1110 1139 1112 1140 1141 1142 1143 1144 1144 1115
1116 1145 1118 1146 1146 1147 1147 1148 1149 1150 1151 1151 1123 1124 1152 1152 1126 1127 1128 1153 1153 1154 1130 1131 1155 1155 1156 1157 1158 1158 1159 1135 1160 1161 1162 1162 1163 1164 1164 1165 1166 1139 1167 1140 1141 1142 1143 1168 1169 1170
1171 1145 1172 1172 1173 1174 1175 1148 1149 1150 1176 1176 1177 1178 1179 1180 1180 1181 1182 1182 1183 1154 1184 1185 1185 1186 1156 1187 1187 1188 1159 1189 1160 1161 1190 1191 1192 1193 1194 1165 1166 1195 1195 1196 1196 1197 1198 1198 1169 1199
1171 1200 1200 1201 1173 1174 1175 1202 1203 1204 1204 1205 1177 1178 1179 1206 1206 1181 1207 1207 1183 1208 1209 1209 1210 1210 1211 1212 1213 1188 1214 1215 1215 1216 1217 1191 1192 1193 1194 1218 1219 1220 1221 1222 1223 1197 1224 1225 1225 1199
1226 1227 1228 1229 1229 1230 1230 1202 1203 1231 1232 1205 1233 1234 1235 1236 1237 1237 1238 1238 1239 1208 1240 1241 1242 1243 1243 1212 1213 1244 1244 1245 1246 1216 1217 1247 1248 1249 1249 1218 1219 1220 1221 1222 1223 1250 1251 1252 1253 1254
1226 1227 1228 1255 1256 1256 1257 1258 1259 1259 1232 1260 1261 1234 1235 1236 1262 1263 1263 1264 1264 1265 1240 1241 1266 1266 1267 1268 1269 1269 1270 1245 1246 1271 1271 1272 1248 1273 1273 1274 1275 1276 1277 1278 1279 1280 1251 1252 1253 1281
1282 1282 1283 1283 1284 1284 1257 1258 1285 1286 1287 1288 1261 1289 1290 1291 1291 1292 1293 1293 1294 1265 1295 1296 1297 1298 1267 1268 1299 1300 1270 1301 1302 1303 1303 1272 1304 1304 1305 1274 1275 1276 1277 1278 1279 1280 1306 1307 1307 1281
1308 1308 1309 1310 1311 1312 1313 1314 1285 1286 1287 1288 1315 1315 1290 1316 1317 1292 1318 1319 1294 1320 1295 1321 1297 1298 1322 1323 1299 1300 1324 1301 1325 1326 1326 1327 1328 1328 1305 1329 1330 1331 1332 1332 1333 1333 1306 1334 1335 1336
1337 1337 1309 1310 1311 1312 1313 1314 1338 1338 1339 1339 1340 1340 1341 1341 1317 1342 1318 1319 1343 1343 1344 1321 1345 1345 1322 1323 1346 1346 1347 1347 1325 1348 1348 1327 1349 1349 1350 1350 1330 1331 1351 1352 1352 1353 1353 1334 1335 1336
4 21 53 95 58 50 18 66 27 4 46 59 92 48 90 34 37 58 70 78 30 65 42 33 98 62 46 86 46 23 74 10 38 64 93 26 22 44 32 30 97 91 62 33 4 31 62 93 47 49
21 44 85 9 20 37 49 99 92 18 91 85 0 60 67 80 35 90 13 87 99 59 24 4 41 40 13 19 89 91 98 75 40 73 93 97 31 78 35 32 79 22 80 89 14 26 43 16 47 41
88 64 47 9 81 86 82 26 42 4 91 60 96 52 22 34 4 77 28 28 62 20 56 34 31 40 82 43 47 21 17 98 38 91 12 57 17 57 65 41 31 52 72 15 31 60 33 52 22 67
87 83 9 27 5 26 91 96 76 67 28 83 8 17 99 88 3 85 11 20 71 99 24 41 70 73 52 89 86 24 99 84 54 8 75 70 33 14 25 6 95 16 55 39 60 61 4 50 42 93
46 99 40 49 81 21 76 67 25 37 95 4 60 80 66 36 59 61 51 0 4 89 74 36 74 8 40 77 32 88 31 24 8 64 14 88 26 14 47 79 82 55 74 84 48 1 76 30 32 32
68 13 4 2 96 78 31 47 35 88 41 6 8 66 21 52 93 49 74 96 42 91 8 36 38 80 31 82 83 30 95 42 54 92 99 68 40 39 7 60 87 74 79 28 87 45 40 19 43 16
88 77 93 49 40 46 71 24 59 24 44 12 20 72 86 76 62 0 12 10 50 0 28 9 39 42 19 54 70 63 22 30 24 64 46 40 31 12 34 78 61 79 49 88 6 11 85 82 10 94
23 49 12 20 86 71 89 70 27 77 7 1 42 63 19 59 19 6 66 9 11 26 13 85 59 53 0 12 29 4 5 96 79 58 69 82 59 6 30 58 19 75 66 1 51 46 84 92 68 14
12 6 71 94 95 77 41 34 17 1 63 38 51 86 43 65 33 75 88 79 98 88 88 12 98 43 89 65 44 8 1 69 35 0 51 62 87 89 45 67 91 15 18 13 3 12 57 39 71 1
37 87 25 53 89 77 7 94 22 34 78 20 96 50 79 61 34 67 10 97 88 53 66 98 37 75 73 43 92 22 4 93 26 2 56 12 60 33 36 81 19 30 53 66 8 28 4 31 34 39
65 26 84 93 89 94 96 42 10 60 0 42 57 79 67 93 59 33 65 30 68 97 34 47 5 79 14 42 36 25 16 35 61 85 97 28 23 72 32 89 67 76 2 88 7 57 50 84 90 79
73 87 67 10 77 35 8 71 15 47 86 21 21 28 72 59 76 93 63 7 70 26 70 55 92 19 62 56 11 74 20 31 15 11 46 83 12 73 16 93 34 91 44 22 82 18 50 21 14 19
43 44 17 91 44 76 23 39 10 18 58 55 86 51 18 62 66 68 60 77 63 96 17 71 1 22 15 42 75 50 16 91 30 32 8 29 46 15 24 5 37 23 42 65 36 45 21 82 69 3
59 2 82 79 59 0 49 24 1 29 45 30 7 90 29 53 21 41 92 89 68 63 76 5 41 95 25 18 92 6 45 50 65 37 66 6 26 26 98 40 99 46 95 4 42 70 43 91 52 78
46 99 51 36 89 92 68 67 88 67 68 71 64 52 0 58 94 22 25 37 70 91 75 77 51 76 98 56 99 4 54 0 1 53 88 73 41 45 25 93 78 84 96 6 5 21 42 20 94 16
80 81 78 40 47 84 21 32 6 57 24 74 34 56 84 78 40 77 92 93 77 3 80 70 51 29 47 15 19 65 51 62 5 39 32 63 21 12 45 63 91 52 52 8 35 60 87 4 54 79
58 49 91 81 58 75 8 15 6 59 49 52 55 76 25 69 83 68 73 31 69 49 68 67 97 67 5 21 31 31 62 54 98 77 19 4 62 56 93 69 66 64 77 57 30 80 99 36 63 62
38 13 84 18 35 26 9 14 71 91 8 58 88 76 39 83 47 71 24 94 83 91 74 72 27 64 11 51 63 97 85 74 88 43 27 72 20 51 7 53 27 1 25 66 59 2 81 0 88 15
63 6 69 38 9 16 63 2 81 78 57 46 34 94 87 89 88 39 58 40 34 45 31 23 12 41 14 83 49 37 61 75 10 5 59 22 80 87 44 81 84 92 99 43 84 22 72 75 15 3
21 86 86 21 73 43 26 36 72 20 91 40 71 8 97 6 78 13 67 29 39 65 43 72 92 39 24 50 22 50 77 97 9 34 7 47 67 88 99 17 30 61 53 47 8 75 71 0 40 0
21 47 6 70 20 82 85 83 80 35 56 42 20 18 49 82 71 59 97 21 83 55 55 78 38 9 92 48 60 20 25 87 72 86 71 23 1 94 31 88 25 96 72 15 74 50 15 74 95 2
21 7 68 98 83 42 93 94 30 0 82 61 20 77 36 48 91 4 18 34 17 33 4 11 58 10 73 52 16 38 39 9 92 79 67 35 49 19 9 79 35 63 29 57 82 46 73 14 4 38
57 2 98 10 74 95 18 12 70 27 45 11 32 54 11 33 18 27 24 18 96 47 50 39 19 71 92 42 47 13 72 48 44 19 80 50 90 18 36 94 85 76 36 24 77 85 67 35 67 35
16 8 76 8 52 3 46 6 41 5 66 53 27 55 30 89 78 73 11 11 89 0 67 94 29 7 89 47 55 13 70 86 77 21 66 32 33 44 42 11 70 26 92 37 28 65 10 7 0 53
99 12 97 68 61 98 59 27 66 81 36 3 27 55 94 41 39 56 91 67 81 73 15 96 34 99 26 9 28 54 46 0 93 2 84 76 71 72 68 24 7 17 68 15 78 48 75 22 77 12
69 79 46 96 54 22 17 14 81 14 71 96 99 35 6 76 74 48 98 98 49 6 25 22 67 17 42 47 62 94 27 17 13 6 10 45 43 76 30 12 62 72 45 5 10 83 96 94 55 19
17 2 48 46 44 13 81 13 65 86 51 51 95 3 62 16 83 29 33 90 10 76 33 66 84 67 30 3 82 48 44 83 16 13 15 98 22 58 68 40 35 64 80 95 52 84 71 42 98 54
79 54 16 69 98 87 69 92 97 12 10 92 86 65 68 28 22 40 36 99 0 18 83 80 83 41 95 80 16 6 47 20 31 17 98 58 25 78 32 74 5 91 99 7 41 88 26 95 62 35
74 8 36 80 80 64 75 79 62 23 59 56 11 52 14 20 77 50 56 54 10 49 23 25 15 83 29 12 66 13 9 48 90 89 91 50 76 3 30 70 63 3 94 29 26 65 11 46 72 94
59 13 76 51 19 56 96 1 8 6 68 82 95 12 37 77 61 72 85 15 0 58 97 75 80 78 65 35 98 12 90 22 46 97 50 33 1 87 85 27 87 99 14 63 98 44 28 2 65 37
6 82 31 11 49 46 35 35 66 48 12 96 57 99 62 82 10 78 7 21 44 10 59 55 26 69 27 92 99 22 43 43 67 53 88 93 12 81 67 72 75 21 11 3 59 92 15 99 74 63
67 71 26 89 55 28 98 40 46 3 97 17 77 40 39 69 17 30 78 74 16 90 2 51 82 59 89 31 87 13 72 49 31 74 1 69 74 10 91 22 33 60 43 60 97 88 95 8 27 87
23 12 64 94 15 57 76 61 83 3 27 9 19 31 76 11 23 66 74 47 66 66 68 16 1 47 71 17 49 58 47 52 31 1 69 5 0 64 21 89 42 58 9 33 74 54 62 18 73 20
89 73 75 67 30 55 85 21 54 38 45 0 4 11 91 17 41 42 5 76 21 69 93 14 48 56 28 15 48 37 52 45 71 43 91 62 14 25 55 11 90 3 93 18 63 76 81 92 75 25
13 61 79 15 42 21 26 10 37 11 6 33 4 44 24 15 37 5 46 93 68 33 81 68 2 18 65 16 59 57 96 35 41 84 0 65 74 71 83 92 72 91 63 41 75 63 8 4 14 94
75 70 24 33 83 84 77 44 77 94 86 2 22 47 73 52 81 5 75 66 63 94 22 28 77 36 15 4 72 10 79 74 10 53 86 43 81 51 52 46 45 36 38 74 10 13 62 57 43 91
15 91 19 92 46 37 11 63 18 28 53 3 54 8 48 67 95 64 44 23 87 83 6 3 82 21 31 73 9 11 0 9 60 18 7 37 45 43 8 39 61 96 53 1 22 79 29 76 68 25
84 75 30 6 80 84 51 26 7 41 12 51 66 77 89 74 1 73 40 20 84 16 64 82 8 49 51 4 46 39 87 75 85 47 18 61 45 32 13 20 48 84 91 43 40 98 37 71 5 17
93 21 24 74 0 87 97 84 67 41 24 98 54 11 70 99 88 22 13 99 93 34 72 79 71 98 7 46 19 56 18 25 11 66 46 16 5 67 69 34 85 53 12 47 73 33 27 23 15 74
47 25 5 39 52 61 56 69 97 30 77 90 61 96 88 29 50 30 89 48 47 92 64 81 77 5 83 45 85 69 11 47 26 35 24 20 79 12 67 75 58 82 63 11 1 60 27 49 20 89
38 17 22 84 75 27 74 69 45 51 1 48 15 38 74 55 23 88 93 18 71 29 40 62 21 66 30 49 28 67 61 73 55 9 85 38 41 61 83 67 63 53 56 98 98 0 86 6 52 15
19 90 59 84 0 76 83 82 24 98 80 66 79 77 60 15 73 78 31 51 5 32 78 66 22 66 25 98 21 78 82 71 25 16 60 3 70 34 44 93 96 78 93 97 81 9 17 53 51 21
97 98 72 13 38 20 0 82 59 65 24 55 58 59 30 80 8 66 73 87 79 2 91 47 95 8 69 37 2 87 35 33 7 67 18 92 39 92 15 65 33 32 63 52 28 9 94 17 41 8
15 40 92 10 51 56 19 98 97 58 36 47 80 52 82 74 84 3 80 77 20 16 90 63 41 45 67 53 72 62 99 75 68 6 20 54 41 6 33 66 67 58 37 35 12 90 27 14 5 70
78 56 25 47 65 27 32 10 5 78 81 4 51 11 62 57 40 17 28 28 0 0 11 58 88 55 45 14 12 25 18 21 39 67 75 86 85 46 18 23 9 35 8 63 68 56 93 48 8 42
38 55 69 27 12 71 21 74 48 39 10 4 23 74 52 67 7 30 96 12 24 74 8 78 31 68 17 16 91 72 77 36 42 88 53 29 51 1 60 40 24 10 14 34 34 68 39 21 3 88
3 21 89 52 32 81 29 91 92 63 8 84 37 64 6 23 53 99 40 32 49 35 40 15 15 81 52 9 55 82 90 97 35 66 55 0 49 39 67 62 60 55 37 19 32 87 98 88 34 71
92 9 16 97 6 11 45 77 4 88 51 41 36 52 5 36 29 32 25 65 0 31 58 58 29 30 43 54 96 75 35 89 50 75 49 34 66 57 15 77 82 12 77 96 75 5 11 20 22 40
22 7 63 29 64 40 13 58 21 29 1 48 36 60 60 65 83 75 82 59 62 90 3 66 66 21 72 4 70 86 65 98 4 20 24 89 6 70 82 13 59 37 7 61 94 7 80 10 90 10
18 20 78 7 50 79 61 86 33 21 31 12 52 67 97 1 41 51 79 92 14 89 24 27 3 81 76 9 12 27 69 50 98 20 29 71 59 79 63 6 2 12 11 58 59 41 19 91 16 31
