48 34
0 0 1 2 2 3 3 4 4 5 5 6 7 7 8 8 9 9 10 11 11 12 12 13 13 14 14 15 16 16 17 18 19 20 20 21 22 23 23 24 24 25 25 26 27 27 28 29 30 31
32 33 34 35 35 36 37 37 38 39 39 40 40 41 41 42 42 43 10 44 45 46 47 48 48 49 49 50 51 52 17 18 53 53 54 55 22 56 57 57 58 59 59 26 60 61 61 29 30 31
32 33 34 62 62 63 64 65 38 66 67 67 68 68 69 70 70 43 71 44 45 72 47 73 73 74 74 50 51 75 76 77 78 78 54 55 79 79 80 81 58 82 82 83 84 85 86 86 87 87
88 89 90 91 91 63 64 92 92 66 93 94 95 96 97 98 98 99 71 100 100 72 101 102 103 104 105 105 106 75 76 107 107 108 108 109 109 110 111 81 112 113 114 115 84 116 116 117 117 118
88 89 90 119 119 120 121 121 122 122 93 94 95 123 97 124 124 99 125 126 127 128 101 102 103 129 130 131 106 132 132 133 134 135 135 136 137 138 111 139 139 113 114 115 140 140 141 141 142 143
144 145 145 146 147 147 148 149 150 151 152 152 153 123 154 155 156 157 125 126 127 128 158 159 159 129 130 131 160 161 161 133 134 162 163 136 137 138 164 165 165 166 166 167 167 168 168 169 169 143
144 170 170 171 172 172 148 149 173 151 174 175 153 176 154 155 156 157 177 178 179 179 158 180 180 181 181 182 183 184 185 186 186 162 187 187 188 188 164 189 190 190 191 191 192 192 193 193 194 194
195 196 197 171 198 199 200 201 173 202 174 175 203 204 205 206 207 207 177 178 208 208 209 209 210 211 212 212 183 184 213 213 214 214 215 215 216 216 217 189 218 218 219 220 221 222 223 224 225 226
195 196 227 227 198 199 228 201 229 202 230 230 203 204 205 206 231 231 232 232 233 233 234 235 210 211 236 236 237 238 239 240 241 242 242 243 244 245 217 246 247 248 248 220 221 222 223 224 225 226
249 250 250 251 252 252 228 253 229 254 255 255 256 256 257 258 259 260 261 262 263 264 234 235 265 266 266 267 237 238 239 240 241 268 268 243 244 245 269 246 247 270 271 272 272 273 274 275 276 277
278 279 280 280 281 281 282 253 283 284 284 285 285 286 257 258 259 260 261 262 287 264 288 288 265 289 289 290 290 291 291 292 293 293 294 294 295 295 269 296 296 270 271 297 297 273 274 275 276 277
278 279 298 298 299 299 282 300 300 301 302 303 304 304 305 305 306 306 307 308 287 309 310 310 311 312 312 313 314 314 315 292 316 317 318 319 320 321 322 323 323 324 325 326 326 327 327 328 329 329
330 330 331 331 332 332 333 333 334 301 302 335 335 336 336 337 337 338 338 308 339 339 340 341 311 342 343 343 344 345 315 346 346 317 318 319 320 321 347 347 348 349 325 350 350 351 352 328 353 353
354 354 355 355 356 356 357 357 334 358 358 359 360 360 361 361 362 362 363 363 364 364 340 341 365 365 366 366 344 345 367 367 368 369 369 370 371 372 373 374 374 349 375 376 376 351 377 377 378 379
380 381 382 383 383 384 385 385 386 387 387 359 388 388 389 390 390 391 391 392 392 393 394 394 395 396 396 397 397 398 399 400 401 401 402 402 371 372 373 403 404 405 405 406 406 407 408 408 378 379
380 381 409 410 410 411 412 412 413 414 415 415 416 417 389 418 418 419 420 421 422 393 423 423 424 424 425 425 426 427 399 428 429 429 430 430 431 431 432 403 404 433 433 434 435 407 436 436 437 437
438 438 409 439 439 411 440 440 413 414 441 442 416 417 443 444 445 419 420 421 422 446 447 447 448 449 450 451 452 427 453 428 454 454 455 456 457 457 432 458 458 459 460 434 435 461 461 462 462 463
464 465 465 466 467 468 469 469 470 470 441 471 471 472 443 444 445 473 474 474 475 476 477 478 448 449 450 451 452 479 479 480 481 482 455 456 483 483 484 484 485 459 486 487 488 488 489 489 490 491
464 492 493 493 467 468 494 495 495 496 497 497 498 498 499 500 500 473 501 502 502 476 503 478 504 505 506 507 508 509 510 480 481 482 511 511 512 513 513 514 485 515 486 487 516 517 518 518 490 491
519 520 521 521 522 522 494 523 523 496 524 524 525 526 527 528 529 530 531 531 532 533 503 534 504 505 506 535 508 509 510 536 536 537 537 538 539 540 541 514 542 515 543 543 516 517 544 545 546 546
519 520 547 548 549 550 551 551 552 553 554 554 525 555 527 528 529 530 556 557 557 533 558 534 559 559 560 535 561 562 562 563 563 564 564 538 539 540 541 565 566 566 567 568 569 569 570 545 571 571
572 573 573 548 549 550 574 574 552 553 575 576 576 555 577 577 578 579 579 580 581 581 582 582 583 583 560 584 585 585 586 587 587 588 588 589 589 590 590 591 591 592 593 568 594 594 570 595 596 596
572 597 597 598 598 599 599 600 601 601 575 602 603 603 604 604 605 605 606 580 607 607 608 608 609 609 610 584 611 612 586 613 613 614 615 615 616 616 617 617 618 619 593 620 620 621 622 623 623 624
625 626 627 627 628 628 629 630 630 631 631 602 632 633 633 634 634 635 636 636 637 638 639 639 640 640 641 641 611 612 642 643 644 644 645 646 647 648 648 649 618 619 650 650 651 652 622 653 653 624
625 626 654 654 655 655 656 656 657 658 659 660 632 661 661 662 662 663 664 665 665 638 666 666 667 667 668 669 670 671 642 643 672 673 674 646 647 675 675 676 677 678 678 679 651 652 680 680 681 681
682 683 684 684 685 686 687 687 688 658 659 660 689 690 691 691 692 663 664 693 694 695 695 696 696 697 668 669 670 671 698 699 672 673 674 700 700 701 701 676 677 702 703 704 705 706 707 707 708 708
682 683 709 710 710 686 711 712 688 713 714 714 689 690 715 715 692 716 716 693 694 717 718 719 719 720 720 721 721 722 698 723 723 724 724 725 725 726 726 727 727 728 703 704 705 729 729 730 730 731
732 732 709 733 734 734 711 735 736 736 737 737 738 738 739 739 740 741 741 742 742 717 718 743 744 745 745 746 746 722 747 747 748 748 749 750 750 751 751 752 753 728 754 755 755 756 757 758 759 759
760 760 761 761 762 762 763 735 764 764 765 766 767 768 768 769 770 770 771 772 772 773 773 743 744 774 774 775 775 776 777 778 779 780 749 781 782 782 783 752 784 784 785 786 787 787 757 788 789 789
790 791 792 792 793 793 794 794 795 795 765 766 767 796 796 769 797 798 771 799 800 801 801 802 802 803 804 805 806 776 777 778 779 780 807 781 808 809 809 810 811 811 785 786 812 812 813 788 814 814
790 791 815 815 816 816 817 818 819 819 820 820 821 821 822 823 797 798 824 799 800 825 825 826 827 827 804 805 806 828 829 829 830 831 807 832 808 833 833 834 834 835 835 836 837 838 839 839 840 840
841 841 842 843 844 845 817 818 846 847 847 848 849 850 822 823 851 851 852 852 853 854 854 826 855 856 856 857 857 858 859 859 830 831 860 832 861 861 862 863 863 864 864 836 865 838 866 867 868 869
870 870 842 843 844 845 871 872 873 874 874 848 849 850 875 875 876 877 878 878 879 879 880 880 855 881 881 882 883 858 884 885 886 886 860 887 887 888 862 889 890 890 891 892 865 893 866 894 868 869
895 895 896 897 898 899 899 872 873 900 900 901 901 902 902 903 876 877 904 904 905 905 906 907 908 909 910 882 883 911 884 912 913 914 915 916 917 888 918 919 919 920 891 892 921 893 922 894 923 923
924 924 896 897 898 925 925 926 927 927 928 929 930 931 931 903 932 933 933 934 934 935 906 907 908 909 910 936 937 937 938 912 913 914 915 939 917 940 941 941 942 920 943 944 921 945 946 946 947 948
949 950 950 951 951 952 953 953 954 954 928 929 930 955 955 956 932 957 958 959 959 960 961 962 962 963 964 936 965 965 938 966 966 967 967 939 968 940 969 969 942 970 943 944 971 945 972 972 947 948
949 973 973 974 975 952 976 977 978 979 979 980 981 982 982 983 984 957 985 986 987 960 988 989 989 963 964 990 991 991 992 993 994 994 995 995 968 996 997 997 998 970 999 999 1000 1000 1001 1002 1002 1003
1004 1004 1005 974 975 1006 976 977 978 1007 1007 980 981 1008 1009 983 1010 1010 985 986 1011 1012 988 1013 1014 1015 1016 1017 1017 1018 992 993 1019 1019 1020 1021 1021 996 1022 1022 998 1023 1024 1024 1025 1025 1001 1026 1026 1027
1028 1028 1005 1029 1030 1006 1031 1032 1032 1033 1034 1034 1035 1008 1009 1036 1037 1038 1039 1040 1011 1012 1041 1042 1014 1043 1016 1044 1044 1018 1045 1045 1046 1046 1020 1047 1048 1049 1049 1050 1050 1051 1051 1052 1053 1053 1054 1055 1055 1027
1056 1057 1058 1029 1030 1059 1031 1060 1060 1061 1062 1062 1035 1063 1063 1036 1037 1038 1039 1040 1064 1065 1041 1042 1066 1043 1067 1067 1068 1069 1069 1070 1070 1071 1072 1072 1048 1073 1073 1074 1075 1075 1076 1052 1077 1077 1054 1078 1079 1080
1056 1057 1058 1081 1082 1082 1083 1084 1084 1061 1085 1086 1086 1087 1087 1088 1089 1089 1090 1091 1092 1065 1093 1094 1095 1095 1096 1096 1068 1097 1098 1098 1099 1071 1100 1101 1101 1102 1103 1104 1105 1105 1076 1106 1107 1108 1108 1078 1079 1080
1109 1109 1110 1081 1111 1112 1083 1113 1113 1114 1085 1115 1116 1117 1117 1118 1119 1119 1090 1091 1092 1120 1121 1094 1122 1122 1123 1123 1124 1125 1125 1126 1099 1127 1128 1129 1130 1130 1103 1104 1131 1131 1132 1132 1107 1133 1133 1134 1135 1135
1136 1136 1110 1137 1111 1112 1138 1139 1139 1140 1140 1115 1116 1141 1142 1118 1143 1144 1145 1146 1146 1120 1121 1147 1147 1148 1149 1149 1124 1150 1150 1151 1151 1127 1128 1129 1152 1153 1153 1154 1154 1155 1156 1157 1158 1159 1159 1160 1160 1161
1162 1162 1163 1137 1164 1164 1165 1166 1167 1167 1168 1169 1170 1141 1171 1172 1143 1144 1173 1174 1174 1175 1176 1177 1178 1178 1179 1179 1180 1180 1181 1181 1182 1182 1183 1184 1152 1185 1185 1186 1186 1155 1156 1157 1158 1187 1188 1188 1189 1190
1191 1191 1192 1193 1194 1195 1165 1166 1196 1197 1197 1169 1198 1198 1171 1172 1199 1200 1173 1201 1201 1175 1176 1202 1202 1203 1204 1204 1205 1206 1207 1208 1209 1210 1183 1184 1211 1211 1212 1212 1213 1213 1214 1214 1215 1187 1216 1217 1189 1190
1218 1219 1192 1193 1194 1195 1220 1220 1221 1221 1222 1223 1224 1225 1226 1227 1227 1200 1228 1229 1230 1230 1231 1232 1233 1203 1234 1234 1205 1206 1207 1208 1209 1235 1236 1237 1237 1238 1239 1240 1241 1241 1242 1243 1244 1244 1245 1217 1246 1246
1218 1219 1247 1247 1248 1249 1249 1250 1251 1252 1252 1223 1224 1225 1253 1253 1254 1254 1228 1255 1256 1256 1231 1232 1233 1257 1257 1258 1259 1260 1261 1261 1262 1235 1236 1263 1264 1264 1239 1265 1266 1267 1242 1268 1268 1269 1245 1270 1270 1271
1272 1272 1273 1274 1248 1275 1275 1250 1251 1276 1276 1277 1278 1279 1279 1280 1281 1281 1282 1255 1283 1284 1284 1285 1285 1286 1286 1258 1259 1287 1287 1288 1289 1289 1290 1263 1291 1291 1292 1265 1266 1267 1293 1293 1294 1295 1296 1297 1297 1271
1298 1299 1273 1274 1300 1301 1302 1302 1303 1304 1305 1277 1278 1306 1306 1280 1307 1307 1282 1308 1283 1309 1310 1311 1311 1312 1312 1313 1314 1314 1315 1288 1316 1316 1290 1317 1317 1318 1319 1320 1321 1321 1322 1322 1294 1295 1296 1323 1323 1324
1298 1299 1325 1325 1300 1301 1326 1327 1327 1304 1305 1328 1328 1329 1329 1330 1330 1331 1331 1332 1332 1309 1310 1333 1334 1334 1335 1335 1336 1336 1315 1337 1338 1338 1339 1339 1340 1318 1319 1320 1341 1341 1342 1342 1343 1343 1344 1345 1345 1324
99 24 2 96 63 24 1 95 1 96 8 81 79 89 89 89 28 71 34 58 1 18 80 30 56 3 57 58 14 1 86 70 75 5 81 49 87 71 55 5 19 70 12 25 14 49 87 54 18 65
1 3 31 38 90 69 33 14 82 2 81 87 60 15 11 94 61 68 0 0 99 98 93 86 85 75 1 43 26 97 10 72 42 66 82 68 60 9 73 91 67 95 26 73 9 90 82 53 96 5
11 5 60 92 26 63 44 49 20 65 95 87 41 96 1 93 26 43 31 82 65 7 91 45 77 29 27 51 93 46 70 96 25 54 76 73 1 94 96 75 1 25 60 72 73 93 19 41 71 16
97 39 82 30 9 42 91 18 77 41 78 10 65 52 11 52 80 98 28 41 91 94 64 97 78 23 54 28 44 12 14 37 26 93 50 14 67 34 66 74 6 32 19 65 99 69 23 53 50 0
5 30 11 5 33 56 98 66 80 73 78 66 73 32 44 26 58 72 21 43 33 43 56 76 56 73 34 47 53 75 46 61 0 15 21 77 47 10 27 29 9 40 75 71 77 73 35 10 84 69
16 34 83 31 21 29 85 10 12 35 86 71 59 15 83 23 58 60 79 21 18 73 8 48 9 72 80 39 77 59 17 32 14 68 84 38 30 83 66 98 86 11 87 91 12 95 61 66 54 44
23 3 79 62 22 8 79 69 92 46 85 90 17 69 92 48 23 33 6 54 39 90 77 28 41 63 16 56 34 46 32 0 41 64 67 31 82 24 33 50 17 75 73 8 48 85 11 97 70 94
15 76 53 46 70 24 67 24 99 95 18 58 62 54 63 7 4 5 76 4 94 87 46 45 68 69 66 7 69 11 56 13 42 21 84 20 64 23 27 32 31 50 42 87 64 50 74 47 12 38
45 74 4 20 9 98 6 84 14 23 22 90 11 60 57 93 15 54 7 6 56 66 31 79 34 49 97 86 56 52 32 43 66 80 95 63 66 6 8 80 5 89 69 55 7 11 55 31 12 72
3 23 76 43 43 3 44 39 15 72 20 73 20 35 44 62 26 34 32 63 48 75 37 9 13 34 15 21 99 56 7 37 48 15 66 39 74 20 5 65 98 71 33 25 42 36 40 13 79 41
91 32 29 14 64 4 61 87 33 85 2 69 26 46 22 33 3 37 7 68 24 44 39 74 26 50 94 57 64 64 26 48 1 42 27 96 16 46 50 85 89 89 17 57 65 9 28 74 88 80
27 26 81 78 80 30 39 51 77 19 88 46 30 27 77 99 25 42 19 48 40 77 87 34 65 83 8 74 54 57 88 12 8 80 27 80 35 91 42 82 41 82 16 58 3 36 10 8 84 70
95 0 87 63 28 19 12 42 34 69 85 52 62 45 45 39 64 55 0 47 14 46 55 60 16 85 24 29 78 72 49 50 53 35 31 22 52 86 79 57 68 87 5 68 2 75 97 23 76 35
86 65 56 79 66 91 1 42 96 39 72 25 62 49 29 90 1 76 74 59 92 64 31 19 66 96 59 50 18 38 50 17 44 22 96 18 81 29 19 30 1 64 37 41 97 74 29 91 12 20
77 11 73 77 66 29 3 15 98 7 83 63 1 95 49 88 53 55 35 77 82 8 86 45 81 2 93 93 31 84 98 55 61 84 62 0 17 6 36 6 51 83 82 5 89 37 29 54 88 88
57 57 38 10 85 69 66 15 95 7 3 19 2 30 13 35 50 2 95 46 98 18 98 88 99 82 29 43 24 25 59 94 63 58 7 9 68 80 7 48 8 15 37 96 18 20 58 77 56 50
30 41 41 19 30 45 4 60 37 70 76 58 59 73 51 54 50 12 47 41 36 21 16 8 49 34 32 88 74 7 72 69 7 37 80 80 5 84 86 77 5 45 2 95 83 44 8 89 71 8
30 28 57 33 93 49 63 93 29 32 9 29 89 91 37 92 88 23 64 77 4 78 70 49 62 87 18 47 52 95 52 65 14 97 88 8 96 41 70 85 45 46 10 94 81 95 83 58 41 26
37 11 58 67 60 69 63 86 85 65 63 60 86 46 88 71 65 26 76 24 65 36 78 19 72 96 45 44 42 17 5 20 1 45 78 40 87 39 92 27 29 39 80 0 90 59 15 56 47 96
56 38 85 73 29 9 23 24 20 24 10 45 48 16 85 8 19 78 17 49 57 60 55 60 97 65 15 94 41 3 22 82 3 64 27 87 99 93 21 62 2 14 10 17 85 96 88 99 71 77
90 23 16 90 39 8 77 93 37 10 4 55 97 98 24 19 18 74 35 81 11 65 41 71 87 83 10 35 99 75 73 87 70 49 52 52 43 81 98 55 29 8 38 65 28 19 6 94 34 25
40 79 96 84 62 53 81 95 52 96 55 4 59 69 14 56 37 20 27 2 57 16 81 72 92 17 92 90 32 89 2 30 89 80 68 52 96 94 24 90 23 10 20 62 49 82 47 17 77 72
44 9 54 65 57 23 33 22 90 24 72 13 33 16 16 86 22 74 27 27 4 62 53 31 86 13 76 39 75 8 59 92 13 82 34 13 68 90 77 3 17 76 62 7 80 55 89 15 39 95
83 46 86 63 10 20 17 66 96 63 35 24 22 89 33 55 23 65 25 33 96 41 91 58 30 3 90 11 82 8 72 34 74 6 25 3 55 27 28 61 39 47 24 23 13 99 60 36 12 54
26 66 93 46 3 80 55 19 77 65 6 69 45 82 69 73 37 68 39 88 1 66 88 10 77 26 54 78 56 26 36 14 98 0 25 1 54 62 62 39 48 27 29 22 7 29 18 17 68 20
63 68 84 87 85 13 4 41 56 39 86 40 55 77 13 91 37 34 14 25 67 44 37 36 64 85 73 27 71 77 36 36 73 65 21 38 93 68 72 53 21 6 4 35 97 15 30 10 73 50
37 63 70 93 90 73 37 89 0 34 45 91 15 41 97 24 96 7 81 43 11 38 65 89 52 23 37 0 17 20 40 92 8 16 62 42 70 35 56 55 28 61 19 51 12 66 31 55 11 93
21 22 95 57 97 48 28 24 27 98 44 4 74 77 79 37 90 85 83 14 91 8 12 67 20 96 0 35 23 30 71 57 10 89 18 54 16 61 69 33 89 46 32 9 84 55 28 97 17 4
48 69 9 13 77 74 11 90 94 62 80 61 88 86 61 9 37 70 21 93 22 77 94 50 54 29 15 51 87 33 50 83 53 37 17 1 16 25 45 87 88 46 25 77 8 92 65 15 5 1
15 48 29 85 30 54 23 26 24 34 9 7 35 24 24 61 35 14 15 99 27 58 53 0 0 69 90 75 77 21 20 93 95 46 30 15 17 89 67 6 1 13 59 9 83 82 82 57 50 60
47 86 84 65 80 49 65 89 27 43 26 3 23 84 85 13 63 47 22 12 61 22 84 99 89 64 18 68 47 19 15 18 23 93 60 51 28 0 3 21 65 55 90 18 16 42 55 40 39 7
23 92 40 10 8 56 56 82 48 30 34 6 49 93 56 9 59 74 80 56 6 10 31 96 44 10 64 86 0 12 76 24 92 4 23 35 8 87 90 76 32 40 95 40 54 3 4 91 22 48
16 3 39 9 18 11 27 68 20 56 97 91 2 39 36 8 9 1 15 67 82 31 5 22 1 2 91 90 18 23 82 46 83 9 36 91 10 74 49 18 85 86 55 77 11 35 20 5 64 19
0 62 6 99 48 89 43 93 68 16 64 68 86 10 34 59 66 4 2 9 91 41 1 82 92 93 37 56 84 42 29 43 16 0 53 97 38 67 8 33 58 73 5 64 83 14 42 66 47 21
66 58 8 2 36 26 41 21 35 23 54 35 17 54 17 31 73 54 1 15 37 35 94 59 86 94 82 12 73 71 54 80 38 51 2 67 56 65 86 64 63 22 69 28 91 23 84 70 34 34
92 46 27 99 74 43 55 95 55 55 46 36 13 68 6 69 67 80 77 12 3 72 42 53 8 57 53 15 10 18 52 65 95 76 68 53 67 35 49 78 18 60 5 32 79 82 28 17 48 7
35 86 42 52 96 45 35 55 24 11 44 33 87 91 76 16 6 90 37 52 40 34 69 17 11 72 16 59 82 48 84 8 73 38 62 79 43 98 24 42 99 61 61 61 29 79 88 47 62 33
65 48 79 87 88 90 13 30 52 89 29 30 40 82 21 24 71 74 88 24 88 56 25 47 72 77 92 68 56 45 5 16 13 47 74 15 92 22 40 12 44 59 40 78 21 88 69 14 59 10
44 15 49 32 66 88 1 6 4 2 32 47 11 4 88 38 31 64 80 56 10 17 86 68 95 2 55 30 47 78 39 76 67 43 29 78 86 19 67 81 29 49 2 85 82 5 63 53 14 82
11 52 83 37 96 50 61 38 93 35 27 24 4 80 51 77 34 90 12 38 44 50 61 95 77 72 24 64 40 94 1 27 69 45 84 41 22 41 68 87 39 48 48 75 16 59 9 59 19 62
83 70 4 76 58 80 71 12 81 39 23 85 8 68 25 71 21 45 2 27 77 13 62 20 69 62 71 10 76 16 80 85 81 20 88 5 58 86 53 35 92 10 20 35 60 43 46 67 36 99
56 58 12 51 11 45 88 65 45 24 67 20 54 12 73 48 83 84 57 22 3 69 82 94 98 6 10 42 26 63 86 66 8 45 80 56 94 75 86 98 66 60 15 82 19 50 63 70 47 46
97 36 8 63 80 86 36 47 46 18 48 77 68 75 61 90 42 64 14 86 38 5 18 65 79 93 68 2 19 37 34 12 41 35 62 79 11 26 7 34 16 29 25 48 57 88 81 51 35 14
85 36 43 0 43 63 30 35 2 22 31 35 21 18 67 38 74 51 46 44 72 98 87 0 18 95 46 11 46 18 82 42 21 21 14 59 56 78 11 70 18 92 58 50 19 31 85 20 17 29
74 77 95 79 82 47 90 15 67 71 15 23 14 6 3 34 59 0 49 80 89 63 68 88 11 7 59 72 23 8 83 45 86 82 35 63 36 99 20 21 96 18 49 42 85 6 23 56 11 56
86 18 7 40 61 19 72 82 1 52 66 54 12 27 51 11 35 8 72 58 53 44 43 35 32 44 73 51 31 47 31 55 99 20 75 57 43 34 44 16 24 55 46 23 60 44 55 75 65 9
5 24 60 43 40 37 83 5 34 82 32 57 86 42 55 45 82 73 60 59 7 20 83 16 57 83 88 9 48 48 80 68 1 52 28 46 20 47 12 4 57 31 36 99 96 58 99 69 24 56
36 53 28 92 34 75 95 38 48 60 40 9 72 36 41 76 46 26 62 14 62 80 50 52 19 5 6 25 13 78 10 18 90 66 80 99 35 72 95 66 42 15 66 33 56 38 90 29 63 0
40 33 52 97 13 27 80 37 35 14 7 39 43 1 26 98 77 67 22 4 63 55 4 53 63 62 50 52 17 21 70 36 34 52 73 33 94 92 18 95 17 41 76 67 83 18 58 33 39 80
77 12 32 88 75 57 62 43 20 51 67 23 98 0 67 41 18 87 29 75 45 32 31 45 15 72 38 56 15 24 8 16 3 28 16 66 0 62 21 27 45 33 35 91 69 55 74 88 42 54
