11 18
0 1 2 3 3 4 5 5 6 6 7 8 9 10 10 11 12 13 14 14 15 16 17 18 18 19 19 20 21 21 22 22 23 24 24 25 26 26 27 27 28 29 30 30 31 32 33 33 34 34
35 1 2 36 37 38 39 39 40 40 7 8 41 41 42 11 43 13 44 45 45 16 17 46 47 48 49 20 50 50 51 52 53 53 54 25 55 56 57 58 59 29 60 60 61 32 62 62 63 64
35 65 65 36 66 38 67 68 68 69 69 70 71 72 73 74 43 75 75 76 76 77 78 46 47 48 49 79 80 80 81 52 82 83 84 84 55 56 57 58 59 85 86 86 61 87 88 89 63 64
90 91 92 92 66 93 67 94 94 95 95 70 96 72 73 74 97 98 98 99 99 77 78 100 100 101 102 79 103 103 81 104 82 83 105 106 107 108 108 109 110 110 111 112 113 87 88 114 115 115
116 91 117 118 119 119 120 121 122 123 124 124 96 125 126 127 97 128 129 130 130 131 131 132 133 101 102 134 135 135 136 104 137 138 139 106 107 140 140 141 141 142 111 112 113 143 144 114 145 145
116 146 146 118 147 147 120 121 148 123 149 150 150 125 126 151 152 128 129 153 154 154 155 132 133 156 156 134 157 158 136 159 159 138 139 160 161 161 162 162 163 142 164 165 166 143 144 167 168 168
169 170 171 172 173 174 175 175 148 176 149 177 177 178 178 151 179 179 180 181 181 182 155 183 183 184 185 186 187 158 188 189 189 190 191 192 192 193 194 194 163 195 195 165 166 196 196 167 197 198
169 170 171 172 173 174 199 200 200 176 201 201 202 202 203 204 204 205 206 206 207 207 208 209 209 184 185 186 187 210 211 212 213 213 191 214 215 215 216 216 217 217 218 218 219 219 220 221 197 222
223 224 225 225 226 227 228 228 229 230 231 231 232 233 233 234 235 235 236 236 237 238 208 239 240 241 242 242 243 243 211 212 244 245 246 247 248 249 249 250 251 252 253 254 255 255 220 256 256 222
257 224 258 258 226 259 259 260 229 230 261 262 232 263 263 234 264 264 265 266 237 238 267 239 240 241 268 268 269 270 271 271 244 245 246 247 248 272 272 250 251 273 253 254 274 274 275 276 277 278
257 279 280 280 281 282 282 260 283 284 261 285 286 287 287 288 289 289 265 266 290 291 291 292 293 293 294 294 269 270 295 296 296 297 297 298 298 299 299 300 300 273 301 301 302 303 275 276 277 304
305 279 306 306 281 307 308 308 283 284 309 285 310 310 311 288 312 313 314 315 290 316 317 318 319 319 320 320 321 321 295 322 323 323 324 325 326 326 327 328 329 329 330 330 302 303 331 332 333 304
305 334 335 336 337 338 339 340 340 341 342 342 343 343 344 344 312 313 314 345 345 316 346 318 347 348 348 349 350 351 351 322 352 353 324 325 354 354 355 328 356 356 357 357 358 358 331 359 333 360
361 334 335 336 337 338 362 362 363 364 365 366 366 367 368 368 369 370 371 371 372 372 346 373 347 374 374 375 350 376 376 377 352 353 378 379 380 380 355 381 381 382 383 383 384 384 385 359 386 386
361 387 387 388 388 389 389 390 391 364 365 392 392 393 393 394 369 395 395 396 396 397 397 373 398 398 399 375 400 400 401 377 402 402 378 379 403 404 405 406 406 382 407 407 408 408 385 409 410 411
412 413 413 414 415 415 416 416 391 417 418 418 419 419 420 394 421 422 422 423 424 424 425 426 426 427 428 428 429 429 401 430 431 431 432 432 403 404 405 433 434 434 435 436 437 437 438 439 410 411
440 441 442 414 443 444 445 446 447 417 448 449 450 451 451 452 452 453 453 423 454 455 456 457 458 427 459 459 460 461 461 430 462 462 463 464 464 465 466 433 467 467 435 436 468 469 469 439 470 470
440 441 471 471 443 444 445 446 472 472 448 449 450 473 473 474 475 475 476 476 454 477 456 457 458 478 479 479 460 480 481 481 482 482 463 483 483 465 466 484 485 485 486 486 487 487 488 488 489 489
490 491 492 493 493 494 495 495 496 497 498 499 499 500 500 474 501 502 502 503 503 477 504 505 506 478 507 508 509 480 510 511 512 512 513 513 514 514 515 515 516 517 518 519 520 521 522 522 523 524
490 491 492 525 525 494 526 527 527 497 498 528 529 530 530 531 532 532 533 534 535 535 504 505 506 536 507 508 509 537 510 538 539 540 541 541 542 542 543 544 544 517 518 519 520 521 545 546 546 524
547 548 549 549 550 550 551 552 553 553 554 554 529 555 555 556 556 557 558 534 559 559 560 561 561 536 562 563 563 564 565 538 539 540 566 567 567 568 569 570 571 572 573 573 574 574 575 576 577 577
547 548 578 578 579 580 551 552 581 582 583 584 585 585 586 586 587 557 558 588 589 589 560 590 590 591 562 592 593 564 565 594 594 595 595 596 597 568 569 570 571 572 598 598 599 599 575 576 600 600
601 601 602 602 579 603 603 604 605 582 606 584 607 607 608 608 587 609 610 588 611 611 612 612 613 591 614 592 593 615 616 616 617 617 618 618 597 619 619 620 621 622 622 623 624 625 625 626 627 628
629 629 630 631 631 632 632 604 605 633 606 634 635 635 636 636 637 609 610 638 639 640 641 641 613 642 642 643 644 615 645 645 646 647 647 648 648 649 649 620 621 650 650 623 624 651 652 626 627 628
653 653 630 654 655 655 656 657 657 633 658 659 659 660 661 662 637 663 664 638 639 640 665 666 667 667 668 643 669 669 670 670 646 671 672 673 674 675 676 676 677 678 678 679 680 681 652 682 683 683
684 685 686 654 687 687 656 688 688 689 658 690 691 660 661 662 692 693 664 694 695 695 665 666 696 696 668 697 698 698 699 699 700 700 672 673 674 675 701 701 677 702 702 679 680 681 703 703 704 704
684 685 686 705 706 707 707 708 709 709 710 690 691 711 712 713 692 693 714 694 715 716 716 717 718 718 719 719 720 721 722 722 723 724 725 726 726 727 728 729 730 730 731 732 732 733 733 734 735 736
737 738 738 705 739 739 740 740 741 741 710 742 743 711 744 713 745 745 714 746 715 747 748 749 749 750 750 751 720 721 752 752 723 753 725 754 755 755 728 729 756 757 758 759 759 760 761 734 735 736
762 762 763 764 765 766 767 768 768 769 770 742 743 771 744 772 773 774 774 746 775 747 748 776 776 777 778 778 779 779 780 781 781 753 782 782 783 784 785 785 756 757 758 786 786 760 787 787 788 788
789 790 763 764 765 766 767 791 792 769 770 793 794 771 795 772 796 796 797 798 775 799 800 800 801 802 802 803 804 805 805 806 806 807 808 808 783 784 809 809 810 811 812 813 813 814 815 816 817 818
789 819 819 820 820 821 821 791 822 823 823 793 794 824 795 825 825 826 797 798 827 827 828 829 830 831 831 803 832 833 834 834 835 836 836 837 838 838 839 839 810 811 812 840 841 814 815 816 817 818
842 843 843 844 845 846 846 847 822 848 849 849 850 824 851 852 852 853 853 854 854 855 828 829 830 856 857 858 832 833 859 860 861 861 862 837 863 864 864 865 865 866 866 840 841 867 868 869 870 871
872 873 873 844 845 874 874 847 875 848 876 876 877 878 878 879 879 880 881 881 882 883 884 885 885 856 857 858 886 887 859 888 889 890 891 891 863 892 892 893 894 895 896 897 897 867 868 869 870 871
872 898 899 900 900 901 902 903 875 904 904 905 877 906 907 907 908 880 909 909 882 883 884 910 911 911 912 913 886 887 914 888 889 890 915 916 916 917 917 918 894 895 919 919 920 921 922 922 923 923
924 898 899 925 925 926 902 903 927 927 928 905 929 930 931 932 908 933 933 934 934 935 935 910 936 936 912 913 937 937 938 938 939 940 940 941 942 942 943 918 944 945 946 946 947 921 948 949 949 950
924 951 951 952 952 926 953 954 954 955 928 956 929 930 957 932 958 958 959 960 960 961 962 963 964 965 966 967 967 968 969 970 939 971 972 972 973 974 975 975 976 945 977 978 947 979 948 980 981 981
982 983 984 985 986 986 953 987 987 955 988 956 989 989 957 990 990 991 959 992 992 961 962 963 964 965 966 993 993 968 969 970 994 971 995 995 996 974 997 997 976 998 977 999 1000 1001 1001 1002 1002 1003
982 983 984 1004 1005 1006 1006 1007 1007 1008 988 1009 1010 1010 1011 1011 1012 1012 1013 1014 1015 1016 1017 1018 1019 1020 1020 1021 1022 1022 1023 1024 994 1025 1026 1026 996 1027 1027 1028 1028 998 1029 999 1000 1030 1030 1031 1031 1032
1033 1034 1034 1004 1035 1035 1036 1037 1037 1008 1038 1009 1039 1040 1040 1041 1042 1042 1013 1014 1015 1016 1017 1018 1019 1043 1043 1021 1044 1044 1023 1045 1046 1025 1047 1047 1048 1049 1050 1050 1051 1052 1052 1053 1053 1054 1054 1055 1055 1032
1033 1056 1057 1058 1059 1060 1061 1062 1063 1064 1064 1065 1066 1067 1067 1068 1068 1069 1070 1071 1071 1072 1073 1074 1075 1076 1076 1077 1078 1078 1079 1045 1046 1080 1080 1081 1081 1049 1082 1082 1083 1084 1085 1085 1086 1087 1087 1088 1088 1089
1090 1056 1057 1091 1059 1060 1061 1062 1063 1092 1092 1065 1066 1093 1094 1095 1096 1069 1070 1097 1098 1072 1073 1074 1075 1099 1099 1077 1100 1100 1079 1101 1101 1102 1102 1103 1104 1105 1105 1106 1083 1084 1107 1107 1086 1108 1108 1109 1109 1089
1090 1110 1110 1091 1111 1111 1112 1113 1114 1115 1116 1116 1117 1093 1094 1118 1096 1119 1119 1097 1098 1120 1121 1121 1122 1123 1124 1125 1125 1126 1127 1127 1128 1128 1129 1103 1104 1130 1130 1106 1131 1131 1132 1132 1133 1133 1134 1135 1136 1137
1138 1139 1140 1141 1141 1142 1142 1113 1114 1115 1143 1144 1145 1145 1146 1118 1147 1148 1148 1149 1150 1120 1151 1151 1122 1123 1124 1152 1152 1153 1153 1154 1155 1155 1156 1157 1158 1158 1159 1160 1161 1162 1163 1164 1165 1165 1134 1135 1136 1137
1138 1139 1166 1166 1167 1167 1168 1169 1170 1170 1143 1144 1171 1171 1146 1172 1147 1173 1174 1149 1150 1175 1176 1177 1177 1178 1178 1179 1179 1180 1181 1154 1182 1183 1156 1157 1184 1185 1185 1160 1186 1162 1163 1164 1187 1187 1188 1188 1189 1189
1190 1190 1191 1191 1192 1192 1168 1169 1193 1193 1194 1195 1195 1196 1197 1172 1198 1173 1199 1199 1200 1175 1176 1201 1202 1203 1204 1204 1205 1180 1181 1206 1182 1183 1207 1208 1209 1210 1211 1212 1186 1213 1214 1215 1216 1217 1217 1218 1218 1219
1220 1220 1221 1221 1222 1222 1223 1223 1224 1225 1226 1227 1228 1196 1197 1229 1230 1231 1232 1233 1200 1234 1235 1235 1202 1236 1237 1238 1238 1239 1239 1206 1240 1240 1207 1208 1209 1210 1211 1212 1241 1213 1242 1215 1216 1243 1244 1244 1245 1219
1246 1246 1247 1247 1248 1248 1249 1250 1224 1225 1226 1227 1251 1251 1252 1252 1230 1231 1232 1253 1253 1254 1254 1255 1255 1236 1256 1256 1257 1257 1258 1258 1259 1259 1260 1261 1261 1262 1262 1263 1263 1264 1242 1265 1266 1243 1267 1267 1245 1268
1269 1269 1270 1270 1271 1272 1272 1250 1273 1274 1274 1275 1276 1277 1277 1278 1278 1279 1279 1280 1280 1281 1281 1282 1282 1283 1283 1284 1285 1286 1286 1287 1288 1289 1260 1290 1291 1292 1292 1293 1293 1264 1294 1294 1266 1295 1296 1297 1298 1268
1299 1300 1300 1301 1302 1302 1303 1304 1273 1305 1306 1307 1276 1308 1308 1309 1310 1311 1311 1312 1312 1313 1314 1315 1316 1316 1317 1284 1285 1318 1319 1287 1288 1289 1320 1321 1291 1322 1322 1323 1324 1325 1326 1327 1327 1328 1296 1297 1329 1330
1299 1331 1331 1301 1332 1332 1303 1333 1333 1305 1306 1307 1334 1334 1335 1309 1310 1336 1336 1337 1337 1313 1314 1315 1338 1338 1317 1339 1339 1318 1319 1340 1340 1341 1341 1321 1342 1342 1343 1343 1324 1325 1326 1344 1344 1328 1345 1345 1329 1330
20 70 1 50 17 29 94 54 27 2 21 13 83 66 34 28 39 91 98 72 25 13 24 93 23 1 88 68 90 6 64 30 35 35 45 0 80 26 82 56 56 19 38 68 89 79 17 88 56 90
72 25 75 83 83 87 19 50 44 9 81 82 3 64 45 3 25 34 38 52 52 3 33 94 65 79 99 94 57 67 63 87 61 74 29 42 97 37 88 25 96 97 50 62 0 22 34 12 99 54
51 12 41 45 91 82 15 11 43 47 36 57 48 33 48 69 97 74 41 76 35 86 60 57 99 33 86 19 73 62 89 51 8 91 97 8 38 14 18 89 59 17 96 50 2 78 58 92 48 33
60 8 10 23 75 94 46 38 96 71 29 94 33 40 43 62 30 56 2 54 32 77 8 1 35 11 67 40 89 86 14 8 93 86 98 68 81 92 5 94 69 37 36 32 23 7 67 39 46 41
68 31 52 65 28 97 82 70 38 0 55 91 5 12 6 79 37 40 24 53 53 27 25 33 64 89 9 48 27 87 51 89 12 70 53 59 62 21 78 49 23 49 79 29 60 86 69 40 99 65
43 27 90 16 50 86 98 61 3 50 3 0 67 86 81 69 90 63 90 70 85 23 40 1 8 81 81 57 93 83 41 94 17 35 33 46 59 66 13 94 65 58 74 56 16 30 26 92 57 76
96 38 16 25 54 17 23 74 57 81 91 10 5 91 93 76 27 89 9 32 16 8 48 57 32 68 65 80 21 81 6 42 94 8 62 15 94 39 0 86 51 2 25 15 15 34 77 12 79 18
29 70 2 95 48 46 46 65 26 29 95 59 78 68 17 67 32 30 25 69 94 47 48 2 68 27 42 6 56 13 69 9 14 57 45 28 94 96 55 1 21 46 32 1 30 21 64 4 62 55
53 50 54 60 66 75 63 59 76 98 95 92 15 92 0 43 13 30 51 93 13 21 56 55 37 14 30 40 65 19 79 90 36 6 45 88 3 79 66 91 43 6 46 51 97 49 2 6 60 98
59 61 56 70 68 61 34 57 27 74 12 1 76 95 20 98 74 67 96 16 37 14 49 54 70 40 92 58 82 70 45 55 43 48 37 48 94 50 84 11 83 97 45 47 98 47 4 80 81 43
25 94 36 36 47 42 77 44 0 71 10 46 65 0 80 19 67 21 35 28 76 28 0 55 69 15 62 73 54 53 39 67 71 89 18 61 97 16 88 92 54 69 41 44 0 73 70 92 73 73
56 93 82 16 85 45 90 41 81 20 59 18 20 84 17 53 77 80 54 85 41 77 40 31 56 9 90 3 60 75 80 89 92 74 55 29 75 37 24 98 77 0 61 21 84 70 92 68 25 14
29 65 79 62 68 75 22 53 26 18 44 71 56 81 21 68 60 50 98 88 24 52 57 92 25 90 43 52 34 37 1 27 79 9 35 67 57 30 39 72 30 32 64 31 82 23 7 22 78 17
73 75 5 54 16 25 97 43 74 42 56 94 36 57 93 83 58 47 94 26 10 85 80 68 58 43 62 41 58 98 76 90 78 21 82 80 58 19 33 87 15 76 52 27 21 60 79 56 30 14
12 23 47 87 11 44 84 85 16 25 98 6 28 60 47 52 98 56 3 12 61 83 78 7 69 2 32 82 56 45 67 15 52 88 41 84 57 95 83 28 42 9 25 44 27 67 89 99 54 3
86 35 31 16 15 75 92 36 7 25 11 48 40 69 28 25 38 9 66 30 50 9 3 54 67 18 71 16 12 89 65 83 79 54 87 28 66 20 42 68 54 97 39 36 49 89 74 77 80 47
29 25 56 46 72 78 40 60 20 46 3 36 69 66 3 14 64 12 0 20 79 53 68 35 14 37 6 96 98 88 42 29 20 49 56 95 62 50 94 16 95 13 63 21 26 30 6 68 15 17
8 74 12 3 89 87 29 21 51 62 23 32 96 67 54 17 70 77 36 41 66 39 85 4 77 56 62 86 22 20 36 30 71 38 86 23 33 1 63 3 99 51 2 20 67 51 24 60 87 91
15 17 60 81 37 0 0 95 20 59 7 0 65 64 29 40 91 88 99 41 67 8 42 3 80 85 61 58 27 47 86 52 67 41 41 21 17 58 24 90 54 30 22 53 30 61 19 30 58 18
9 87 60 40 60 64 82 80 34 92 75 17 47 32 67 28 31 43 21 97 44 90 45 21 41 46 6 63 70 24 15 37 66 56 39 43 60 81 39 76 6 98 47 14 42 27 64 90 99 45
97 25 90 17 0 23 68 67 36 14 52 27 73 39 36 76 28 51 94 13 1 74 0 70 47 99 48 47 78 80 83 1 81 95 16 9 71 30 82 22 8 74 32 49 59 21 30 8 99 56
79 45 25 25 65 92 74 57 90 93 56 75 56 59 5 81 3 21 75 52 67 68 27 67 58 13 58 34 25 89 48 35 91 81 17 85 46 71 24 34 84 40 17 20 37 99 55 66 34 84
21 2 66 21 94 41 63 6 14 48 83 33 13 78 1 26 31 59 16 93 74 1 4 10 62 93 90 19 7 59 52 21 23 83 83 98 12 94 21 20 86 9 63 62 2 7 7 97 83 53
89 92 30 70 97 54 90 59 40 15 15 66 4 87 13 6 39 83 66 58 96 25 81 60 28 7 16 17 56 95 68 28 5 20 25 87 82 34 38 18 72 18 74 96 51 9 40 73 98 33
71 52 25 77 51 68 10 82 68 61 75 5 53 93 34 19 96 15 27 87 30 65 70 31 47 94 7 33 88 86 70 73 5 32 85 89 26 25 91 92 49 54 27 79 20 27 85 73 68 58
54 37 16 57 11 98 41 28 10 13 77 22 80 55 49 33 4 45 92 78 8 38 30 65 76 96 10 2 0 32 56 99 65 78 44 16 49 48 36 0 30 21 34 53 6 72 18 80 70 16
61 83 86 57 91 96 80 46 23 10 91 32 67 97 49 31 89 7 77 55 44 58 80 31 91 22 90 95 13 20 57 76 25 60 94 5 8 3 1 54 43 49 74 47 47 24 62 49 75 61
67 31 20 89 98 80 68 79 55 35 27 92 97 80 78 38 41 81 63 54 81 27 48 15 41 32 61 5 48 80 8 31 47 0 7 43 7 91 84 50 35 95 25 51 29 5 94 94 24 66
68 47 85 18 44 22 44 10 71 3 1 97 18 98 92 49 64 8 92 54 33 0 12 20 20 85 26 5 33 71 12 29 91 1 12 32 74 81 42 9 44 68 71 87 65 62 47 67 89 97
52 23 36 43 22 60 55 92 78 83 66 69 69 96 94 39 58 14 5 62 73 15 32 66 50 27 55 2 78 49 15 96 42 54 4 29 56 98 41 1 29 20 77 18 16 7 52 17 44 13
90 27 63 59 3 87 4 52 86 17 93 18 35 3 35 28 7 5 75 72 81 78 69 62 19 47 54 4 92 16 9 97 72 45 6 4 39 36 92 32 67 18 86 17 3 39 42 83 16 4
97 53 36 17 61 61 68 94 7 66 47 24 56 97 66 61 78 46 18 11 46 63 64 12 26 39 94 92 45 7 89 18 14 37 96 6 20 19 29 82 11 73 91 78 86 22 30 88 2 84
0 37 45 62 4 13 43 68 82 2 67 84 63 42 21 56 88 74 56 88 43 78 14 19 55 75 5 40 95 47 32 27 65 53 55 35 15 41 50 88 73 86 29 3 39 60 55 77 22 40
85 76 16 80 28 88 70 73 40 77 51 68 90 61 62 52 64 95 44 52 32 12 76 41 24 14 80 99 13 19 18 40 57 84 2 37 21 81 13 82 92 81 77 77 66 81 53 76 39 27
9 19 98 65 23 89 67 2 93 54 23 31 9 92 36 39 97 35 29 30 32 60 66 26 69 59 58 31 54 91 27 95 55 83 78 38 21 22 99 78 55 37 97 77 29 41 96 32 47 55
39 27 72 75 76 14 41 93 67 90 61 5 54 66 57 4 8 57 79 13 60 51 65 41 22 49 5 58 62 28 92 81 85 82 14 33 6 53 48 79 31 38 60 31 6 79 67 98 66 73
58 24 76 65 70 9 29 34 9 24 87 62 45 49 90 5 98 92 31 3 76 11 88 31 95 33 9 65 76 39 87 25 53 78 15 8 31 94 13 79 36 44 74 14 94 56 61 35 75 90
35 37 19 13 28 42 34 14 7 7 35 89 81 27 86 55 93 72 64 35 48 95 31 74 43 46 47 19 97 41 80 15 97 28 57 42 97 56 17 7 69 96 26 87 12 0 82 9 47 83
72 70 34 44 99 4 52 47 67 84 11 77 10 15 60 45 10 70 84 91 22 47 50 78 34 91 36 37 6 47 91 17 73 41 92 94 66 66 93 66 38 62 59 40 66 18 33 90 24 58
79 47 43 47 43 57 32 90 27 0 25 62 79 43 55 35 73 44 55 34 58 18 80 21 44 20 21 14 79 43 50 75 18 67 45 25 0 7 3 31 8 80 23 88 12 58 93 57 4 58
62 16 81 9 73 80 11 21 60 83 40 99 10 60 16 15 40 40 45 30 42 1 98 98 97 92 50 92 94 72 79 47 15 78 32 9 81 55 79 38 98 44 79 15 66 88 86 28 53 36
42 59 40 73 45 95 92 28 82 11 75 72 75 10 12 27 15 93 42 14 36 60 61 98 1 22 37 63 95 92 42 97 74 79 38 18 59 90 23 93 91 27 4 5 49 12 17 59 5 38
27 76 7 67 66 63 87 12 27 12 46 43 72 42 16 85 16 20 57 55 28 75 43 8 74 40 26 78 46 12 68 72 82 65 33 68 5 89 78 45 41 50 11 85 84 42 10 95 69 57
39 33 59 3 78 76 74 1 76 54 27 36 91 73 99 71 69 4 30 81 73 61 43 6 59 57 7 25 5 56 45 47 96 29 49 72 11 19 66 66 27 88 4 33 43 91 45 31 91 14
47 29 71 83 86 62 86 53 87 12 0 47 25 61 57 57 44 68 67 19 38 9 64 25 53 3 19 12 25 22 13 72 82 62 78 61 79 50 84 59 15 16 56 51 88 31 36 7 98 49
97 39 3 33 77 26 46 31 49 79 58 32 26 83 57 34 6 99 71 57 70 95 83 93 4 87 14 73 47 32 39 3 16 78 25 31 60 5 64 40 75 30 25 95 17 17 14 0 40 61
85 91 22 55 39 86 12 52 17 88 92 27 84 1 95 78 66 18 19 54 31 30 1 68 51 20 55 35 91 83 97 58 33 61 97 76 71 68 38 79 13 22 56 75 99 96 74 32 70 26
83 5 9 48 86 29 55 47 6 35 53 52 22 92 75 95 91 79 56 69 81 65 65 9 42 60 1 75 27 63 17 6 58 25 27 75 64 68 48 29 95 19 37 62 20 85 41 86 99 66
19 44 57 82 27 59 36 74 95 26 50 93 5 5 66 73 30 36 6 44 52 29 71 86 20 12 98 15 98 35 59 41 84 99 39 57 22 96 48 78 84 73 71 34 16 77 23 69 53 74
25 34 50 58 67 33 99 22 71 12 0 29 73 25 11 47 47 66 53 72 18 26 21 57 63 37 63 9 96 8 1 50 89 14 1 69 21 9 68 63 95 85 33 61 96 75 0 64 61 37
