9 1
0 1 1 2 3 3 4 5 6 6 7 8 8 9 9 10 10 11 12 12 13 13 14 14 15 16 17 18 19 20 21 22 23 24 24 25 25 26 27 27 28 29 29 30 30 31 32 33 33 34
0 35 36 2 37 38 4 5 39 40 40 41 41 42 43 44 44 11 45 45 46 47 47 48 15 16 17 18 19 20 49 22 23 50 51 52 53 54 54 55 28 56 56 57 58 31 59 59 60 34
61 35 62 62 37 63 63 64 39 65 65 66 66 42 67 68 69 70 71 72 46 73 73 48 74 75 76 77 78 78 49 79 79 50 51 52 80 80 81 81 82 83 83 84 58 85 86 87 60 88
61 89 89 90 90 91 91 64 92 92 93 93 94 95 67 68 69 96 71 97 97 98 99 100 74 101 76 77 102 103 103 104 104 105 105 106 106 107 108 108 109 110 111 84 112 85 86 113 113 88
114 115 115 116 117 117 118 118 119 119 120 120 94 121 122 122 123 96 124 125 125 98 99 100 126 101 127 127 128 128 129 130 131 132 132 133 133 107 134 134 109 110 135 136 137 138 138 139 140 140
114 141 142 142 143 143 144 144 145 145 146 146 147 121 148 148 123 149 149 150 150 151 152 153 153 154 155 156 156 157 157 130 158 158 159 160 160 161 162 162 163 163 135 136 137 164 165 165 166 167
168 168 169 169 170 170 171 172 172 173 173 174 147 175 176 177 178 179 179 180 180 181 152 182 182 154 155 183 183 184 185 185 186 187 159 188 189 189 190 190 191 191 192 192 193 164 194 195 195 167
196 196 197 197 198 199 199 200 200 201 202 203 203 175 176 177 178 204 205 206 206 181 207 208 209 209 210 211 211 184 212 212 186 187 213 214 214 215 216 217 218 218 219 220 193 221 194 222 223 223
224 225 225 226 198 227 228 228 229 230 202 231 232 233 234 234 235 204 205 236 237 238 207 208 239 240 210 241 241 242 242 243 244 244 213 245 245 215 246 217 247 248 219 220 249 221 250 222 251 251
224 252 253 253 254 254 255 255 229 230 256 257 232 233 258 259 235 260 261 261 237 238 262 263 264 240 265 266 267 267 268 243 269 270 270 271 272 273 246 274 247 275 276 276 249 277 250 278 279 279
280 281 281 282 282 283 284 284 285 285 286 257 287 287 288 259 289 290 291 291 292 292 262 263 264 293 265 294 295 296 268 297 297 298 299 271 272 273 300 300 301 275 302 302 303 303 304 305 305 306
280 307 307 308 308 283 309 309 310 310 286 311 312 312 288 313 289 290 314 315 315 316 317 317 318 293 319 294 295 320 320 321 321 322 299 323 324 325 326 326 301 327 327 328 328 329 329 330 331 306
332 333 334 334 335 336 337 337 338 338 339 311 340 340 341 313 342 342 314 343 344 344 345 346 347 347 348 349 350 350 351 351 352 322 353 323 324 354 355 355 356 356 357 358 358 359 360 360 331 361
332 333 362 362 335 336 363 364 365 366 366 367 368 368 341 369 370 371 371 343 372 373 345 346 374 374 348 375 375 376 377 378 352 379 379 380 380 354 381 382 383 384 357 385 385 359 386 386 387 361
388 388 389 390 391 392 363 364 365 393 393 367 394 394 395 369 396 396 397 398 372 399 400 401 402 402 403 403 404 376 377 405 405 406 407 408 408 409 381 382 383 410 411 411 412 412 413 413 414 414
415 416 417 390 391 392 418 419 419 420 421 421 422 423 395 424 425 426 426 398 427 399 400 428 428 429 430 431 404 432 432 433 433 406 407 434 434 409 435 436 437 410 438 439 440 440 441 441 442 442
415 416 417 443 443 444 418 445 446 447 448 448 422 449 450 424 425 451 452 453 427 454 455 455 456 429 430 457 457 458 458 459 459 460 460 461 462 463 463 436 437 464 438 465 465 466 466 467 467 468
469 469 470 471 471 444 472 445 446 447 473 474 475 449 476 477 478 451 452 453 479 480 480 481 482 482 483 484 485 485 486 486 487 488 488 461 462 489 490 491 491 464 492 493 493 494 495 495 496 468
497 497 470 498 498 499 500 500 501 502 473 474 503 504 476 477 478 505 506 507 479 508 509 481 510 510 483 484 511 511 512 513 513 514 515 515 516 489 490 517 517 518 492 519 519 494 520 521 496 522
523 523 524 524 525 499 526 527 527 502 528 528 503 529 530 531 531 505 506 507 532 532 509 533 533 534 535 535 536 536 512 537 537 514 538 539 516 540 541 542 542 518 543 544 544 545 520 521 546 522
547 547 548 548 525 549 549 550 550 551 552 553 553 529 530 554 555 556 556 557 558 559 559 560 561 561 562 562 563 564 565 566 567 567 538 539 568 569 541 570 571 571 572 572 573 545 574 574 575 576
577 578 579 579 580 580 581 582 582 551 583 584 585 586 587 554 555 588 588 557 558 589 590 560 591 592 592 593 563 564 565 566 594 594 595 596 596 569 597 597 598 599 600 601 601 602 602 603 575 576
604 578 605 606 606 607 608 608 609 610 583 584 585 586 611 611 612 613 613 614 614 589 590 615 615 616 616 617 618 618 619 620 620 621 595 622 622 623 623 624 624 599 600 625 625 626 627 603 628 628
604 629 630 630 631 632 632 633 609 634 634 635 635 636 636 637 638 638 639 639 640 640 641 642 642 643 643 617 644 644 619 645 645 646 646 647 648 648 649 650 651 651 652 653 654 654 627 655 656 656
657 658 659 659 660 660 661 633 662 663 663 664 664 665 666 667 667 668 668 669 670 670 641 671 671 672 673 674 675 676 676 677 677 678 679 680 680 681 649 650 682 682 652 683 684 685 685 655 686 686
657 658 687 688 689 690 691 692 662 693 693 694 694 665 666 695 695 696 697 669 698 698 699 699 700 672 673 701 675 702 703 704 704 705 679 706 707 707 708 709 710 710 711 683 684 712 713 714 715 715
716 717 687 688 689 718 691 692 719 719 720 720 721 721 722 723 724 724 697 725 726 727 727 728 700 729 729 701 730 702 731 732 732 705 733 733 734 735 735 709 736 736 737 737 738 712 713 714 739 740
716 717 741 741 742 718 743 744 744 745 745 746 747 747 722 723 748 749 750 725 751 751 752 728 753 754 755 755 730 756 731 757 758 759 760 761 734 762 762 763 764 765 766 767 768 769 769 770 770 740
771 771 772 772 742 773 743 774 774 775 775 746 776 776 777 778 748 749 750 779 779 780 752 781 753 754 782 783 784 756 785 757 758 759 786 761 787 788 788 789 764 765 766 767 768 790 791 792 792 793
794 795 795 796 797 797 798 799 799 800 800 801 802 802 777 803 804 804 805 806 807 780 808 809 810 810 782 783 784 811 812 812 813 813 786 814 814 815 815 789 816 817 818 819 820 790 791 821 821 793
794 822 822 823 823 824 798 825 825 826 827 801 828 828 829 803 830 831 832 806 807 833 808 809 834 835 836 837 838 811 839 840 841 842 842 843 843 844 845 846 847 817 848 819 849 849 850 851 851 852
853 853 854 854 855 856 856 857 858 859 827 860 860 861 829 862 862 831 832 863 863 833 864 865 834 835 836 837 838 866 839 840 867 868 869 870 871 871 845 846 847 872 848 873 873 874 875 876 876 852
877 878 878 879 880 881 882 883 858 859 884 884 885 886 887 888 889 889 890 890 891 891 864 865 892 893 894 894 895 866 896 896 867 868 869 897 898 898 899 900 900 901 901 902 903 904 875 905 906 906
907 907 908 909 880 910 882 883 911 912 912 913 885 886 887 888 914 915 916 916 917 918 918 919 920 893 921 921 895 922 923 923 924 925 925 897 926 927 899 928 929 929 930 902 903 904 931 905 932 932
933 934 908 909 935 910 936 936 937 938 938 913 939 940 940 941 914 915 942 943 944 945 946 919 920 947 948 948 949 922 950 951 951 952 953 953 926 927 954 955 955 956 956 957 957 958 931 959 960 960
933 934 961 961 962 963 963 964 937 965 966 967 967 968 969 941 970 970 942 943 944 945 946 971 971 947 972 972 949 973 950 974 975 975 976 976 977 978 978 979 980 981 982 983 983 958 984 984 985 985
986 986 987 988 962 989 989 964 990 965 991 991 992 968 969 993 993 994 995 995 996 996 997 997 998 998 999 1000 1001 973 1002 1002 1003 1004 1005 1006 1007 1007 1008 1009 980 981 982 1010 1011 1012 1013 1013 1014 1015
1016 1017 1017 988 1018 1018 1019 1020 990 1021 1021 1022 1022 1023 1023 1024 1024 1025 1026 1026 1027 1027 1028 1028 1029 1030 999 1000 1001 1031 1032 1033 1033 1004 1005 1006 1034 1034 1008 1009 1035 1036 1036 1037 1011 1038 1039 1040 1014 1015
1041 1041 1042 1042 1043 1044 1019 1020 1045 1046 1046 1047 1047 1048 1048 1049 1050 1025 1051 1052 1053 1054 1054 1055 1055 1030 1056 1056 1057 1057 1032 1058 1058 1059 1059 1060 1060 1061 1061 1062 1035 1063 1064 1037 1065 1038 1039 1040 1066 1067
1068 1069 1069 1070 1043 1044 1071 1071 1045 1072 1073 1073 1074 1074 1075 1049 1076 1077 1051 1052 1078 1078 1079 1080 1080 1081 1081 1082 1082 1083 1084 1084 1085 1086 1087 1088 1089 1089 1090 1091 1091 1092 1064 1093 1094 1094 1095 1095 1066 1067
1068 1096 1096 1097 1097 1098 1099 1099 1100 1100 1101 1101 1102 1102 1075 1103 1076 1077 1104 1105 1105 1106 1107 1107 1108 1108 1109 1109 1110 1110 1111 1112 1112 1086 1087 1088 1113 1113 1090 1114 1115 1092 1116 1093 1117 1118 1119 1119 1120 1120
1121 1122 1123 1124 1125 1126 1126 1127 1128 1128 1129 1130 1130 1131 1131 1103 1132 1132 1104 1133 1133 1106 1134 1134 1135 1135 1136 1137 1138 1138 1111 1139 1139 1140 1141 1142 1143 1144 1144 1114 1115 1145 1116 1146 1117 1147 1147 1148 1148 1149
1121 1122 1123 1124 1150 1150 1151 1152 1153 1153 1129 1154 1154 1155 1156 1157 1157 1158 1158 1159 1159 1160 1161 1161 1162 1162 1136 1137 1163 1164 1164 1165 1165 1166 1141 1142 1143 1167 1168 1169 1169 1145 1170 1170 1171 1172 1173 1174 1174 1175
1176 1177 1178 1179 1179 1180 1181 1152 1182 1183 1184 1185 1186 1155 1187 1188 1188 1189 1190 1191 1192 1192 1193 1194 1195 1196 1197 1198 1163 1199 1200 1201 1202 1166 1203 1204 1204 1167 1168 1205 1205 1206 1207 1208 1171 1172 1209 1209 1210 1175
1176 1211 1178 1212 1213 1180 1181 1214 1215 1183 1184 1185 1186 1216 1187 1217 1218 1218 1190 1191 1219 1220 1193 1221 1195 1196 1222 1198 1223 1199 1200 1201 1202 1224 1203 1225 1226 1226 1227 1228 1228 1229 1207 1208 1230 1231 1232 1233 1234 1235
1236 1211 1237 1212 1238 1238 1239 1239 1215 1240 1241 1241 1242 1216 1243 1217 1244 1244 1245 1245 1219 1220 1246 1221 1247 1247 1222 1248 1223 1249 1250 1250 1251 1251 1252 1252 1253 1253 1227 1254 1254 1229 1255 1255 1230 1231 1232 1233 1234 1235
1236 1256 1256 1257 1258 1259 1259 1260 1261 1261 1262 1263 1242 1264 1243 1265 1265 1266 1267 1268 1269 1270 1246 1271 1271 1272 1273 1273 1274 1275 1276 1277 1278 1279 1280 1281 1281 1282 1282 1283 1283 1284 1285 1285 1286 1286 1287 1287 1288 1288
1289 1290 1291 1292 1258 1293 1293 1260 1294 1295 1262 1263 1296 1297 1297 1298 1298 1266 1267 1268 1269 1270 1299 1299 1300 1272 1301 1301 1274 1275 1276 1302 1278 1279 1303 1303 1304 1304 1305 1305 1306 1284 1307 1308 1309 1309 1310 1310 1311 1312
1289 1290 1291 1292 1313 1314 1314 1315 1316 1295 1317 1317 1318 1318 1319 1320 1321 1322 1323 1323 1324 1324 1325 1326 1300 1327 1327 1328 1329 1329 1330 1302 1331 1332 1333 1333 1334 1335 1336 1336 1306 1337 1338 1308 1339 1339 1340 1341 1311 1312
1342 1342 1343 1343 1313 1344 1344 1315 1316 1345 1345 1346 1346 1347 1347 1320 1321 1348 1348 1349 1350 1350 1325 1326 1351 1351 1352 1328 1353 1353 1330 1354 1331 1355 1355 1356 1356 1335 1357 1357 1358 1358 1338 1359 1359 1360 1340 1361 1361 1362
60 6 42 46 20 80 23 47 16 55 66 69 55 28 97 61 7 68 61 59 39 42 8 32 37 26 26 34 24 42 7 63 1 1 79 67 71 9 51 51 44 1 77 11 5 38 60 72 36 72
24 79 7 82 69 46 20 67 26 70 9 91 68 26 42 36 3 79 22 65 58 6 92 15 88 54 5 80 75 4 3 85 48 74 19 22 79 60 46 27 28 10 75 95 26 55 26 23 31 38
68 90 79 46 87 32 14 22 28 1 25 23 45 27 58 67 49 32 57 70 50 25 13 96 46 34 83 86 41 65 42 41 15 45 57 17 47 66 43 68 14 32 74 80 93 89 13 54 83 59
88 73 96 27 96 79 30 7 6 97 78 79 42 24 59 16 5 16 29 73 97 3 23 40 49 81 86 53 75 63 61 90 76 17 98 41 85 54 7 51 51 1 27 6 54 4 66 96 9 75
44 29 26 84 65 72 67 40 84 13 85 34 67 13 47 10 79 20 33 47 23 45 54 97 31 7 75 3 52 15 41 55 81 91 78 10 71 73 10 53 58 25 6 38 1 82 83 3 95 16
81 32 2 61 4 13 99 34 58 76 38 83 92 44 2 86 21 90 36 87 10 13 28 35 58 26 35 43 14 68 87 77 10 32 63 33 3 54 1 25 96 70 8 40 16 55 97 23 98 94
45 5 1 27 41 66 33 0 74 37 87 91 99 11 48 47 57 88 55 72 81 5 81 20 9 1 53 10 0 74 25 78 50 18 7 29 11 8 6 77 55 88 81 85 29 89 95 73 95 52
69 37 21 54 60 56 73 18 12 44 36 54 40 15 1 27 86 87 45 68 91 84 1 81 22 21 30 86 14 29 35 89 9 70 77 88 97 61 36 15 81 14 2 78 4 4 37 78 61 55
68 79 98 69 11 53 33 13 21 94 84 63 62 0 8 51 72 56 41 3 46 82 93 27 17 54 36 13 94 15 80 21 29 93 21 58 22 3 99 78 51 60 89 23 29 46 85 58 82 19
44 51 59 99 62 78 32 43 91 55 39 31 72 59 71 34 44 94 5 28 59 10 94 22 24 94 66 20 1 25 53 58 68 18 58 74 23 43 34 66 72 72 38 88 50 93 81 14 61 67
96 90 5 13 68 93 94 32 60 87 54 48 6 5 83 40 47 67 82 95 91 15 69 79 82 7 35 74 98 64 51 83 68 55 28 43 59 59 42 95 79 17 17 44 8 1 5 60 95 46
0 12 73 48 92 73 51 22 66 14 32 2 2 53 92 61 2 3 58 68 77 72 18 87 24 2 94 28 83 28 68 11 95 32 79 66 50 13 30 10 76 28 17 11 98 46 98 33 80 16
93 25 57 68 24 51 14 97 14 56 46 67 47 49 60 19 77 44 88 85 19 70 88 62 9 37 24 80 10 36 13 39 37 44 61 87 54 81 30 9 54 18 5 59 35 87 2 5 52 96
64 21 65 89 20 26 57 63 62 57 51 22 0 69 77 71 27 0 84 72 80 44 97 49 76 48 61 40 2 80 84 28 33 33 60 5 21 82 4 20 37 26 36 83 38 43 41 58 73 29
88 93 57 56 31 91 97 4 5 48 76 65 51 52 42 7 63 10 94 97 7 54 36 8 78 75 14 7 61 64 6 45 40 89 58 95 16 78 44 52 28 81 5 51 59 98 5 75 74 30
43 84 70 93 56 73 52 93 4 46 44 30 58 0 78 28 87 49 27 30 3 55 80 40 50 53 60 89 6 78 47 74 61 29 19 11 71 3 68 76 6 62 43 22 57 79 75 9 11 65
84 95 30 2 17 72 68 22 60 65 36 62 93 63 11 19 98 30 74 42 92 39 25 23 34 18 50 31 57 37 2 16 61 46 78 49 77 4 50 1 28 58 91 32 48 32 82 39 95 60
55 34 77 40 27 35 53 58 99 92 72 32 83 16 0 99 77 51 43 30 98 54 58 68 32 39 33 95 34 14 43 31 47 67 34 75 61 21 21 90 77 58 76 63 64 64 50 89 22 35
46 66 71 85 69 80 7 74 1 73 85 46 31 60 44 13 54 87 5 52 92 95 10 72 99 93 17 11 13 85 53 93 12 82 14 22 18 89 26 77 23 42 21 53 38 49 65 0 69 13
7 95 54 64 78 62 89 27 66 29 37 53 95 55 25 11 39 87 98 18 75 39 67 57 35 97 58 18 62 68 27 77 5 31 79 49 49 28 76 92 35 20 34 43 64 36 28 80 48 91
51 20 28 27 43 27 96 55 86 77 81 67 16 10 52 94 31 37 56 67 0 23 71 84 35 15 16 82 39 90 19 53 83 29 82 26 50 96 12 1 4 4 7 17 29 22 78 62 46 78
54 23 56 81 83 50 13 96 82 96 74 40 50 52 71 92 68 29 3 92 29 9 80 10 81 60 48 46 93 23 85 65 46 70 42 66 55 5 91 38 99 19 59 88 8 17 44 52 51 15
16 36 3 83 18 75 76 78 13 87 80 64 98 58 31 6 95 74 17 24 3 18 13 0 36 53 72 97 99 54 76 54 39 42 90 40 32 81 81 14 68 96 65 75 58 3 20 43 61 19
92 37 3 77 18 91 80 99 71 71 7 6 92 86 34 96 39 98 92 95 1 78 94 28 29 30 40 68 89 96 91 14 42 64 80 31 79 41 7 68 26 59 0 54 53 62 48 60 4 1
78 98 14 35 10 53 34 36 21 12 37 14 32 48 82 46 77 38 30 20 63 11 28 59 93 58 82 20 21 39 48 74 49 19 29 11 55 87 80 57 78 15 34 33 39 66 13 86 92 59
20 68 12 77 57 43 28 14 55 66 16 75 40 26 65 15 64 73 46 34 31 91 19 22 26 56 79 93 49 6 24 48 8 20 81 60 60 45 55 15 51 90 39 94 94 66 53 22 33 76
37 79 61 30 34 67 77 71 11 48 31 90 24 73 22 54 10 21 81 42 66 30 39 52 75 89 17 95 13 10 3 86 58 15 89 35 60 91 0 39 43 4 85 19 77 43 68 1 51 87
38 71 73 89 79 81 94 80 92 1 45 55 0 79 49 4 78 68 48 93 27 77 52 61 72 67 17 61 19 80 29 66 17 86 89 92 81 88 16 70 32 72 91 93 63 37 3 11 80 63
92 43 33 71 85 54 9 75 31 39 38 38 90 18 73 83 58 71 23 22 65 13 56 35 1 87 23 84 36 76 59 77 65 36 74 41 21 52 31 61 37 71 36 57 83 50 18 7 36 15
19 48 75 16 30 50 4 23 83 24 26 60 46 92 77 86 75 6 32 22 15 95 55 27 92 85 64 26 10 48 10 78 21 33 87 6 4 62 43 94 11 91 15 33 33 28 90 14 33 87
23 34 2 80 93 18 18 2 49 35 80 74 24 72 21 34 74 26 77 92 71 44 43 48 45 43 84 99 30 34 25 64 21 80 47 24 61 73 13 85 10 79 51 51 19 9 4 58 43 36
71 3 73 48 10 17 51 76 74 65 52 0 84 5 24 56 21 18 95 89 64 69 0 48 9 1 5 43 73 95 4 61 55 91 44 64 58 76 13 10 21 81 62 8 61 57 90 72 11 88
99 8 75 46 18 50 36 94 47 55 92 78 47 56 52 10 39 37 2 22 57 54 14 29 53 45 46 48 67 96 75 81 35 39 37 57 12 94 52 65 9 13 26 43 45 10 78 88 47 9
79 26 96 9 16 67 54 26 52 78 18 62 21 17 13 67 75 1 10 60 49 94 37 37 61 11 98 79 29 83 90 80 64 1 17 62 44 71 93 98 77 97 89 72 31 44 82 23 12 81
11 25 73 25 73 43 14 58 7 38 27 75 93 81 16 81 97 56 29 64 43 80 54 52 85 0 32 26 46 65 77 89 71 46 54 81 36 56 22 9 50 93 95 67 88 73 70 53 96 45
52 84 14 8 76 83 53 2 19 20 54 19 0 19 76 72 60 61 79 12 32 56 68 87 38 95 98 54 7 32 71 26 89 17 40 2 70 79 92 48 93 39 98 32 67 28 6 70 76 74
30 4 95 48 81 64 28 55 60 34 67 13 65 63 64 46 13 2 79 12 1 49 64 97 89 24 73 60 66 40 94 24 55 98 53 24 73 11 85 88 89 44 45 32 69 53 49 8 56 30
14 49 29 68 49 46 59 54 83 38 35 18 58 71 15 59 61 70 72 93 28 74 38 2 21 16 7 14 87 11 95 17 81 94 49 47 68 95 66 88 85 87 9 56 88 30 72 61 42 15
99 2 64 41 35 83 98 6 74 26 59 5 99 12 22 51 6 55 25 13 13 49 65 52 73 36 71 89 82 70 60 2 73 11 14 53 80 71 87 48 49 72 52 60 82 36 95 67 37 22
11 38 48 90 53 28 8 14 7 73 95 95 0 90 73 42 9 75 63 10 65 54 0 6 65 23 20 29 11 65 8 16 5 58 50 53 99 77 61 79 76 18 3 19 4 40 12 80 46 80
59 92 9 83 42 99 74 24 9 86 93 18 69 79 91 15 76 36 54 74 85 61 40 21 15 49 46 31 29 92 38 99 8 18 84 52 48 86 10 62 62 99 14 49 20 31 43 63 40 4
76 90 79 44 49 13 92 22 70 7 0 4 64 47 29 39 26 67 54 28 7 52 55 69 55 42 35 7 31 98 83 30 4 23 19 6 76 80 91 33 23 55 50 50 81 98 27 1 89 7
96 78 92 17 31 29 94 79 30 12 13 5 8 49 24 5 13 53 44 4 10 3 73 41 5 59 15 23 71 72 3 65 70 27 4 75 66 99 27 4 42 73 15 6 79 96 30 22 63 67
84 26 95 31 76 14 70 8 73 18 17 52 92 14 24 40 62 59 86 67 48 79 54 83 55 79 89 2 57 51 76 8 82 75 85 24 61 53 78 11 86 77 76 61 46 62 83 85 13 8
70 16 4 17 56 0 62 45 66 28 28 69 7 99 2 91 58 14 3 53 67 46 70 80 4 63 72 81 30 14 22 36 81 58 63 84 77 83 87 80 72 35 59 38 89 44 8 20 63 50
2 27 94 54 22 85 13 92 13 17 33 62 2 76 7 20 3 60 89 17 69 73 73 23 15 89 80 9 22 56 61 50 51 64 1 24 74 30 0 13 67 13 15 18 92 43 39 8 56 0
57 10 63 4 71 51 84 32 15 56 55 41 49 36 66 28 24 47 65 6 40 45 27 95 81 26 99 63 84 84 4 78 40 2 37 25 38 81 20 10 84 43 86 58 34 82 52 87 20 92
57 99 89 7 60 46 65 87 56 76 50 52 37 61 51 36 55 40 84 11 70 15 1 6 35 74 48 66 99 94 19 1 30 87 46 46 66 4 33 68 75 98 3 15 13 53 2 44 99 81
54 43 14 83 74 61 14 78 36 40 67 54 10 80 76 26 64 71 73 9 29 43 63 69 87 30 22 11 68 65 9 59 67 10 44 53 63 87 68 68 13 36 4 27 93 19 27 39 83 13
29 69 71 19 45 99 39 8 45 26 64 27 20 62 49 0 73 59 16 30 90 93 12 88 28 88 53 91 45 1 71 33 60 49 59 21 33 58 86 5 4 38 21 23 40 73 57 95 20 15
