9 27
0 1 1 2 2 3 4 5 6 7 8 9 9 10 11 12 12 13 14 14 15 15 16 17 17 18 18 19 20 21 22 23 23 24 25 25 26 27 27 28 28 29 29 30 31 32 33 33 34 34
35 36 36 37 38 3 4 5 6 7 8 39 39 40 11 41 41 42 43 44 44 45 46 47 47 48 48 19 20 49 22 50 51 52 52 53 53 54 55 56 57 57 58 30 31 32 59 59 60 60
35 61 62 37 38 63 63 64 65 65 66 66 67 40 68 68 69 42 43 70 70 71 46 72 73 74 75 75 76 49 77 78 51 79 80 80 81 54 82 56 83 83 58 84 85 85 86 86 87 87
88 61 62 89 89 90 91 92 93 93 94 94 67 95 96 96 69 97 98 99 99 71 100 72 73 74 101 101 76 102 102 78 103 104 105 105 106 106 82 107 107 108 108 109 109 110 110 111 112 113
88 114 115 115 116 90 91 92 117 118 118 119 119 120 121 122 122 97 98 123 124 125 100 126 127 127 128 128 129 130 130 131 103 104 132 132 133 134 135 136 136 137 137 138 139 140 141 111 142 113
143 144 144 145 116 146 146 147 117 148 149 150 151 120 152 153 153 154 155 123 124 125 156 126 157 157 158 159 129 160 160 161 162 162 163 164 164 134 135 165 165 166 167 138 139 140 141 168 142 169
170 170 171 145 172 173 173 174 174 175 149 150 151 176 152 177 178 154 179 179 180 180 181 182 183 183 158 159 184 184 185 161 186 187 187 188 188 189 189 190 190 166 167 191 191 192 192 168 193 193
194 195 195 196 172 197 198 199 199 175 200 201 202 202 203 204 178 205 205 206 207 208 181 182 209 210 210 211 212 213 185 214 214 215 215 216 217 218 219 219 220 221 221 222 222 223 224 225 226 227
228 228 229 229 230 231 198 232 233 233 200 201 234 234 203 204 235 235 236 206 207 208 237 237 209 238 239 211 212 213 240 240 241 241 242 216 217 218 243 243 220 244 244 245 246 247 224 225 226 227
248 249 250 251 230 231 252 252 253 253 254 255 255 256 256 257 257 258 258 259 260 260 261 262 262 238 263 263 264 265 266 267 268 268 242 269 270 270 271 271 272 273 273 245 246 247 274 274 275 276
248 249 250 277 277 278 278 279 280 280 254 281 281 282 282 283 284 285 285 259 286 286 261 287 287 288 289 289 264 265 290 267 291 292 293 294 294 295 295 296 272 297 298 299 299 300 301 301 275 276
302 303 304 305 305 306 306 279 307 307 308 308 309 310 310 283 284 311 312 313 313 314 315 315 316 316 317 318 318 319 290 320 320 292 293 321 321 322 323 323 324 297 298 325 325 300 326 326 327 327
302 303 304 328 328 329 330 330 331 331 332 332 333 333 334 335 336 311 337 337 338 314 339 340 341 341 317 342 342 343 344 345 345 346 347 347 348 322 349 349 324 350 350 351 352 353 353 354 355 355
356 357 358 358 359 329 360 360 361 361 362 363 363 364 334 335 336 365 365 366 366 367 339 368 368 369 369 370 370 343 344 371 371 372 373 373 374 375 376 377 378 379 379 351 352 380 380 354 381 381
356 357 382 383 383 384 384 385 385 386 386 387 387 388 389 390 391 392 393 394 394 367 395 396 397 398 399 399 400 401 402 403 404 372 405 405 374 406 376 377 407 407 408 409 410 410 411 411 412 412
413 413 382 414 414 415 416 417 418 419 420 420 421 388 389 390 391 392 422 422 423 423 395 396 397 424 424 425 426 401 402 403 404 427 428 429 429 406 430 430 431 432 408 409 433 433 434 434 435 435
436 436 437 438 439 415 440 417 441 419 442 443 444 444 445 446 446 447 447 448 448 449 450 451 452 452 453 425 426 454 455 456 457 427 428 458 459 459 460 461 431 462 463 463 464 464 465 465 466 466
467 467 437 438 468 468 440 469 441 470 442 471 471 472 445 473 474 475 475 476 477 449 450 451 478 478 479 480 480 454 455 456 457 481 482 483 483 484 460 461 485 462 486 487 488 489 489 490 491 491
492 492 493 493 494 495 495 469 496 496 497 497 498 472 499 499 474 500 500 476 501 501 502 503 504 505 479 506 506 507 507 508 509 481 482 510 510 511 512 512 485 513 513 487 514 514 515 490 516 516
517 518 519 519 520 521 522 522 523 523 524 525 498 526 527 528 528 529 529 530 531 532 533 503 504 505 534 534 535 535 536 537 509 538 539 539 540 511 541 542 542 543 543 544 545 545 515 546 547 547
548 518 549 549 520 521 550 551 552 553 553 525 554 526 527 555 555 556 556 530 531 532 533 557 558 559 560 560 561 561 536 537 562 538 563 563 540 564 541 565 565 566 567 567 568 569 569 546 570 571
548 572 573 574 575 576 550 551 552 577 578 578 554 579 580 581 582 583 584 585 586 587 587 557 558 559 588 588 589 589 590 590 562 591 592 593 593 564 594 595 596 566 597 598 599 600 601 601 570 571
602 572 573 574 603 576 604 604 605 606 607 608 608 579 580 581 609 583 584 585 586 610 610 611 611 612 613 613 614 615 615 616 617 617 592 618 618 619 619 595 596 620 597 598 599 621 622 622 623 623
602 624 624 625 603 626 626 627 605 606 607 628 629 630 631 632 609 633 633 634 634 635 636 637 638 638 639 640 641 641 642 643 644 645 645 646 647 648 648 649 650 620 651 651 652 621 653 654 655 656
657 658 658 659 659 660 661 627 662 663 663 628 629 630 631 632 664 665 665 666 667 668 636 637 669 670 639 671 672 672 642 643 673 674 675 646 647 676 677 649 650 678 679 679 652 680 680 654 655 656
681 682 683 683 684 684 661 685 686 686 687 688 689 689 690 691 664 692 693 693 667 668 694 694 669 670 695 671 696 696 697 697 673 674 698 699 700 676 701 702 703 678 704 705 706 706 707 708 708 709
681 682 710 710 711 711 712 685 713 713 714 688 715 716 716 691 717 718 718 719 720 720 721 721 722 722 723 723 724 725 726 726 727 727 698 699 700 728 701 702 729 729 704 705 730 731 731 732 733 709
734 735 735 736 737 738 712 739 740 740 714 741 715 742 743 743 717 744 745 745 746 747 748 749 750 750 751 751 724 725 752 753 753 754 755 755 756 728 757 758 759 760 760 761 762 763 763 732 733 764
734 765 766 766 737 738 767 767 768 768 769 769 770 771 771 772 773 744 774 775 776 747 748 749 777 778 779 779 780 780 752 781 782 754 783 783 756 784 784 758 759 785 785 761 762 786 786 787 788 764
789 790 790 791 792 792 793 794 795 796 796 797 797 798 798 772 799 799 800 775 776 801 802 802 777 778 803 804 805 806 807 781 782 808 808 809 809 810 810 811 812 812 813 814 815 816 817 787 788 818
789 819 820 820 821 821 793 794 795 822 823 823 824 824 825 826 827 827 800 828 829 830 830 831 832 832 803 804 805 806 807 833 834 835 835 836 836 837 837 811 838 839 813 814 815 816 840 840 841 841
842 843 843 844 844 845 845 846 847 847 848 849 850 850 825 826 851 852 852 828 829 853 853 831 854 854 855 856 857 857 858 858 834 859 859 860 861 862 863 863 838 864 864 865 865 866 867 867 868 868
842 869 869 870 870 871 871 872 872 873 873 849 874 875 876 877 851 878 879 880 881 882 883 883 884 885 885 856 886 886 887 888 888 889 889 860 861 862 890 891 892 893 894 894 895 896 896 897 897 898
899 900 900 901 901 902 902 903 904 905 905 906 874 875 876 907 907 878 879 880 881 882 908 908 884 909 909 910 911 912 912 913 914 915 915 916 916 917 918 891 892 919 920 920 895 921 922 922 923 924
899 925 926 927 928 928 929 903 904 930 930 906 931 931 932 932 933 934 935 935 936 936 937 938 938 939 940 910 911 941 942 913 914 943 944 945 945 917 918 946 946 919 947 948 948 921 949 949 923 924
950 925 951 927 952 953 929 954 955 955 956 957 958 958 959 960 960 934 961 962 963 964 964 965 966 939 940 967 968 941 942 969 969 943 944 970 970 971 971 972 972 973 974 974 975 975 976 976 977 977
978 978 951 979 979 953 980 981 982 982 956 957 983 983 959 984 985 986 961 962 963 987 987 988 966 989 989 967 990 991 991 992 993 993 994 994 995 995 996 997 997 998 998 999 999 1000 1001 1002 1003 1003
1004 1005 1006 1006 1007 1007 980 981 1008 1008 1009 1009 1010 1010 1011 1011 985 1012 1013 1014 1015 1015 1016 988 1017 1017 1018 1018 990 1019 1020 1021 1021 1022 1023 1023 1024 1025 996 1026 1027 1028 1029 1029 1030 1000 1001 1031 1032 1033
1004 1034 1034 1035 1036 1036 1037 1038 1038 1039 1040 1040 1041 1041 1042 1042 1043 1012 1013 1014 1044 1044 1016 1045 1045 1046 1047 1047 1048 1019 1049 1049 1050 1051 1052 1053 1024 1054 1054 1026 1027 1028 1055 1055 1056 1057 1057 1031 1032 1033
1058 1058 1059 1035 1060 1061 1037 1062 1062 1039 1063 1063 1064 1065 1066 1066 1043 1067 1068 1069 1069 1070 1070 1071 1071 1072 1073 1074 1075 1075 1076 1076 1050 1051 1052 1077 1078 1078 1079 1080 1081 1081 1082 1082 1056 1083 1084 1084 1085 1085
1086 1086 1059 1087 1060 1061 1088 1088 1089 1090 1091 1091 1064 1065 1092 1092 1093 1094 1068 1095 1096 1096 1097 1098 1099 1072 1073 1100 1100 1101 1102 1102 1103 1104 1105 1077 1106 1106 1079 1080 1107 1108 1108 1109 1110 1083 1111 1111 1112 1113
1114 1115 1115 1087 1116 1116 1117 1117 1089 1090 1118 1119 1119 1120 1120 1121 1093 1094 1122 1095 1123 1123 1097 1098 1124 1124 1125 1126 1127 1128 1129 1130 1131 1104 1132 1133 1133 1134 1135 1135 1107 1136 1136 1109 1110 1137 1138 1139 1139 1113
1114 1140 1141 1141 1142 1142 1143 1143 1144 1145 1118 1146 1147 1147 1148 1148 1149 1150 1150 1151 1151 1152 1153 1154 1155 1156 1125 1126 1127 1128 1129 1130 1131 1157 1132 1158 1158 1159 1159 1160 1161 1162 1162 1163 1164 1137 1165 1166 1166 1167
1168 1168 1169 1170 1170 1171 1171 1172 1144 1145 1173 1173 1174 1175 1175 1176 1177 1178 1179 1180 1180 1152 1153 1154 1155 1156 1181 1181 1182 1183 1183 1184 1185 1186 1186 1187 1188 1188 1189 1189 1161 1190 1191 1163 1164 1192 1165 1193 1194 1194
1195 1196 1169 1197 1197 1198 1199 1172 1200 1201 1201 1202 1174 1203 1203 1176 1177 1204 1179 1205 1205 1206 1206 1207 1208 1208 1209 1210 1211 1211 1212 1212 1185 1213 1214 1187 1215 1216 1216 1217 1217 1190 1191 1218 1219 1220 1220 1193 1221 1221
1195 1222 1222 1223 1223 1198 1199 1224 1200 1225 1225 1226 1226 1227 1227 1228 1228 1204 1229 1229 1230 1230 1231 1231 1232 1232 1209 1210 1233 1234 1235 1236 1236 1213 1214 1237 1238 1238 1239 1239 1240 1241 1242 1218 1219 1243 1243 1244 1244 1245
1246 1247 1248 1248 1249 1249 1250 1251 1252 1252 1253 1253 1254 1254 1255 1256 1257 1257 1258 1258 1259 1260 1261 1262 1262 1263 1263 1264 1264 1234 1265 1265 1266 1267 1268 1237 1269 1269 1270 1270 1240 1241 1271 1271 1272 1272 1273 1273 1274 1274
1246 1247 1275 1276 1277 1277 1250 1251 1278 1278 1279 1279 1280 1281 1255 1256 1282 1282 1283 1284 1259 1260 1285 1286 1287 1287 1288 1288 1289 1290 1291 1291 1266 1267 1268 1292 1293 1293 1294 1294 1295 1296 1296 1297 1297 1298 1298 1299 1300 1300
1301 1301 1275 1276 1302 1303 1304 1304 1305 1305 1306 1307 1280 1308 1308 1309 1309 1310 1311 1284 1312 1312 1285 1286 1313 1314 1315 1316 1289 1290 1317 1318 1318 1319 1320 1320 1321 1322 1323 1323 1324 1325 1325 1326 1327 1328 1329 1299 1330 1330
1331 1331 1332 1332 1302 1303 1333 1333 1334 1334 1306 1307 1335 1336 1336 1337 1337 1310 1311 1338 1338 1339 1339 1340 1313 1314 1315 1316 1341 1341 1317 1342 1342 1319 1343 1343 1321 1322 1344 1344 1324 1345 1345 1326 1327 1328 1329 1346 1347 1347
51 97 84 43 64 7 70 76 22 75 28 71 89 39 89 3 49 34 87 23 42 6 66 78 94 2 95 24 35 88 49 62 65 53 97 60 56 56 63 97 63 46 58 18 4 11 62 22 64 12
76 48 87 97 65 62 31 42 19 24 29 42 79 87 65 28 38 8 84 3 94 87 30 73 84 61 19 21 70 31 25 35 72 60 5 50 42 70 99 24 82 54 61 16 64 70 0 34 63 78
19 12 68 42 16 22 26 43 51 15 81 79 8 30 26 33 81 22 96 30 49 77 78 53 21 98 77 44 76 70 18 45 99 41 50 71 0 18 40 3 43 0 24 91 63 30 69 6 36 89
33 32 2 44 40 9 19 23 29 26 66 97 86 7 10 42 24 59 48 92 34 83 3 38 51 90 59 8 17 40 36 3 42 74 74 77 86 89 92 18 61 73 60 60 10 76 10 93 79 18
46 87 74 3 53 6 0 83 86 66 84 78 42 88 79 60 57 74 30 75 22 45 5 21 11 28 85 98 24 28 78 49 84 86 35 71 47 23 34 78 38 84 13 64 95 22 92 32 9 16
82 39 87 41 33 3 61 40 85 24 40 68 66 48 92 3 70 43 48 88 95 13 48 90 94 37 82 68 57 61 25 28 19 71 81 40 16 34 85 84 93 90 48 3 97 0 97 41 86 6
26 39 41 78 27 90 61 43 4 71 6 52 87 56 73 49 90 6 62 56 86 10 58 96 54 50 52 23 16 54 92 73 49 25 29 97 89 73 16 31 58 58 61 1 56 13 54 36 69 11
53 47 10 18 14 58 20 87 70 51 72 51 64 19 49 43 93 34 34 5 41 11 96 67 0 24 66 39 39 18 11 98 35 34 15 7 26 74 19 57 27 79 52 8 68 82 15 72 13 37
49 33 48 32 29 44 24 15 84 3 68 28 79 62 89 67 78 13 12 98 40 52 82 54 67 94 98 38 97 80 66 65 19 30 51 44 71 69 48 43 60 30 49 88 42 35 35 17 77 96
8 79 67 65 59 75 94 69 46 22 47 54 64 47 62 9 82 84 30 59 6 37 20 3 58 46 69 62 92 41 99 69 63 32 11 70 19 75 49 71 65 34 24 53 13 45 20 31 71 29
35 17 95 63 85 97 34 65 72 1 51 45 57 35 75 13 84 84 46 12 35 69 14 79 25 23 44 40 57 34 0 36 24 21 24 33 1 65 37 94 66 6 44 80 84 6 17 56 27 23
2 99 98 36 19 80 56 73 17 30 27 25 60 46 4 30 25 29 71 79 44 22 45 30 46 54 13 94 61 59 66 72 97 87 86 72 79 1 41 3 12 24 29 11 14 78 26 97 82 94
41 56 32 55 56 12 62 26 27 13 55 98 86 22 52 95 36 45 21 37 30 77 2 41 16 29 73 25 44 11 16 71 93 0 95 92 27 37 46 54 76 67 80 99 21 40 21 76 3 96
55 79 90 97 44 52 62 17 40 94 90 27 75 45 23 1 15 7 16 27 25 60 32 1 88 17 63 98 35 51 77 78 25 20 50 69 51 96 62 38 21 5 58 2 64 28 54 30 66 49
53 46 6 62 5 49 69 27 47 81 56 99 81 36 49 51 54 54 65 23 39 70 17 98 90 18 77 12 29 83 18 98 21 9 25 22 35 78 91 48 94 32 66 32 45 65 25 70 7 88
60 96 0 11 1 72 12 74 5 43 72 72 11 63 7 29 62 49 96 58 50 29 47 0 97 46 24 30 36 36 24 58 16 14 65 7 1 50 50 48 23 75 62 61 25 73 95 56 40 75
28 55 35 79 23 98 53 78 59 71 69 94 30 89 96 15 88 92 65 38 73 67 23 33 86 9 31 43 89 86 76 1 70 22 4 68 72 38 72 67 16 65 43 32 22 70 20 99 37 36
76 53 67 2 75 29 39 42 46 67 84 73 87 77 50 18 63 77 38 11 4 49 69 83 44 86 50 36 22 51 78 22 46 42 4 22 42 72 34 45 61 79 10 64 14 50 62 7 70 56
93 65 44 89 82 54 59 46 15 64 0 8 67 47 20 84 46 23 27 1 97 34 63 36 42 42 32 59 94 41 30 23 7 7 25 22 59 5 78 77 30 70 32 66 54 70 14 86 81 6
36 66 11 2 33 53 22 55 99 22 50 92 60 15 86 84 99 69 90 16 99 93 18 31 6 7 77 22 29 93 59 35 69 20 4 58 4 28 98 59 5 21 51 68 83 46 81 3 68 92
80 22 12 4 14 24 6 46 83 85 37 70 66 96 75 74 98 90 91 52 85 45 67 11 40 34 86 65 81 86 19 33 15 70 42 82 91 79 29 49 4 85 4 5 58 34 76 18 41 40
88 98 24 97 57 34 54 18 31 71 27 40 8 17 82 11 39 29 51 40 58 87 59 40 5 35 74 3 34 64 25 68 65 38 2 9 58 29 28 25 42 1 49 88 14 69 98 63 87 2
90 33 46 50 72 63 39 44 98 35 51 58 49 35 45 9 56 67 5 37 82 60 65 95 87 19 57 17 65 0 18 9 55 24 43 81 36 47 57 39 26 38 27 96 39 8 30 12 4 37
18 53 36 94 38 53 76 50 70 71 66 65 62 89 31 22 72 3 32 0 78 30 44 32 98 61 56 93 67 12 10 96 44 57 64 88 1 13 32 32 52 37 80 68 22 33 45 34 49 52
81 3 68 32 44 99 79 30 28 4 92 82 29 99 71 68 29 68 6 80 95 57 20 18 80 77 68 25 48 93 99 20 99 23 32 28 68 10 16 29 74 40 0 8 40 78 54 18 76 48
96 85 24 63 23 95 35 94 63 89 78 23 85 13 11 62 95 84 63 15 70 86 96 59 87 6 13 15 51 75 27 88 92 2 37 90 54 37 61 89 1 72 71 82 50 51 51 71 36 9
55 39 96 77 80 1 30 11 58 39 33 15 61 1 63 37 43 27 59 19 74 83 64 99 95 33 54 95 55 10 73 64 29 58 68 56 67 84 60 25 26 48 77 75 92 40 14 88 71 81
59 20 32 28 85 90 62 2 69 30 79 35 52 8 88 22 26 48 61 62 26 4 3 67 24 85 54 13 62 98 77 75 99 16 20 88 80 96 10 60 10 8 95 74 97 37 13 51 55 42
3 63 71 67 45 71 86 9 79 28 88 73 16 78 13 75 43 12 4 87 34 60 67 69 67 43 39 88 1 30 76 46 46 74 26 79 93 52 36 15 25 85 74 67 84 43 14 56 37 11
79 7 8 53 60 85 8 25 75 48 70 73 65 83 31 79 9 20 52 39 67 56 74 66 89 95 26 61 75 93 96 72 12 19 69 2 84 5 26 66 94 67 41 44 2 65 18 62 81 32
47 22 91 78 82 65 88 30 53 32 42 44 31 17 35 54 81 45 83 95 15 28 59 14 0 64 96 2 1 24 74 48 98 68 86 92 78 72 1 5 11 91 80 66 17 25 77 18 71 81
66 10 58 11 4 26 66 54 39 99 66 38 35 93 0 49 55 31 47 61 16 14 73 46 84 69 29 16 15 29 47 88 89 14 48 16 49 35 61 45 57 73 5 34 65 23 4 70 84 85
17 91 22 37 1 2 49 70 41 1 88 46 64 95 44 14 9 39 2 11 81 10 26 96 73 78 81 35 8 12 43 91 6 63 44 67 13 5 25 10 72 5 9 60 93 49 58 99 46 9
7 55 39 37 48 81 66 8 5 92 41 52 82 93 2 78 0 33 99 67 62 83 60 48 27 40 5 48 35 19 90 2 5 38 17 13 51 51 77 51 94 19 92 19 69 55 45 67 39 5
20 49 92 46 56 69 63 31 34 18 26 43 77 17 94 14 45 18 30 71 3 80 29 71 31 99 28 83 67 52 15 76 60 71 2 38 36 44 7 13 7 42 22 88 65 98 6 37 93 53
29 54 93 80 70 68 79 26 22 35 77 62 80 25 22 37 99 4 79 99 99 45 42 79 3 16 19 24 96 2 60 83 35 70 41 48 59 93 73 71 9 64 53 77 64 86 36 2 5 48
48 76 82 77 27 41 88 2 12 29 37 2 23 44 32 0 69 41 17 11 11 23 62 88 22 59 21 67 19 43 51 13 47 42 67 9 59 74 98 29 81 18 71 5 38 20 5 67 80 98
18 82 10 40 2 22 85 23 79 22 72 22 46 68 80 3 18 90 25 37 85 93 5 2 74 94 47 98 68 55 60 10 87 54 51 23 28 37 73 74 31 33 7 39 10 41 80 25 5 4
93 30 9 39 73 29 44 7 88 75 98 75 76 91 28 73 90 94 97 33 71 91 24 95 81 0 39 90 43 33 74 64 60 94 89 6 39 86 95 53 75 9 75 27 46 35 82 21 59 48
73 64 5 25 79 85 65 35 65 18 95 72 10 42 88 1 47 88 3 7 84 12 25 34 99 63 42 87 7 45 0 15 89 0 78 90 82 27 75 95 78 54 24 43 86 56 83 17 37 71
33 16 62 77 94 96 28 60 54 78 10 5 36 53 50 32 88 34 2 46 35 49 23 10 17 58 70 45 32 68 7 12 20 20 73 88 17 77 58 7 27 49 49 84 42 9 66 49 30 13
57 95 22 17 77 58 42 70 36 12 31 50 31 69 53 42 91 21 60 31 59 68 21 85 72 40 11 96 21 53 63 37 80 84 18 11 82 98 78 43 90 98 62 44 88 45 38 0 74 27
63 62 27 12 64 87 95 41 79 48 80 10 54 33 59 15 0 87 7 86 19 67 47 69 22 25 88 65 95 47 37 63 66 11 59 3 87 28 87 11 42 51 12 10 88 33 24 27 97 91
18 45 92 38 37 45 67 30 17 79 65 66 85 25 50 31 3 25 26 2 38 44 42 23 63 29 99 55 62 48 57 96 47 46 36 52 9 86 44 91 76 99 14 50 11 27 43 27 32 47
89 54 98 50 52 51 70 88 22 41 34 5 53 9 75 58 13 34 17 37 68 73 73 96 92 19 5 30 36 50 89 97 97 58 28 11 20 83 98 21 81 94 38 73 24 1 35 21 4 90
23 93 8 99 52 6 83 84 48 77 44 68 32 36 50 78 25 28 33 72 35 55 18 76 98 39 10 25 26 81 61 68 56 43 48 47 62 43 0 44 48 93 65 57 90 1 74 83 48 63
32 32 30 69 62 58 79 86 20 4 58 52 36 3 26 43 53 50 0 39 16 20 22 49 54 91 95 0 60 4 36 7 83 25 83 6 33 18 39 86 51 74 3 98 70 94 91 30 89 41
57 19 29 40 72 78 64 82 70 33 94 92 34 93 88 15 72 72 11 11 79 24 90 62 36 0 23 36 70 58 94 32 66 23 71 76 93 19 77 74 41 17 49 84 61 33 80 8 38 74
91 94 1 52 58 17 13 19 47 61 85 47 23 76 3 56 47 23 9 62 75 55 72 94 76 31 43 69 73 56 49 78 41 68 13 53 43 22 73 78 2 46 64 53 72 55 53 38 7 92
8 97 26 27 82 12 10 97 51 30 63 38 1 56 9 94 73 93 55 27 1 28 0 2 91 93 22 26 52 56 3 67 67 57 13 73 41 15 36 85 45 26 34 9 98 81 45 20 10 24
