25 45
0 1 2 2 3 4 4 5 6 6 7 8 9 10 11 12 13 14 15 15 16 16 17 18 18 19 20 21 21 22 22 23 23 24 24 25 26 27 27 28 28 29 29 30 30 31 32 33 33 34
35 1 36 37 3 38 38 39 39 40 7 8 41 10 11 12 13 42 42 43 44 44 17 45 45 19 20 46 46 47 48 49 49 50 51 51 26 52 53 54 55 55 56 56 57 57 32 58 58 34
35 59 36 37 60 61 62 62 63 63 64 64 41 65 66 66 67 68 68 43 69 70 71 72 73 73 74 74 75 75 48 76 76 50 77 77 78 52 53 54 79 79 80 80 81 82 83 83 84 85
86 86 87 88 60 61 89 89 90 90 91 91 92 92 93 94 67 95 96 97 69 70 71 72 98 98 99 100 101 101 102 102 103 103 104 105 78 106 107 108 109 110 111 111 81 82 112 113 113 85
114 115 115 88 116 116 117 117 118 119 120 120 121 122 93 94 123 95 96 97 124 125 125 126 127 127 99 100 128 128 129 130 131 131 104 105 132 106 133 108 109 134 135 135 136 136 112 137 138 139
114 140 141 142 143 143 144 145 145 119 146 146 121 147 148 149 149 150 151 151 124 152 152 153 154 155 156 156 157 157 129 130 158 158 159 160 160 161 133 162 162 134 163 164 164 165 165 137 138 139
166 166 141 142 167 167 144 168 169 169 170 171 171 147 148 172 173 173 174 175 176 176 177 153 154 178 178 179 180 180 181 181 182 183 183 184 185 161 186 186 187 188 188 189 190 191 192 192 193 193
194 195 196 197 197 198 198 199 199 200 201 202 203 203 204 172 205 206 174 175 207 208 208 209 209 210 210 179 211 211 212 212 213 214 214 215 185 216 216 217 217 218 218 189 190 219 220 220 221 221
194 195 196 222 223 224 225 226 226 227 201 228 228 229 229 230 205 206 231 232 207 233 234 234 235 235 236 236 237 238 239 239 213 240 240 215 241 242 242 243 243 244 245 245 246 219 247 248 249 250
251 252 252 222 223 224 225 253 253 227 254 254 255 256 256 230 257 258 259 232 260 233 261 261 262 262 263 263 237 238 264 264 265 266 266 267 241 268 269 270 270 271 271 272 272 273 273 248 249 250
251 274 275 275 276 277 277 278 278 279 279 280 255 281 281 282 257 258 259 283 284 285 286 286 287 287 288 288 289 289 290 291 265 292 292 267 293 268 269 294 294 295 296 296 297 297 298 299 299 300
301 274 302 302 303 304 304 305 305 306 306 307 308 308 309 310 310 311 312 283 284 313 313 314 314 315 316 316 317 318 290 291 319 319 320 321 321 322 323 324 325 295 326 326 327 327 298 328 328 300
329 329 330 330 303 331 332 332 333 334 335 307 336 336 309 337 337 311 312 338 339 340 340 341 341 315 342 342 317 318 343 344 345 346 320 347 348 348 323 324 325 349 350 351 351 352 353 353 354 355
356 357 358 359 359 331 360 361 361 334 335 362 363 364 365 365 366 367 367 338 339 368 369 369 370 371 371 372 373 373 343 344 345 346 374 347 375 376 376 377 378 349 350 379 379 380 380 381 381 355
356 357 358 382 383 384 360 385 386 387 387 362 363 388 389 390 391 392 393 393 394 394 395 396 370 397 397 372 398 398 399 400 401 402 374 403 404 404 405 405 378 406 407 408 408 409 409 410 411 411
412 413 413 382 383 414 414 385 386 415 415 416 417 388 389 390 391 392 418 419 420 420 395 396 421 422 423 423 424 424 399 400 401 425 426 403 427 428 429 429 430 406 431 432 433 433 434 434 435 435
412 436 437 437 438 439 440 440 441 441 442 416 417 443 444 444 445 446 446 419 447 448 449 450 421 451 451 452 453 454 455 456 456 425 457 458 427 428 459 460 430 461 431 432 462 462 463 464 465 465
466 436 467 467 438 439 468 468 469 470 470 471 472 443 473 473 445 474 475 476 447 448 449 477 478 478 479 452 453 454 455 480 480 481 457 482 483 483 459 460 484 485 485 486 486 487 487 464 488 489
466 490 491 491 492 493 494 495 469 496 496 471 472 497 498 498 499 499 475 500 500 501 501 477 502 502 479 503 504 505 505 506 506 481 507 482 508 509 510 511 512 512 513 513 514 514 515 515 488 489
516 516 517 517 492 493 494 495 518 519 519 520 521 497 522 522 523 523 524 525 526 527 528 528 529 530 531 503 504 532 532 533 533 534 534 535 535 509 510 511 536 536 537 538 538 539 540 541 541 542
543 544 545 545 546 547 547 548 518 549 549 520 521 550 551 551 552 553 524 525 526 527 554 555 555 530 531 556 556 557 558 559 559 560 560 561 562 562 563 563 564 564 537 565 565 539 540 566 566 542
543 544 567 568 568 569 569 548 570 570 571 572 572 550 573 573 552 553 574 575 575 576 554 577 578 578 579 580 581 557 582 583 584 585 585 561 586 586 587 588 589 589 590 590 591 592 593 594 595 595
596 596 597 598 599 600 601 601 602 603 571 604 605 606 606 607 608 609 609 610 611 612 612 577 613 614 614 580 615 616 582 583 584 617 618 618 619 620 587 621 621 622 622 623 591 592 593 594 624 625
626 627 597 598 599 600 628 629 602 603 630 604 605 631 631 607 608 632 632 610 611 633 633 634 635 636 637 638 615 616 639 639 640 640 641 641 619 642 642 643 643 644 645 646 647 648 648 649 650 625
626 627 651 651 652 653 628 654 654 655 630 656 657 657 658 659 659 660 661 662 662 663 663 634 635 636 637 638 664 664 665 666 667 667 668 669 669 670 671 672 673 674 645 646 647 675 675 649 650 676
677 678 678 679 652 680 680 681 681 655 682 682 683 684 658 685 685 686 661 687 688 689 690 691 692 693 693 694 694 695 665 666 696 696 668 697 698 699 671 672 673 674 700 701 701 702 703 704 705 676
677 706 707 679 708 708 709 710 711 711 712 712 683 684 713 714 714 686 715 716 688 689 690 691 692 717 718 719 720 695 721 722 722 723 723 697 698 699 724 724 725 726 700 727 728 728 703 704 705 729
730 706 707 731 731 732 732 710 733 734 735 735 736 737 738 738 739 740 715 716 741 741 742 743 743 717 718 719 720 744 721 745 745 746 746 747 748 749 750 750 725 726 751 752 752 753 754 754 755 756
730 757 758 758 759 759 760 761 762 734 763 764 764 737 765 765 739 740 766 766 767 767 742 768 769 770 771 772 773 774 774 775 775 776 777 778 748 749 779 779 780 781 751 782 783 753 784 784 755 756
785 785 786 786 787 787 760 761 762 788 788 789 789 790 791 791 792 793 793 794 794 795 795 768 769 770 771 772 773 796 796 797 798 776 799 778 800 801 801 802 802 781 803 782 804 805 806 806 807 807
808 808 809 810 811 812 813 813 814 814 815 816 817 790 818 818 819 819 820 821 822 822 823 823 824 825 826 827 828 829 829 797 798 830 799 831 831 832 833 833 834 834 835 836 804 837 837 838 839 840
841 841 809 810 811 842 842 843 844 845 815 816 817 846 847 848 848 849 820 821 850 851 852 853 824 854 826 827 855 856 857 858 859 859 860 861 862 832 863 863 864 864 835 836 865 865 866 838 839 840
867 868 869 870 871 872 873 873 844 845 874 875 876 846 877 877 878 849 879 880 850 851 852 853 881 854 882 882 855 856 857 883 884 885 860 861 886 887 887 888 889 889 890 891 892 893 866 894 895 895
867 868 869 870 871 872 896 896 897 898 874 875 899 900 901 901 878 902 879 880 903 903 904 905 905 906 906 907 907 908 909 883 884 910 911 912 886 913 913 914 914 915 890 891 916 893 917 918 918 919
920 921 922 923 923 924 925 925 926 898 927 927 899 900 928 928 929 902 930 930 931 931 904 932 932 933 934 935 935 908 909 936 937 910 911 938 939 939 940 941 941 915 942 942 916 943 917 944 945 945
920 921 946 946 947 924 948 949 926 950 951 952 952 953 954 954 929 955 956 957 957 958 959 959 960 960 934 961 961 962 963 936 937 964 964 938 965 965 966 966 967 968 968 969 970 971 972 973 973 974
975 976 977 978 947 979 980 949 981 950 951 982 983 953 984 985 985 955 956 986 987 988 988 989 990 990 991 992 993 962 963 994 995 995 996 997 997 998 999 1000 967 1001 1002 969 970 971 972 1003 1004 974
975 976 977 978 1005 1005 980 1006 981 1007 1008 982 1009 1009 984 1010 1011 1011 1012 1013 987 1014 1014 1015 1016 1017 991 992 1018 1018 1019 994 1020 1021 996 1022 1023 1024 999 1025 1026 1001 1027 1028 1028 1029 1029 1003 1004 1030
1031 1031 1032 1032 1033 1033 1034 1035 1036 1036 1008 1037 1038 1039 1040 1041 1041 1042 1042 1013 1043 1044 1045 1015 1016 1017 1046 1046 1047 1047 1048 1049 1020 1021 1050 1050 1023 1024 1051 1025 1052 1052 1027 1053 1054 1054 1055 1056 1056 1030
1057 1058 1059 1060 1061 1062 1034 1035 1063 1064 1065 1065 1038 1039 1040 1066 1067 1067 1068 1069 1069 1044 1045 1070 1070 1071 1072 1072 1073 1074 1048 1049 1075 1075 1076 1076 1077 1077 1051 1078 1079 1079 1080 1053 1081 1081 1055 1082 1082 1083
1084 1058 1085 1060 1061 1086 1087 1087 1063 1064 1088 1088 1089 1089 1090 1091 1092 1093 1068 1094 1095 1095 1096 1096 1097 1097 1098 1098 1073 1099 1099 1100 1101 1101 1102 1103 1104 1105 1106 1078 1107 1108 1108 1109 1109 1110 1110 1111 1111 1112
1084 1113 1085 1114 1114 1086 1115 1116 1117 1118 1118 1119 1119 1120 1090 1091 1092 1093 1121 1122 1122 1123 1124 1124 1125 1126 1126 1127 1127 1128 1128 1100 1129 1129 1102 1103 1130 1105 1106 1131 1132 1132 1133 1133 1134 1135 1135 1136 1137 1112
1138 1139 1139 1140 1140 1141 1115 1116 1117 1142 1142 1143 1144 1145 1145 1146 1146 1147 1121 1148 1148 1123 1149 1150 1125 1151 1151 1152 1152 1153 1154 1154 1155 1155 1156 1156 1130 1157 1157 1131 1158 1158 1159 1160 1134 1161 1162 1163 1137 1164
1165 1165 1166 1166 1167 1168 1168 1169 1169 1170 1170 1143 1144 1171 1171 1172 1173 1174 1175 1175 1176 1176 1177 1150 1178 1178 1179 1180 1181 1153 1182 1182 1183 1184 1185 1186 1187 1187 1188 1189 1189 1190 1159 1160 1191 1192 1162 1163 1193 1193
1194 1194 1195 1195 1196 1196 1197 1197 1198 1199 1200 1200 1201 1201 1202 1172 1173 1174 1203 1203 1204 1204 1177 1205 1206 1206 1179 1180 1181 1207 1207 1208 1209 1184 1185 1210 1210 1211 1211 1212 1212 1190 1213 1213 1191 1192 1214 1214 1215 1216
1217 1218 1218 1219 1219 1220 1221 1222 1198 1199 1223 1224 1225 1226 1202 1227 1228 1228 1229 1230 1230 1231 1232 1205 1233 1234 1234 1235 1236 1237 1237 1208 1209 1238 1238 1239 1240 1240 1241 1241 1242 1242 1243 1243 1244 1245 1245 1246 1247 1216
1248 1249 1249 1250 1251 1220 1221 1222 1252 1253 1253 1224 1225 1226 1254 1255 1256 1257 1257 1258 1259 1231 1232 1260 1261 1261 1262 1235 1236 1263 1263 1264 1264 1265 1266 1239 1267 1268 1269 1269 1270 1270 1271 1272 1273 1274 1274 1246 1247 1275
1248 1276 1277 1250 1278 1278 1279 1280 1280 1281 1282 1282 1283 1283 1254 1255 1284 1284 1285 1258 1259 1286 1287 1260 1288 1288 1262 1289 1290 1290 1291 1292 1292 1265 1266 1293 1267 1294 1294 1295 1296 1296 1271 1272 1273 1297 1298 1299 1300 1275
1301 1276 1277 1302 1302 1303 1304 1304 1305 1281 1306 1306 1307 1307 1308 1308 1309 1309 1310 1310 1311 1286 1287 1312 1312 1313 1314 1315 1316 1317 1317 1318 1318 1319 1320 1321 1321 1322 1323 1324 1324 1325 1325 1326 1327 1297 1298 1299 1300 1328
1301 1329 1329 1330 1330 1331 1331 1332 1305 1333 1333 1334 1335 1335 1336 1337 1337 1338 1338 1339 1339 1340 1341 1341 1342 1342 1314 1315 1343 1343 1344 1345 1345 1319 1346 1346 1347 1322 1323 1348 1349 1349 1350 1350 1327 1351 1351 1352 1352 1328
54 30 76 2 38 27 34 71 79 92 37 78 35 83 51 61 6 13 39 5 28 81 86 64 92 52 9 41 96 86 87 86 68 91 33 46 77 99 65 72 65 48 4 9 32 64 25 68 13 70
97 23 45 59 56 88 89 50 21 80 52 86 77 8 85 9 83 29 87 39 8 35 99 5 6 13 22 98 92 19 87 65 68 83 80 51 96 32 70 51 38 89 15 41 33 67 39 26 9 29
63 60 0 67 38 48 2 50 91 52 88 9 90 98 62 88 53 58 17 53 60 69 43 76 27 94 81 52 99 92 50 6 71 13 38 6 86 20 3 78 31 82 55 67 42 36 86 68 22 80
94 20 16 36 94 32 80 99 66 95 86 67 99 45 21 45 60 31 57 94 43 57 20 17 86 8 13 94 6 0 59 31 86 72 59 96 7 21 14 29 3 25 99 53 73 99 30 99 2 85
17 29 48 87 1 43 28 44 90 12 40 54 50 7 85 11 97 2 98 55 78 61 91 48 7 53 13 72 63 80 66 9 15 0 26 39 27 63 90 95 46 56 76 48 26 62 14 83 65 75
34 31 36 52 28 98 11 65 96 94 60 37 64 64 66 27 18 30 33 39 35 95 54 85 75 64 67 97 50 46 78 68 38 47 47 93 47 94 22 83 39 87 38 48 3 73 50 82 58 80
99 69 93 44 95 74 52 1 38 20 1 68 50 80 83 88 19 51 82 29 55 76 48 62 59 3 88 71 24 18 16 64 44 91 33 61 15 11 6 37 64 42 7 76 51 98 86 93 66 38
65 16 12 78 38 47 11 96 58 52 60 51 71 27 88 90 88 71 9 7 58 66 98 52 61 34 46 61 42 44 75 71 89 85 92 62 42 52 65 14 23 45 79 52 87 92 55 59 55 46
60 65 82 4 16 40 27 17 84 21 30 43 9 98 73 90 39 84 57 46 96 3 96 47 45 99 94 13 92 72 87 63 40 41 9 31 43 94 62 96 67 36 94 87 53 67 86 69 23 71
42 65 56 51 22 9 76 47 90 94 73 77 85 92 1 37 52 88 48 70 0 97 19 31 92 26 8 80 94 34 79 68 78 39 92 44 74 79 1 80 82 9 62 72 30 70 86 65 98 76
88 43 46 80 50 39 38 88 57 45 50 23 97 10 90 22 56 67 19 1 39 66 61 16 35 74 66 76 49 17 98 89 49 6 31 6 99 26 15 95 65 65 37 6 78 31 89 23 47 23
72 98 53 76 23 91 25 35 46 45 19 52 70 59 94 67 9 44 2 30 65 58 19 89 98 25 91 71 69 81 93 51 27 74 82 15 1 33 77 17 82 42 91 20 42 5 47 47 29 79
79 94 68 13 66 67 64 21 58 17 17 7 55 4 63 25 56 29 30 93 97 77 28 83 16 87 58 22 84 86 43 1 99 64 82 11 70 31 76 39 39 48 43 98 70 78 10 64 13 72
96 22 83 74 63 58 58 73 26 9 70 84 56 63 97 15 10 48 7 72 55 79 39 27 69 85 93 49 16 81 84 44 58 36 47 97 33 27 63 7 98 2 67 58 39 4 38 76 89 88
80 78 49 32 43 26 55 29 11 94 57 65 6 76 73 82 44 37 77 34 89 94 17 58 24 34 5 99 94 51 83 12 14 91 85 59 93 89 94 23 78 21 13 85 70 14 89 49 70 4
80 87 58 18 85 80 77 6 66 51 64 70 37 30 93 40 77 35 83 63 61 53 62 22 83 63 67 8 36 52 83 27 66 63 51 91 11 48 54 2 75 88 76 56 62 18 13 18 0 40
0 36 52 66 98 61 72 72 43 6 94 35 30 2 25 69 0 10 39 18 96 31 21 28 80 6 83 72 44 35 38 2 17 64 83 69 37 30 93 56 69 89 46 68 27 83 28 96 14 58
0 30 70 14 24 74 25 6 75 96 4 42 91 52 0 5 8 37 84 7 58 57 79 20 7 58 15 66 51 69 41 37 67 82 70 30 50 11 40 97 72 5 88 31 35 63 22 62 30 62
97 40 59 78 12 82 21 56 53 32 70 36 58 48 41 48 45 68 95 74 94 62 41 38 46 41 78 83 37 47 83 51 9 87 84 73 37 98 82 23 24 21 50 0 79 64 83 28 33 28
10 26 65 22 48 16 73 70 10 95 36 17 97 58 46 27 33 61 52 97 91 49 19 33 96 7 81 54 48 95 11 34 60 5 74 89 90 31 45 35 19 63 61 19 3 36 73 4 31 25
85 40 35 55 7 89 74 90 71 83 62 70 77 38 39 40 27 36 25 34 42 49 43 9 27 64 32 33 60 32 87 69 66 4 79 92 27 59 49 8 41 12 55 33 2 88 75 0 42 14
29 72 80 55 5 49 95 93 32 12 16 34 38 32 24 50 91 56 64 34 89 27 44 3 78 29 80 67 61 31 63 51 59 82 75 24 98 47 19 29 54 46 97 79 19 38 35 95 25 80
85 91 57 85 31 74 65 20 69 66 37 3 99 95 65 75 91 69 12 39 15 91 26 9 56 11 58 62 44 97 61 89 25 50 27 27 92 13 35 35 54 96 60 19 60 52 96 48 30 36
38 24 50 84 41 88 0 33 7 48 8 76 64 79 4 6 74 86 90 14 10 52 27 0 54 94 92 30 8 92 69 24 46 0 34 37 61 72 28 71 32 14 61 53 84 82 21 69 52 40
88 92 64 8 82 95 93 24 55 95 95 71 9 48 31 72 16 23 45 75 95 67 20 10 62 59 55 99 54 6 26 69 31 97 2 90 47 66 25 47 69 26 19 23 26 19 27 56 1 7
41 55 10 32 15 28 17 22 83 66 35 86 98 49 18 71 44 53 16 3 5 76 23 6 15 88 29 62 84 22 26 90 14 88 22 10 86 13 29 69 5 66 20 1 57 43 94 11 33 35
27 19 37 92 26 19 81 56 82 31 35 39 92 11 4 21 5 39 79 49 41 62 30 29 82 15 96 44 95 37 43 7 92 62 25 98 85 64 47 29 63 83 12 35 83 46 85 57 66 34
57 85 57 7 20 70 21 62 47 70 78 48 7 81 63 39 85 17 32 80 81 18 85 21 63 96 75 6 84 69 25 44 82 97 42 34 26 81 80 52 66 52 82 17 9 1 16 14 25 70
58 33 32 36 68 56 63 52 15 78 6 43 34 39 61 79 8 31 96 72 84 25 49 50 64 50 94 56 38 92 67 23 99 44 56 70 52 31 8 43 57 98 8 74 87 96 74 5 62 75
37 84 95 91 6 28 40 11 97 14 55 97 69 66 29 64 98 17 93 8 98 10 1 51 47 56 95 37 12 6 36 19 80 9 22 45 64 19 56 43 58 53 29 60 37 34 85 37 7 92
84 81 81 94 19 42 45 61 36 89 27 47 90 98 17 90 38 15 40 90 25 17 94 33 60 34 74 89 97 74 23 38 17 31 97 27 16 77 39 43 34 53 64 44 96 94 93 15 31 78
11 86 29 86 6 85 34 88 12 41 76 58 81 98 29 50 17 61 1 51 0 9 99 15 62 9 99 15 32 63 26 12 22 99 47 37 4 31 14 52 87 47 13 19 7 34 29 69 73 78
14 50 52 86 46 61 4 94 68 89 80 56 72 53 5 15 83 31 95 50 91 67 58 82 1 24 69 48 62 13 89 74 87 13 72 7 18 55 52 54 32 73 97 99 74 58 43 12 71 86
35 35 92 80 87 1 38 26 56 35 91 23 48 22 39 35 82 61 92 62 0 91 34 83 80 79 4 38 41 52 49 99 74 42 74 33 20 83 99 76 41 74 78 69 85 50 46 8 69 56
1 94 25 36 74 79 19 46 19 84 57 1 85 36 51 55 43 4 47 18 90 23 88 2 72 9 62 1 48 3 5 20 34 88 89 5 98 50 21 13 21 46 9 89 18 63 19 43 88 72
92 44 64 89 10 5 48 21 26 93 48 48 88 28 91 34 4 31 1 3 97 74 67 50 70 83 91 37 84 69 76 36 42 15 62 58 1 48 45 88 56 76 25 28 33 65 42 9 89 33
25 46 84 8 40 56 19 90 59 93 8 43 83 14 32 73 51 84 39 16 83 68 93 57 34 9 5 75 28 60 98 20 48 79 43 86 48 85 62 78 27 29 16 8 35 68 5 51 91 27
96 93 77 53 72 70 21 67 24 68 30 51 86 52 22 2 95 30 39 24 72 5 0 9 12 50 65 23 74 64 32 72 96 49 41 46 73 19 71 6 56 18 23 74 88 68 76 37 66 22
7 35 31 33 24 80 55 0 15 22 75 94 91 88 97 80 7 79 78 67 43 17 7 90 38 80 16 21 69 16 48 80 41 70 50 60 19 25 30 27 50 13 91 64 77 15 20 78 29 9
5 40 98 57 25 19 23 7 33 81 67 99 70 0 46 14 7 0 8 21 40 68 77 55 73 22 60 52 32 82 75 89 45 10 40 86 33 98 97 5 73 66 55 87 24 42 80 72 16 94
49 2 99 44 54 21 15 29 29 76 60 48 1 26 68 94 55 14 63 91 62 36 43 68 83 95 43 83 28 95 95 86 82 64 13 46 65 1 18 48 81 50 52 71 66 95 90 59 91 73
85 7 45 24 94 39 7 96 6 41 76 51 52 50 49 34 1 38 14 52 8 23 24 9 2 20 28 24 77 48 98 20 10 89 93 96 66 58 71 17 79 60 45 1 13 81 40 5 62 42
39 64 78 26 62 78 55 60 55 76 49 91 21 83 49 48 17 22 25 13 24 96 39 19 9 71 95 25 11 98 73 27 77 68 26 61 65 82 53 92 62 7 71 88 4 92 48 17 83 38
36 73 45 65 77 83 23 0 62 99 79 54 3 79 78 81 96 8 89 76 70 68 29 43 73 91 90 44 89 16 71 15 15 43 23 32 45 1 82 84 97 82 88 82 43 11 88 66 19 3
28 27 86 59 43 64 17 31 12 29 2 1 53 30 61 87 43 57 76 78 16 56 48 68 3 54 91 54 76 4 56 93 32 31 18 47 60 10 3 48 30 98 6 78 93 71 41 15 96 98
66 43 84 7 89 89 82 74 0 38 6 96 56 3 3 73 41 96 65 71 74 52 24 2 23 57 6 53 32 42 16 84 75 44 23 15 76 8 13 0 36 3 99 25 57 5 26 93 31 79
9 35 14 81 99 27 61 15 16 10 80 44 91 27 57 54 29 73 8 84 19 45 38 9 98 42 58 57 40 13 0 71 82 43 44 34 20 94 63 91 80 72 88 62 0 93 56 55 22 36
55 52 14 54 26 96 99 67 62 37 54 53 96 44 3 63 63 74 46 20 42 46 50 65 77 36 89 34 11 69 93 90 53 71 21 84 92 90 85 95 31 47 89 25 11 34 73 18 46 73
41 80 74 5 87 10 77 65 38 32 30 73 74 37 3 42 53 91 53 97 4 89 70 65 15 82 35 51 36 7 7 16 3 1 38 68 52 87 61 13 19 4 55 59 99 4 79 92 29 61
53 95 28 76 70 31 59 42 4 68 46 48 3 29 95 42 14 4 78 38 1 87 31 93 61 85 13 92 27 64 73 79 78 27 43 44 43 44 44 49 66 15 97 34 20 47 67 72 44 65
