32 34
0 1 1 2 3 4 4 5 5 6 6 7 7 8 8 9 9 10 11 12 12 13 13 14 14 15 16 17 17 18 19 20 21 22 22 23 23 24 25 25 26 26 27 27 28 28 29 29 30 30
31 32 33 33 3 34 35 36 37 38 39 40 41 41 42 42 43 10 44 45 46 46 47 48 49 15 50 51 52 53 19 20 21 54 55 56 57 24 58 59 60 60 61 61 62 62 63 63 64 64
31 32 65 65 66 34 35 36 37 38 39 67 67 68 69 70 43 71 44 45 72 72 47 48 73 73 50 51 52 53 74 75 76 54 55 56 57 77 58 59 78 78 79 80 81 82 83 84 85 85
86 86 87 88 89 89 90 91 91 92 92 93 93 68 69 70 94 71 95 96 97 97 98 98 99 100 101 101 102 103 103 75 104 105 106 107 107 77 108 109 110 110 79 111 81 82 83 84 112 112
113 113 87 88 114 114 115 116 117 117 118 118 119 119 120 120 94 121 95 96 122 122 123 123 99 124 124 125 102 126 127 128 104 105 106 129 130 131 108 132 133 134 134 111 135 136 136 137 138 138
139 139 140 140 141 142 115 116 143 144 145 145 146 147 148 148 149 121 150 151 152 152 153 153 154 154 155 155 156 126 127 157 157 158 158 129 130 131 159 132 133 160 160 161 135 162 163 163 164 164
165 165 166 166 141 142 167 167 143 168 169 169 146 170 170 171 149 172 150 151 173 174 175 175 176 177 177 178 156 179 180 180 181 182 183 184 184 185 159 186 187 188 188 161 189 162 190 191 191 192
193 194 194 195 195 196 197 197 198 168 199 199 200 200 201 201 202 202 203 204 173 174 205 205 176 206 207 207 208 179 209 210 181 182 211 212 212 185 213 186 187 214 214 215 215 216 217 218 218 192
193 219 220 220 221 196 222 222 198 223 223 224 225 226 227 227 228 229 229 204 230 231 231 232 233 234 235 236 236 237 237 210 238 239 211 240 240 241 213 242 243 244 245 245 246 216 217 247 247 248
249 249 250 250 251 252 253 253 254 254 255 255 225 226 256 256 228 257 257 258 230 259 259 260 233 234 261 262 262 263 263 264 238 239 265 265 266 267 267 242 243 268 268 269 246 270 271 272 272 273
274 275 276 276 251 252 277 277 278 278 279 279 280 280 281 282 283 284 284 258 285 286 287 260 288 288 261 289 289 290 291 264 292 292 293 293 266 294 294 295 296 297 297 298 298 270 271 299 299 273
274 275 300 301 301 302 302 303 304 304 305 305 306 306 281 282 283 307 308 309 285 286 287 310 310 311 311 312 313 290 314 315 315 316 317 318 318 319 319 295 320 321 322 323 324 325 326 327 328 329
330 331 300 332 332 333 334 335 336 337 338 339 339 340 341 342 342 307 308 343 344 345 345 346 347 347 348 312 313 349 314 350 350 316 317 351 351 352 352 353 320 321 322 323 324 325 326 327 328 329
330 354 355 355 356 333 334 335 336 337 338 357 357 340 341 358 359 360 360 343 344 361 361 362 363 363 348 364 364 349 365 366 367 367 368 369 370 371 372 353 373 374 374 375 375 376 377 378 378 379
380 354 381 381 356 382 382 383 384 385 386 386 387 388 389 389 359 390 391 391 392 393 393 362 394 394 395 395 396 396 365 366 397 398 398 369 370 371 372 399 399 400 401 402 402 403 377 404 405 379
380 406 406 407 408 409 409 383 384 385 410 410 387 411 411 412 412 413 413 414 392 415 415 416 416 417 417 418 419 419 420 421 397 422 423 423 424 425 426 426 427 400 428 428 429 403 430 404 405 431
432 433 434 407 408 435 435 436 437 437 438 438 439 440 441 442 442 443 443 444 445 445 446 447 447 448 448 418 449 449 420 421 450 451 452 452 424 425 453 453 427 454 455 455 429 456 430 457 458 458
432 459 434 460 460 461 462 463 464 464 465 466 467 440 441 468 469 470 470 444 471 471 446 472 472 473 474 475 476 476 477 477 450 451 478 478 479 479 480 481 482 454 483 483 484 456 485 486 487 488
489 459 490 491 492 461 462 463 493 493 465 466 467 494 494 468 469 495 496 496 497 497 498 499 500 500 474 475 501 501 502 502 503 504 505 506 507 507 508 481 482 509 510 510 484 511 485 486 487 488
512 513 514 491 492 515 515 516 516 517 517 518 518 519 519 520 520 495 521 522 523 523 498 499 524 525 525 526 527 527 528 529 529 504 505 506 530 530 508 531 531 532 532 533 534 511 535 535 536 536
512 513 514 537 537 538 539 540 541 542 543 543 544 544 545 546 546 547 548 522 549 550 550 551 524 552 552 526 553 554 555 555 556 557 558 558 559 559 560 561 562 563 563 533 534 564 565 566 567 567
568 569 570 570 571 538 539 540 541 542 572 573 574 574 545 575 575 547 548 576 576 577 577 551 578 579 580 581 553 554 582 583 556 557 584 585 586 586 560 561 562 587 587 588 588 589 565 566 590 590
591 569 592 592 571 593 594 594 595 596 596 573 597 598 599 600 600 601 602 603 603 604 605 606 606 579 580 581 607 608 582 583 609 609 584 610 611 612 612 613 613 614 615 615 616 589 617 618 619 620
591 621 622 623 623 624 624 625 625 626 627 627 597 598 628 629 630 630 602 631 632 604 605 633 634 634 635 636 636 608 637 638 639 640 640 610 611 641 642 642 643 643 644 644 616 645 646 618 619 647
648 621 622 649 649 650 651 651 652 653 653 654 654 655 628 629 656 656 657 631 632 658 659 660 660 661 662 663 664 665 637 638 639 666 667 667 668 669 669 670 670 671 672 673 673 645 646 674 674 647
675 675 676 676 677 650 678 679 652 680 680 681 681 655 682 683 683 684 684 685 686 686 659 687 687 661 662 663 664 665 688 689 690 666 691 692 692 693 693 694 694 695 672 696 696 697 698 698 699 699
700 701 702 703 704 704 678 679 705 706 706 707 708 708 682 709 710 710 711 712 713 714 714 715 715 716 717 718 719 720 688 689 690 721 691 722 722 723 724 725 726 695 727 727 728 729 730 730 731 731
732 701 702 703 733 733 734 734 705 735 735 707 736 737 737 709 738 738 711 712 713 739 740 741 742 716 717 718 719 743 743 744 745 721 746 747 747 723 724 748 726 749 749 750 750 729 751 752 752 753
732 754 755 756 757 758 758 759 760 761 761 762 763 764 765 765 766 767 767 768 769 739 770 741 742 771 771 772 773 773 774 774 745 775 746 776 776 777 777 748 778 778 779 780 780 781 782 783 783 753
784 754 755 756 785 785 786 759 760 787 787 762 763 764 788 788 766 789 789 768 769 790 770 791 792 793 793 794 795 796 797 797 798 799 800 800 801 802 803 804 805 806 807 807 808 808 782 809 810 810
811 811 812 813 813 814 786 815 816 817 818 819 820 820 821 821 822 822 823 823 824 790 825 825 792 826 826 794 795 796 827 827 798 799 828 829 801 802 803 804 805 830 830 831 832 833 833 809 834 834
835 836 836 837 838 814 839 839 816 817 818 819 840 841 841 842 842 843 844 844 824 845 845 846 847 848 849 850 850 851 852 853 854 854 828 829 855 855 856 857 857 858 859 859 832 860 860 861 861 862
835 863 864 837 865 865 866 867 867 868 869 869 840 870 870 871 871 872 873 874 875 876 877 846 878 848 879 879 880 851 852 853 881 881 882 883 884 885 885 886 887 887 888 889 890 890 891 892 893 862
894 863 864 895 896 896 866 897 898 898 899 899 900 901 902 902 903 872 873 874 875 876 904 904 878 905 905 906 907 907 908 908 909 909 910 883 884 911 911 912 913 914 888 889 915 916 891 892 893 917
894 918 918 919 920 920 921 922 923 923 924 925 900 901 926 926 927 928 929 929 930 930 931 932 932 933 933 906 934 934 935 936 937 937 910 938 939 940 940 912 913 914 941 942 942 916 943 944 944 917
945 946 947 919 948 948 921 922 949 949 924 925 950 951 951 952 927 953 953 954 954 955 955 956 956 957 957 958 958 959 960 936 961 961 962 938 939 963 964 964 965 966 967 968 969 970 970 971 971 972
945 946 947 973 973 974 974 975 975 976 976 977 950 978 978 952 979 980 980 981 981 982 982 983 984 985 986 987 987 959 960 988 988 989 990 991 992 963 993 993 965 994 967 968 969 995 996 996 997 972
998 999 1000 1001 1002 1003 1004 1004 1005 1006 1007 1008 1008 1009 1009 1010 979 1011 1012 1013 1013 1014 1014 983 984 985 986 1015 1016 1016 1017 1018 1018 1019 990 1020 992 1021 1021 1022 1022 994 1023 1024 1025 995 1026 1026 997 1027
998 999 1000 1001 1002 1028 1028 1029 1029 1006 1007 1030 1031 1032 1032 1010 1033 1011 1012 1034 1034 1035 1036 1037 1038 1039 1039 1040 1041 1041 1017 1042 1042 1019 1043 1020 1044 1044 1045 1046 1047 1047 1023 1024 1025 1048 1048 1049 1050 1050
1051 1051 1052 1052 1053 1053 1054 1054 1055 1055 1056 1030 1057 1057 1058 1058 1033 1059 1059 1060 1061 1061 1036 1037 1038 1062 1062 1040 1063 1063 1064 1064 1065 1065 1043 1066 1066 1067 1068 1046 1069 1069 1070 1070 1071 1071 1072 1073 1074 1075
1076 1076 1077 1077 1078 1079 1080 1080 1081 1082 1083 1084 1084 1085 1085 1086 1086 1087 1087 1088 1088 1089 1090 1091 1091 1092 1093 1093 1094 1095 1096 1097 1097 1098 1099 1099 1100 1067 1068 1101 1102 1102 1103 1104 1105 1106 1106 1073 1074 1075
1107 1107 1108 1108 1078 1079 1109 1109 1081 1082 1083 1110 1110 1111 1112 1112 1113 1113 1114 1114 1115 1089 1090 1116 1117 1117 1118 1119 1120 1095 1096 1121 1121 1098 1122 1122 1100 1123 1124 1101 1125 1126 1126 1104 1105 1127 1127 1128 1128 1129
1130 1130 1131 1131 1132 1133 1134 1135 1135 1136 1136 1137 1137 1111 1138 1139 1139 1140 1141 1141 1115 1142 1143 1116 1144 1144 1118 1119 1120 1145 1146 1146 1147 1147 1148 1149 1149 1123 1150 1151 1125 1152 1153 1153 1154 1154 1155 1156 1156 1129
1157 1158 1159 1159 1132 1133 1134 1160 1161 1161 1162 1163 1164 1165 1165 1166 1166 1167 1168 1169 1169 1142 1143 1170 1171 1172 1173 1174 1174 1175 1176 1176 1177 1178 1148 1179 1180 1180 1150 1181 1181 1182 1182 1183 1184 1185 1185 1186 1187 1187
1157 1158 1188 1189 1190 1191 1191 1160 1192 1193 1162 1194 1164 1195 1195 1196 1197 1167 1168 1198 1199 1199 1200 1200 1171 1172 1173 1201 1201 1175 1202 1202 1177 1203 1203 1179 1204 1205 1205 1206 1206 1207 1208 1183 1184 1209 1209 1210 1210 1211
1212 1213 1188 1189 1214 1215 1215 1216 1192 1217 1217 1194 1218 1218 1219 1219 1197 1220 1220 1221 1221 1222 1222 1223 1223 1224 1225 1226 1226 1227 1228 1228 1229 1230 1231 1232 1233 1234 1235 1236 1237 1237 1208 1238 1239 1240 1240 1241 1242 1243
1244 1213 1245 1245 1214 1246 1246 1216 1247 1248 1248 1249 1250 1251 1251 1252 1253 1254 1255 1255 1256 1257 1258 1259 1259 1224 1225 1260 1260 1261 1262 1263 1263 1230 1231 1232 1233 1234 1235 1264 1265 1266 1266 1267 1239 1268 1269 1241 1242 1243
1244 1270 1270 1271 1272 1273 1274 1274 1247 1275 1275 1249 1250 1276 1276 1252 1253 1254 1277 1277 1256 1257 1258 1278 1279 1279 1280 1281 1281 1261 1262 1282 1282 1283 1283 1284 1284 1285 1285 1264 1265 1286 1286 1267 1287 1268 1269 1288 1289 1289
1290 1291 1291 1271 1272 1273 1292 1293 1294 1294 1295 1295 1296 1296 1297 1298 1299 1299 1300 1300 1301 1302 1303 1278 1304 1305 1306 1307 1308 1309 1310 1310 1311 1312 1312 1313 1313 1314 1314 1315 1316 1317 1318 1318 1319 1320 1321 1288 1322 1323
1290 1324 1324 1325 1326 1326 1292 1293 1327 1327 1328 1328 1329 1329 1297 1330 1330 1331 1332 1332 1301 1302 1333 1333 1304 1305 1306 1307 1308 1309 1334 1334 1335 1335 1336 1336 1337 1337 1338 1338 1316 1317 1339 1339 1319 1320 1321 1340 1340 1323
86 47 83 99 36 93 72 45 85 71 32 29 42 60 86 16 63 8 90 49 12 63 62 81 0 74 17 53 76 7 96 1 9 42 45 0 61 31 23 42 20 6 32 21 2 72 58 66 85 16
10 93 68 52 91 38 87 91 97 47 6 51 84 99 59 50 52 20 63 53 21 69 47 19 39 17 92 64 3 66 44 97 47 43 66 47 93 70 28 86 8 47 40 33 29 44 9 33 29 74
39 81 53 48 95 63 25 68 19 0 61 34 48 72 57 89 9 88 16 33 72 3 13 31 57 28 7 43 57 59 36 56 81 6 73 91 89 11 66 86 17 58 80 43 12 48 95 7 14 36
0 36 50 73 77 10 37 99 5 37 30 52 21 27 43 87 1 94 40 87 61 65 28 72 12 2 14 41 37 76 5 30 2 10 9 95 59 78 31 85 50 88 18 59 36 31 0 70 88 7
89 47 31 62 84 27 21 66 92 4 79 71 98 95 26 9 25 88 50 89 62 96 50 73 94 82 68 9 54 33 83 18 19 75 33 32 5 61 25 6 31 6 2 7 56 37 97 70 25 71
62 91 49 69 37 99 10 98 72 86 67 57 63 22 79 4 73 59 59 87 16 13 29 16 88 78 69 39 43 5 64 5 90 41 18 24 21 22 98 25 41 87 97 59 78 67 85 92 45 25
26 41 33 71 49 7 21 53 4 90 47 67 2 85 93 84 47 36 3 63 68 35 98 9 63 96 72 9 49 36 30 15 63 50 68 80 17 55 91 72 39 42 87 80 2 66 65 98 11 73
69 70 60 17 57 28 18 31 32 66 69 29 0 48 6 24 15 25 84 21 33 94 92 58 83 4 41 68 89 16 24 62 26 68 69 62 54 76 45 60 91 50 73 13 72 13 67 71 76 62
97 11 33 27 95 80 95 95 16 67 44 56 0 98 14 98 88 42 65 22 26 48 89 33 3 63 43 82 53 53 48 58 64 66 53 34 63 55 91 83 29 34 60 60 65 83 98 28 30 61
9 44 78 49 83 92 3 63 48 76 6 32 6 44 31 3 60 35 1 71 85 61 76 35 51 58 69 56 87 74 73 94 42 20 3 32 8 70 99 12 42 83 64 43 64 33 72 99 49 62
8 60 97 65 67 93 74 90 13 88 66 55 21 60 53 42 82 93 53 91 53 97 74 15 10 57 35 29 22 28 18 55 83 42 4 35 52 0 21 57 27 76 29 27 22 94 66 24 40 91
19 89 3 30 51 14 35 14 88 11 85 48 9 99 26 82 89 30 28 21 7 41 87 2 21 60 94 14 37 99 55 56 94 65 44 54 58 14 88 67 68 21 65 43 35 88 29 0 7 8
58 7 24 22 16 45 37 50 94 18 51 18 90 85 21 13 89 49 22 72 23 19 96 41 28 4 75 45 93 14 21 35 95 43 53 70 85 27 55 21 14 19 51 44 83 98 21 71 65 20
43 20 82 81 43 57 77 13 51 33 37 8 97 41 33 61 0 31 27 36 14 97 76 25 30 75 94 84 81 15 30 94 29 55 66 42 78 82 66 55 93 11 83 80 34 5 53 89 67 39
42 34 28 26 73 54 84 99 83 94 98 85 57 49 70 4 91 45 93 1 64 28 40 47 5 14 31 89 41 0 6 85 57 55 0 18 54 82 50 14 55 3 40 1 43 24 5 85 52 92
98 80 26 99 47 17 52 24 69 15 29 90 9 46 67 2 76 18 42 49 78 21 75 65 28 56 86 34 35 25 13 11 9 96 9 54 95 17 72 73 8 53 64 12 77 11 73 22 57 71
95 91 17 86 93 48 80 16 57 54 49 74 22 96 44 9 72 97 82 5 39 71 79 79 51 86 65 94 26 63 69 76 90 11 11 4 54 94 53 27 10 78 97 50 94 65 99 23 25 52
40 96 81 55 24 21 28 99 14 85 71 16 82 65 31 88 12 1 31 68 79 81 64 5 65 22 33 59 99 64 15 57 29 78 47 78 34 67 70 47 45 87 23 2 94 71 49 56 16 28
22 16 27 38 97 14 85 33 19 96 21 43 68 61 58 98 89 9 52 69 40 35 4 32 56 96 9 88 18 81 53 96 96 95 42 64 71 21 84 99 6 40 97 59 12 60 32 11 58 96
29 21 81 13 62 35 95 30 88 43 29 57 92 94 83 80 35 10 6 62 12 81 92 44 3 11 63 22 62 3 18 27 40 43 3 45 63 90 96 70 22 45 2 50 13 99 77 87 97 63
86 18 19 47 46 95 38 76 80 32 36 29 95 44 73 56 18 75 31 65 60 47 51 96 97 37 17 94 41 69 21 26 28 89 80 56 77 57 29 14 39 25 85 33 99 71 27 39 73 61
12 94 29 22 2 52 16 79 61 89 41 9 26 69 85 12 87 46 80 48 97 19 90 64 36 17 28 13 68 94 63 99 78 99 89 12 23 80 50 90 74 82 65 31 93 17 20 73 2 77
44 44 55 10 66 44 49 64 59 77 96 64 2 40 81 1 51 85 77 61 75 66 22 39 92 42 65 65 87 93 34 9 89 10 35 71 0 14 33 70 40 0 35 72 88 29 38 74 56 94
43 11 88 16 48 36 60 13 68 27 53 47 25 79 88 56 79 56 3 85 44 0 65 52 37 27 35 72 98 62 27 71 56 7 55 97 14 72 67 4 17 42 47 60 49 13 99 68 21 42
15 45 28 1 70 45 36 79 83 49 52 6 29 50 11 83 4 70 80 42 73 53 91 5 79 9 12 27 14 92 49 53 92 97 78 35 83 41 18 71 96 65 20 48 6 23 50 11 41 72
26 53 42 95 65 79 2 27 97 90 88 93 20 54 0 46 16 82 87 8 54 69 77 69 6 94 87 99 40 44 14 37 57 94 36 21 24 65 46 21 90 0 33 83 81 19 85 74 10 0
69 20 94 95 95 75 47 5 23 58 40 11 27 70 5 12 10 15 5 37 69 70 37 92 22 9 23 5 43 20 63 46 26 85 35 78 87 73 16 95 55 98 19 70 60 32 86 75 21 84
38 5 38 28 72 96 27 53 22 84 99 5 36 66 75 9 61 25 70 15 71 74 77 29 35 27 70 24 90 68 37 82 21 99 68 92 98 96 99 97 74 89 73 17 31 89 74 78 82 80
5 17 80 62 93 53 74 89 38 82 38 87 62 4 89 62 77 51 99 30 76 74 48 45 9 80 82 74 60 34 4 49 81 67 76 38 41 42 86 38 36 14 58 58 10 1 94 84 15 18
25 95 16 47 23 31 21 86 68 74 51 90 45 15 36 50 59 62 73 81 67 74 91 10 77 1 75 33 66 83 24 58 31 53 82 37 18 34 10 50 49 59 14 40 79 66 95 47 63 12
7 41 86 83 82 91 24 18 9 8 27 97 42 22 76 78 45 35 29 65 16 35 46 17 44 60 83 53 26 94 0 14 70 49 25 85 16 85 20 69 55 78 94 12 69 38 33 27 45 51
64 88 93 8 51 6 4 4 30 82 36 87 11 96 38 18 14 12 12 11 97 56 9 64 54 26 83 80 9 65 34 40 49 89 28 56 51 19 45 11 81 22 74 76 99 8 81 95 54 63
40 49 24 17 6 91 72 67 91 36 39 76 7 5 98 21 72 49 69 51 40 64 12 28 54 14 67 40 51 72 29 89 70 85 44 38 20 97 56 45 98 81 67 56 37 9 59 13 58 26
81 50 19 58 97 5 15 48 56 79 80 78 63 19 60 37 15 44 93 75 2 95 82 77 69 65 55 53 4 93 0 87 16 43 71 95 30 65 97 98 7 27 32 54 14 64 1 35 52 83
83 37 25 57 95 24 5 29 88 78 12 24 19 62 62 81 86 85 49 23 14 45 89 58 87 82 33 61 41 66 14 97 57 36 57 13 76 85 64 4 12 43 18 56 61 38 70 51 42 79
47 74 91 10 92 78 67 34 66 33 95 16 77 59 92 3 8 43 79 24 15 40 28 24 90 49 11 83 18 85 76 22 8 22 47 87 35 30 3 31 0 20 73 98 82 99 74 0 56 61
47 39 95 92 99 92 84 21 70 42 54 52 71 15 4 64 55 46 81 41 94 5 63 50 69 5 25 95 68 96 5 85 56 10 16 74 51 95 2 19 85 65 5 21 42 50 85 52 32 78
25 4 54 27 16 41 38 70 68 7 41 34 43 72 57 96 36 69 70 47 56 69 14 1 95 39 17 29 91 28 68 55 38 95 4 10 62 66 35 0 32 99 66 6 46 47 14 76 71 83
90 79 11 57 22 52 54 19 61 27 89 40 19 6 56 18 26 82 98 33 32 26 91 64 20 64 28 68 80 95 37 89 81 91 16 96 9 69 27 96 31 33 86 91 70 84 34 12 19 30
19 94 42 14 81 50 40 4 41 94 9 24 46 33 67 40 67 68 43 66 3 9 25 48 6 84 72 27 77 26 8 65 65 49 65 21 58 94 6 56 1 58 9 98 35 64 38 88 54 20
8 76 42 98 94 6 17 67 15 12 44 39 81 0 89 27 92 67 59 47 36 38 57 17 9 59 40 98 34 46 9 25 8 87 6 43 31 95 19 6 15 19 13 29 60 94 7 66 13 72
29 22 17 56 71 29 33 2 14 56 67 87 25 72 10 3 52 3 1 84 3 74 27 10 61 25 77 87 60 12 0 19 7 62 19 3 99 4 31 90 89 33 81 65 95 79 56 75 18 90
92 52 10 21 0 43 33 75 61 21 42 60 2 54 64 8 38 24 19 55 25 47 37 52 24 72 17 28 87 25 9 14 70 82 15 2 8 35 99 28 72 19 23 97 96 22 80 98 70 76
2 47 18 16 5 8 25 64 5 12 8 73 6 67 51 31 71 63 53 31 29 50 46 56 5 18 18 91 80 63 41 10 14 8 20 29 25 46 6 78 97 98 68 69 77 41 91 9 72 5
51 74 18 47 30 0 31 10 61 55 39 64 37 77 15 51 12 19 65 94 44 11 7 87 51 66 82 81 63 38 57 25 27 7 32 99 83 97 74 28 6 58 39 82 88 8 90 15 4 40
49 2 13 46 10 6 61 68 71 70 58 76 15 20 11 43 26 28 97 68 30 83 99 9 7 36 17 82 46 87 72 5 53 5 17 24 82 44 7 60 77 21 98 43 3 24 10 35 50 51
24 38 56 75 94 9 10 18 57 38 5 67 23 36 72 98 14 9 33 68 57 66 95 69 57 55 11 47 41 72 81 58 86 77 80 33 8 73 99 4 58 79 65 10 44 99 64 4 22 34
94 69 81 18 62 8 19 85 14 20 1 46 16 45 77 0 46 78 25 32 71 3 50 76 36 34 10 88 79 72 41 36 86 29 1 46 80 12 80 11 95 71 55 16 29 19 29 75 78 95
74 94 48 72 24 27 89 80 67 78 88 84 3 62 65 40 22 86 50 65 78 40 1 38 43 66 77 24 26 80 52 39 84 34 34 16 29 62 97 0 49 64 53 63 28 74 81 50 92 8
11 73 86 19 33 81 42 99 51 20 74 54 58 27 8 35 43 67 23 69 33 49 49 21 93 56 13 35 22 1 97 86 14 66 42 15 51 10 5 52 28 50 75 60 79 88 80 46 1 21
