16 47
0 1 1 2 3 4 5 6 7 8 8 9 10 10 11 11 12 12 13 14 14 15 16 17 18 19 20 20 21 21 22 23 24 24 25 25 26 26 27 27 28 29 29 30 30 31 31 32 32 33
0 34 34 2 3 4 5 6 7 35 36 37 37 38 38 39 40 40 13 41 42 15 16 17 43 19 44 45 46 47 22 48 49 50 50 51 51 52 53 53 28 54 54 55 55 56 57 57 58 59
60 61 61 62 62 63 64 65 65 35 66 66 67 68 68 39 69 69 70 41 42 71 72 72 43 73 74 45 46 47 75 48 49 76 76 77 77 52 78 78 79 80 81 81 82 56 83 84 58 59
60 85 86 86 87 63 64 88 88 89 89 90 91 92 92 93 94 94 70 95 95 71 96 97 97 73 74 98 99 99 100 101 101 102 103 104 104 105 106 107 79 80 108 109 82 110 83 111 111 112
113 85 114 115 87 116 116 117 118 119 120 120 91 121 121 93 122 123 124 125 126 127 128 129 130 131 131 98 132 133 100 134 134 102 135 135 136 136 106 137 138 139 108 109 140 140 141 141 142 142
113 143 114 144 144 145 145 117 118 119 146 147 147 148 148 149 149 123 124 125 150 127 128 129 151 152 152 153 154 133 155 155 156 156 157 157 158 158 159 137 138 160 160 161 161 162 163 164 164 165
166 143 167 167 168 169 170 170 171 171 146 172 172 173 173 174 174 175 176 176 150 177 177 178 151 179 180 180 154 181 181 182 183 184 184 185 186 186 159 187 188 188 189 190 191 191 163 192 192 165
166 193 194 194 168 195 195 196 197 198 199 200 201 201 202 203 204 205 205 206 206 207 208 209 210 210 211 212 212 213 214 214 183 215 215 185 216 217 218 187 219 219 189 190 220 220 221 222 223 223
224 193 225 225 226 227 228 196 197 198 199 200 229 229 202 203 230 231 231 232 232 207 208 209 233 234 211 235 236 213 237 238 239 240 240 241 216 217 218 242 243 244 244 245 246 246 221 222 247 247
224 248 248 249 249 227 250 250 251 252 253 253 254 254 255 255 230 256 256 257 258 259 260 260 233 261 261 235 262 263 237 264 239 265 265 266 267 268 269 270 243 271 272 273 274 274 275 275 276 276
277 277 278 278 279 279 280 281 251 282 283 284 284 285 286 287 287 288 288 257 258 259 289 289 290 291 292 292 262 263 293 264 294 295 296 266 297 268 298 270 299 271 300 273 301 302 303 303 304 304
305 305 306 307 308 309 309 281 310 282 283 311 311 285 286 312 312 313 313 314 314 315 315 316 290 291 317 317 318 318 319 320 294 295 296 321 297 322 298 323 324 324 300 325 325 302 326 326 327 327
328 328 306 307 308 329 329 330 310 331 331 332 332 333 334 335 336 336 337 337 338 339 339 316 340 340 341 341 342 342 319 320 343 344 344 345 345 322 346 323 347 347 348 348 349 350 351 351 352 352
353 354 354 355 356 357 358 330 359 360 361 361 362 362 334 363 364 365 366 367 367 368 369 370 371 371 372 373 373 374 375 375 343 376 376 377 378 379 379 380 381 382 383 383 384 350 385 386 387 388
353 389 389 355 356 357 390 390 359 391 392 393 393 394 395 363 364 365 366 396 397 368 369 370 398 398 399 400 401 374 402 403 403 404 404 405 378 406 407 407 381 382 408 408 384 409 385 386 387 388
410 410 411 411 412 412 413 414 414 391 392 415 416 394 395 417 418 418 419 396 397 420 420 421 422 422 399 400 401 423 423 424 424 425 425 405 426 406 427 427 428 428 429 430 430 409 431 431 432 432
433 434 435 435 436 437 437 438 439 440 440 415 416 441 442 443 444 444 445 445 446 446 447 421 448 449 449 450 450 451 452 453 454 455 455 456 426 457 457 458 458 459 459 460 461 462 462 463 464 464
433 434 465 465 466 466 467 468 439 469 469 470 471 441 442 443 472 473 473 474 475 475 476 476 448 477 478 478 479 479 452 453 454 480 481 481 482 482 483 483 484 485 485 460 486 487 488 463 489 490
491 492 492 493 493 494 494 468 495 496 497 470 471 498 498 499 500 500 501 501 502 502 503 504 504 477 505 506 506 507 507 508 509 510 510 511 512 512 513 514 484 515 515 516 486 487 488 517 489 518
491 519 520 521 522 523 524 525 495 526 497 527 527 528 528 529 530 531 532 533 533 534 503 535 536 537 505 538 538 539 539 508 509 540 540 541 541 542 542 514 543 544 545 546 546 547 548 549 549 518
550 550 520 521 522 523 524 525 551 526 552 552 553 554 554 529 530 531 532 555 555 534 556 535 536 537 557 557 558 558 559 560 560 561 561 562 563 564 564 565 543 544 545 566 566 547 548 567 568 568
569 570 571 572 572 573 574 575 551 576 576 577 578 578 579 579 580 581 582 583 584 584 556 585 585 586 587 587 588 589 590 590 591 592 592 562 593 593 594 595 595 596 597 597 598 599 599 567 600 601
569 570 571 602 603 603 574 604 605 606 606 577 607 607 608 608 580 581 582 583 609 610 611 612 613 614 614 615 588 589 616 617 617 618 618 619 620 620 621 621 622 622 623 623 598 624 625 625 600 601
626 626 627 602 628 629 629 604 605 630 631 632 633 634 634 635 635 636 637 637 609 610 638 612 613 639 640 641 641 642 643 644 644 645 645 619 646 646 647 648 648 649 650 650 651 624 652 652 653 653
654 655 627 656 657 657 658 659 659 630 631 632 660 661 662 663 663 636 664 664 665 665 638 666 666 639 640 667 668 669 643 670 671 671 672 673 674 674 647 675 675 676 676 677 651 678 678 679 679 680
654 655 681 682 682 683 683 684 685 685 686 687 660 661 662 688 689 689 690 691 691 692 692 693 694 694 695 667 668 669 696 696 697 698 672 699 700 700 701 701 702 702 703 677 704 705 705 706 707 707
708 709 681 710 711 712 713 684 714 715 716 687 717 718 718 719 720 720 721 721 722 722 723 693 724 724 695 725 725 726 727 727 697 728 728 699 729 729 730 730 731 731 703 732 704 733 734 734 735 736
708 709 737 737 711 712 713 738 714 715 716 739 717 740 740 719 741 741 742 743 744 744 723 745 745 746 746 747 748 749 750 750 751 752 752 753 754 754 755 755 756 756 757 758 758 759 759 760 735 736
761 762 763 764 764 765 766 766 767 767 768 768 769 769 770 770 771 772 742 743 773 774 774 775 775 776 776 747 748 749 777 777 778 779 780 780 781 781 782 783 784 784 785 786 787 787 788 789 790 791
792 762 763 793 793 765 794 794 795 795 796 797 797 798 799 799 771 772 800 801 802 802 803 804 805 805 806 806 807 807 808 808 778 779 809 810 811 812 813 783 814 814 785 815 816 817 788 789 790 791
792 818 819 820 820 821 821 822 822 823 823 824 824 798 825 826 826 827 800 828 829 830 803 831 832 832 833 833 834 834 835 835 836 837 837 810 838 812 813 839 840 841 842 815 816 843 843 844 845 845
846 846 819 847 847 848 848 849 850 851 852 852 853 854 825 855 856 827 857 828 829 858 858 831 859 860 860 861 862 862 863 864 836 865 866 866 838 867 867 839 840 841 842 868 869 870 870 871 871 872
873 873 874 875 875 876 876 849 850 851 877 878 853 879 880 880 856 881 882 883 884 885 886 887 859 888 889 861 890 890 863 864 891 892 892 893 893 894 895 895 896 896 897 897 869 898 899 899 900 872
901 901 902 902 903 903 904 905 906 906 877 907 908 879 909 910 910 881 882 883 884 911 886 887 912 888 913 914 915 915 916 916 917 918 919 919 920 921 921 922 923 923 924 925 925 926 927 927 928 929
930 930 931 932 932 933 904 905 934 935 935 907 908 936 937 938 939 940 940 941 941 911 942 943 912 944 913 914 945 945 946 946 917 918 947 947 948 949 949 922 950 951 952 952 953 926 954 954 928 929
955 955 956 956 957 957 958 959 934 960 960 961 961 936 937 938 962 962 963 963 964 964 942 943 965 944 966 966 967 967 968 969 969 970 970 971 948 972 972 973 973 951 974 974 975 976 977 977 978 978
979 980 980 981 982 983 983 959 984 984 985 986 987 987 988 989 989 990 990 991 991 992 993 993 994 995 996 997 998 998 968 999 1000 1001 1002 971 1003 1003 1004 1005 1005 1006 1006 1007 975 1008 1008 1009 1010 1010
1011 1012 1012 981 982 1013 1014 1014 1015 1016 985 1017 1017 1018 988 1019 1019 1020 1021 1021 1022 1022 1023 1023 994 1024 996 997 1025 1026 1026 999 1027 1001 1002 1028 1029 1030 1031 1032 1032 1033 1033 1007 1034 1035 1036 1009 1037 1037
1011 1038 1038 1039 1040 1041 1042 1042 1015 1016 1043 1044 1045 1018 1046 1047 1047 1020 1048 1049 1049 1050 1051 1052 1052 1024 1053 1054 1025 1055 1056 1056 1027 1057 1057 1058 1029 1030 1031 1059 1060 1061 1061 1062 1062 1035 1036 1063 1063 1064
1065 1066 1066 1039 1067 1041 1068 1069 1069 1070 1043 1044 1045 1071 1071 1072 1072 1073 1048 1074 1074 1050 1051 1075 1075 1076 1053 1077 1078 1079 1079 1080 1081 1082 1083 1058 1084 1084 1085 1059 1060 1086 1087 1087 1088 1089 1090 1090 1091 1064
1065 1092 1093 1093 1067 1094 1094 1095 1095 1070 1096 1097 1098 1098 1099 1100 1101 1101 1102 1102 1103 1103 1104 1105 1105 1106 1106 1077 1078 1107 1108 1080 1081 1082 1109 1110 1111 1111 1085 1112 1113 1114 1115 1115 1088 1089 1116 1117 1117 1118
1119 1119 1120 1120 1121 1122 1123 1123 1124 1125 1096 1097 1126 1126 1099 1100 1127 1128 1128 1129 1130 1130 1104 1131 1131 1132 1133 1133 1134 1107 1108 1135 1135 1136 1109 1110 1137 1137 1138 1112 1113 1114 1139 1139 1140 1140 1116 1141 1142 1118
1143 1143 1144 1145 1121 1146 1146 1147 1124 1125 1148 1149 1150 1150 1151 1151 1152 1153 1153 1129 1154 1155 1156 1156 1157 1132 1158 1159 1159 1160 1160 1161 1161 1136 1162 1162 1163 1164 1138 1165 1165 1166 1167 1168 1168 1169 1170 1170 1142 1171
1172 1172 1144 1173 1174 1174 1175 1175 1176 1176 1148 1149 1177 1177 1178 1179 1152 1180 1181 1182 1154 1183 1183 1184 1185 1185 1158 1186 1187 1187 1188 1189 1190 1190 1191 1192 1192 1164 1193 1193 1194 1195 1167 1196 1197 1198 1199 1199 1200 1171
1201 1201 1202 1173 1203 1204 1205 1205 1206 1206 1207 1207 1208 1208 1178 1209 1209 1180 1181 1210 1210 1211 1211 1212 1213 1213 1214 1214 1215 1215 1188 1189 1216 1216 1217 1217 1218 1218 1219 1219 1194 1195 1220 1221 1197 1198 1222 1222 1200 1223
1224 1224 1202 1225 1203 1204 1226 1227 1227 1228 1228 1229 1230 1230 1231 1232 1233 1234 1235 1235 1236 1237 1237 1212 1238 1239 1240 1240 1241 1242 1242 1243 1244 1245 1246 1247 1248 1248 1249 1249 1250 1251 1220 1221 1252 1253 1253 1254 1254 1223
1255 1256 1257 1225 1258 1258 1226 1259 1260 1260 1261 1261 1262 1263 1231 1232 1233 1234 1264 1264 1265 1266 1266 1267 1238 1239 1268 1268 1241 1269 1270 1243 1244 1245 1246 1247 1271 1271 1272 1273 1273 1251 1274 1275 1276 1277 1278 1279 1280 1280
1255 1256 1257 1281 1282 1282 1283 1284 1285 1285 1286 1286 1262 1263 1287 1288 1288 1289 1289 1290 1265 1291 1291 1267 1292 1293 1293 1294 1295 1269 1270 1296 1297 1298 1298 1299 1300 1301 1272 1302 1302 1303 1274 1275 1276 1304 1278 1279 1305 1305
1306 1307 1307 1308 1308 1309 1283 1284 1310 1310 1311 1311 1312 1313 1314 1315 1315 1316 1317 1318 1319 1320 1321 1322 1323 1324 1325 1294 1326 1326 1327 1328 1297 1329 1329 1330 1300 1301 1331 1331 1332 1303 1333 1334 1335 1304 1336 1337 1338 1339
1340 1340 1341 1342 1342 1309 1343 1343 1344 1344 1345 1345 1312 1313 1314 1346 1346 1316 1317 1318 1319 1320 1321 1322 1323 1324 1325 1347 1347 1348 1327 1328 1349 1349 1350 1330 1351 1352 1352 1353 1354 1354 1333 1334 1335 1355 1336 1337 1338 1339
70 50 77 44 44 57 25 2 7 56 61 73 63 60 41 28 39 34 80 13 82 70 79 21 7 45 99 7 58 21 89 70 64 73 98 25 40 53 92 40 34 2 5 37 60 9 21 36 72 17
20 23 45 28 58 60 26 93 16 42 21 66 25 70 17 99 49 84 83 22 75 7 75 59 32 36 89 86 80 44 61 77 34 42 63 52 21 43 14 6 77 83 13 79 95 61 76 46 59 82
33 26 85 26 66 3 29 13 4 92 92 14 50 48 29 33 1 66 31 31 96 75 56 47 38 1 21 23 34 37 69 14 93 88 42 11 25 10 37 91 63 46 79 51 0 25 36 12 59 49
55 46 79 0 52 34 19 7 0 68 37 41 45 85 67 5 34 1 66 39 1 62 47 3 78 19 8 8 76 13 42 74 60 56 64 63 94 63 94 13 11 50 52 51 93 84 26 41 35 7
62 28 27 11 82 49 35 97 17 7 16 40 15 67 47 1 31 38 63 6 24 7 47 48 74 73 22 16 4 18 3 50 10 6 62 46 54 55 43 16 63 14 92 68 64 29 57 14 34 14
56 31 85 8 80 52 37 31 92 90 20 91 56 26 23 84 21 69 20 87 28 46 43 7 21 16 12 33 82 93 21 84 88 65 0 14 45 51 26 26 98 94 44 42 96 94 91 41 76 45
59 38 76 13 55 58 17 24 92 60 11 62 44 11 37 55 41 66 61 71 46 5 77 45 83 99 96 19 86 0 38 93 11 29 4 12 99 0 65 49 70 60 53 74 17 50 93 8 75 29
8 42 26 51 49 50 44 36 55 30 9 53 20 14 31 55 23 85 44 62 66 79 80 94 92 21 33 65 98 83 0 81 53 34 28 34 69 12 58 57 39 95 95 67 53 6 42 2 45 68
75 61 98 17 14 65 80 92 12 37 17 69 28 43 93 97 7 31 62 23 1 77 86 64 92 77 37 54 12 87 0 5 76 8 89 21 7 16 34 65 59 95 12 28 48 65 42 81 53 32
63 72 64 13 80 37 66 94 49 29 89 48 83 71 62 34 29 94 61 36 98 76 65 79 74 43 89 22 22 99 12 6 57 76 68 14 18 60 12 34 2 52 55 90 31 46 27 38 83 56
49 23 93 29 66 70 3 68 52 72 8 34 54 3 73 71 69 96 75 9 75 73 99 42 13 69 88 68 85 87 90 83 47 45 50 19 24 94 29 81 8 3 33 59 46 36 57 38 59 27
39 94 5 50 25 7 14 19 98 16 45 53 93 69 12 23 33 16 2 21 23 1 11 56 63 96 26 25 52 60 79 59 31 36 76 79 56 94 98 73 35 63 33 30 92 7 66 20 53 1
8 22 59 54 56 55 91 16 9 18 65 98 79 13 19 61 15 13 71 12 18 6 16 30 28 44 41 2 27 13 51 2 69 27 89 56 4 88 62 59 27 23 83 65 21 10 12 12 3 29
53 46 15 23 42 19 51 53 21 3 60 89 1 86 95 56 89 19 65 98 16 66 75 81 43 96 3 17 51 27 58 39 66 52 64 44 48 20 14 16 7 55 1 96 41 70 41 55 53 4
3 51 42 89 73 75 77 84 56 93 32 76 53 28 58 75 81 9 9 95 37 61 45 66 6 78 60 39 53 15 79 10 48 62 37 58 77 98 40 62 65 73 80 37 68 62 3 35 46 97
36 80 7 0 26 39 67 54 17 66 40 48 95 48 38 87 55 46 76 5 72 16 81 73 80 24 65 44 65 15 50 63 93 64 13 50 29 19 49 15 53 35 13 44 28 90 51 2 94 94
54 35 23 61 27 13 10 44 64 4 88 9 77 13 36 20 89 6 8 93 7 89 41 20 24 50 44 3 35 96 79 13 30 14 93 14 7 9 62 80 79 33 75 42 16 4 52 89 58 93
98 32 64 67 63 3 39 96 7 11 89 24 81 74 99 13 40 36 11 30 21 44 79 73 68 4 46 45 69 69 89 39 8 94 17 1 31 22 91 20 22 61 99 5 53 51 51 71 48 9
82 2 18 37 87 75 53 1 68 81 63 62 40 37 16 30 1 9 44 60 62 73 56 32 19 41 96 59 68 17 79 38 12 25 70 56 20 98 19 3 52 68 76 30 95 18 63 44 21 48
84 20 3 27 30 72 63 1 6 34 77 38 51 59 97 23 89 8 92 79 60 8 81 54 7 7 39 45 82 21 54 87 75 43 63 24 73 80 9 77 96 68 84 56 91 2 88 0 78 55
59 17 49 52 23 56 79 51 53 48 32 70 63 94 47 28 55 0 39 52 21 76 62 85 10 38 98 10 2 65 34 79 63 3 36 80 81 5 59 79 79 2 40 71 13 26 9 55 98 64
43 35 22 48 24 20 56 10 99 94 91 73 56 48 5 73 80 85 79 49 47 48 6 83 73 36 37 3 94 80 20 94 59 4 79 83 73 15 61 5 64 72 34 79 23 76 26 4 78 21
0 35 55 1 16 50 13 62 34 96 71 68 17 6 64 19 22 54 26 41 93 63 13 55 99 81 83 38 0 32 61 3 7 82 16 34 56 44 29 90 72 10 48 65 71 59 85 84 85 48
4 98 53 93 56 85 54 19 19 18 93 20 50 83 67 88 74 35 44 59 89 93 17 11 95 53 37 72 50 22 79 98 99 20 53 53 94 31 56 7 2 20 41 23 82 58 97 84 13 57
5 16 66 40 88 98 9 7 49 91 16 48 9 15 15 57 11 7 8 60 5 8 19 9 55 65 35 77 23 99 97 74 65 35 93 80 34 36 43 30 13 4 82 12 58 60 16 45 27 94
23 62 72 40 63 80 76 53 29 68 54 21 37 58 58 57 12 64 5 82 2 96 62 95 35 95 13 79 2 93 18 37 43 74 54 37 83 21 40 64 19 19 41 83 67 75 39 79 2 57
54 54 69 85 13 1 91 38 64 14 49 89 76 77 65 25 12 37 41 22 50 78 41 46 10 30 86 81 21 82 2 13 77 4 8 17 9 40 87 25 65 57 27 2 74 56 8 4 28 97
54 51 6 80 63 63 89 26 97 17 20 82 60 55 65 2 69 88 24 16 89 57 83 46 21 13 35 48 4 57 76 9 49 90 46 8 86 12 99 20 17 83 22 30 38 54 80 92 74 0
21 68 62 37 66 22 18 95 52 75 41 75 27 47 21 92 37 27 60 41 87 40 95 36 51 13 22 53 22 9 96 3 67 53 56 52 88 6 61 18 29 9 5 39 78 15 41 54 76 28
68 15 81 7 36 60 13 88 72 23 63 42 2 30 7 11 65 17 70 27 25 75 67 49 74 78 27 16 38 30 0 55 69 69 68 64 60 4 48 82 69 6 83 16 20 7 71 81 63 65
82 4 60 22 13 70 9 46 2 81 63 27 31 22 23 9 73 53 52 58 51 76 4 41 28 88 1 2 36 50 64 44 77 73 16 77 63 37 43 6 11 93 63 1 58 42 49 82 32 3
67 37 57 74 8 6 83 19 44 65 32 18 51 56 10 94 51 69 38 21 36 92 34 27 97 60 55 98 87 59 24 41 8 10 41 95 52 73 44 24 48 31 23 84 69 85 61 90 38 93
95 19 83 66 3 4 32 79 98 86 3 3 85 13 80 54 46 15 78 39 28 1 53 28 15 18 58 85 53 64 86 15 49 46 30 13 11 27 10 90 51 22 88 5 63 89 48 86 36 15
34 20 68 35 79 8 24 29 56 39 36 89 40 27 22 24 51 21 39 26 53 32 81 39 5 92 73 86 39 66 58 51 27 96 60 28 46 7 10 82 10 52 22 6 35 7 68 83 55 59
89 9 33 4 29 81 18 59 89 70 61 2 64 92 51 20 51 46 95 58 61 84 0 98 3 84 76 92 30 92 29 88 30 24 79 94 31 15 46 40 44 57 0 5 88 23 90 78 77 27
33 67 70 82 33 50 74 65 59 93 31 29 12 97 43 98 6 52 4 18 78 95 46 86 36 19 53 73 77 7 90 50 62 60 23 66 91 75 77 12 65 54 14 10 33 11 51 73 61 53
64 19 82 50 80 49 49 74 34 47 23 15 73 95 60 6 77 89 37 32 46 36 43 98 12 11 83 15 85 4 93 48 25 58 97 7 91 17 78 90 98 8 77 23 78 59 97 36 30 45
22 14 94 84 87 54 22 10 25 28 1 38 98 8 65 24 74 53 67 3 31 87 67 74 96 9 33 37 21 62 9 75 70 84 96 92 42 55 60 77 70 22 98 40 46 93 99 49 39 47
12 61 9 25 68 59 64 40 96 86 41 80 62 40 55 82 89 59 49 7 49 50 58 55 53 20 64 62 29 47 73 8 7 28 63 10 97 74 71 35 15 11 25 91 16 28 13 48 86 1
68 97 57 82 83 45 25 15 65 35 62 25 9 39 97 15 3 24 3 15 48 51 29 79 30 40 87 69 4 55 44 66 58 26 17 45 39 60 10 69 34 85 72 74 45 3 4 43 27 22
88 8 52 35 60 64 35 0 79 67 91 64 46 34 88 77 56 92 44 67 84 92 3 83 20 72 40 60 51 68 50 64 44 62 20 14 6 28 1 88 14 91 6 3 76 9 42 99 98 87
89 88 88 86 8 86 44 93 6 25 30 61 67 65 80 55 96 47 75 18 4 62 98 30 21 75 14 19 79 1 61 16 45 75 53 93 25 56 87 42 38 51 90 75 49 8 22 9 80 9
88 86 83 64 99 61 31 52 38 85 0 16 55 94 91 94 45 64 81 92 66 48 5 9 61 98 44 71 81 31 61 59 88 33 2 67 6 60 53 70 35 29 22 42 69 43 7 70 21 20
41 64 11 67 46 96 8 34 69 62 28 82 83 16 58 98 4 17 79 71 18 78 37 91 72 35 28 79 68 59 50 75 61 99 90 34 80 63 55 84 81 4 95 84 69 41 30 17 34 2
21 15 91 50 64 2 66 21 23 8 66 62 87 35 9 14 16 32 82 65 93 71 72 21 11 33 14 87 67 87 3 88 26 37 46 90 29 42 28 19 90 56 44 59 9 94 59 40 56 39
90 31 56 12 27 50 83 27 88 65 72 95 98 26 98 46 44 6 21 34 66 59 28 61 81 2 0 32 23 28 74 33 30 9 1 95 71 79 77 99 81 7 74 31 12 97 18 61 58 16
23 69 2 75 71 99 53 68 52 38 11 15 26 92 23 99 76 69 56 56 58 33 27 83 11 5 6 97 69 26 57 37 83 83 30 43 33 26 41 51 7 73 16 70 84 98 86 88 4 93
64 46 82 46 40 51 80 74 97 80 18 72 32 4 74 85 46 95 59 52 44 28 10 3 49 21 83 12 68 45 81 67 88 1 9 75 78 64 64 88 69 32 86 17 87 36 33 50 55 62
53 21 57 66 73 65 52 83 1 11 73 33 64 39 35 4 68 88 11 25 30 67 45 12 27 72 65 97 45 58 98 24 7 6 43 31 14 17 31 93 57 76 86 78 14 1 3 39 75 93
83 34 36 83 20 66 26 6 6 83 72 30 20 45 64 17 64 39 69 1 79 95 30 71 87 90 30 21 4 88 12 93 73 75 9 63 17 24 5 82 30 79 86 68 96 48 30 21 10 91
