14 40
0 1 2 2 3 4 5 6 7 8 8 9 10 11 12 12 13 14 14 15 16 17 17 18 19 19 20 21 22 22 23 24 24 25 25 26 27 28 28 29 29 30 31 32 32 33 34 35 36 36
0 1 37 38 38 4 5 39 7 40 41 9 10 11 42 43 13 44 45 15 46 47 47 48 49 50 20 21 51 52 53 54 54 55 55 26 27 56 57 58 58 30 59 59 60 61 34 62 63 63
64 64 65 66 67 68 69 39 70 40 71 71 72 72 42 73 74 75 45 76 46 77 78 48 49 79 79 80 81 52 53 82 83 83 84 84 85 85 57 86 87 88 89 89 60 61 90 62 91 91
92 92 65 66 67 93 69 94 70 95 95 96 97 97 98 73 74 75 99 100 101 77 102 102 103 104 104 80 81 105 106 82 107 107 108 108 109 110 110 86 87 88 111 111 112 113 90 114 115 115
116 117 117 118 118 93 119 94 120 120 121 121 122 123 98 124 125 126 126 100 101 127 128 129 129 130 131 131 132 132 106 133 133 134 134 135 109 136 137 137 138 139 139 140 112 113 141 141 142 142
143 143 144 145 145 146 119 147 148 148 149 149 122 150 150 124 151 151 152 152 153 127 154 155 155 156 156 157 158 159 160 161 161 162 162 135 163 136 164 165 138 166 166 140 167 167 168 169 169 170
171 171 144 172 172 146 173 147 174 175 175 176 176 177 177 178 178 179 179 180 153 181 154 182 182 183 183 157 158 159 160 184 185 185 186 186 163 187 164 165 188 189 190 191 192 192 168 193 193 170
194 194 195 195 196 197 173 198 174 199 200 201 201 202 203 203 204 204 205 180 206 181 207 208 209 209 210 211 212 213 213 214 214 215 216 217 218 187 219 219 188 189 220 191 221 222 222 223 223 224
225 225 226 226 196 197 227 198 228 199 200 229 229 230 230 231 231 232 205 233 206 234 234 208 235 236 210 211 237 237 238 238 239 215 216 217 218 240 240 241 242 242 220 243 243 244 245 245 246 224
247 247 248 249 250 250 227 251 228 252 253 253 254 255 256 257 257 232 258 258 259 260 260 261 261 236 262 263 263 264 265 265 239 266 267 268 269 270 271 272 272 273 274 275 276 276 277 277 278 278
279 279 248 249 280 280 281 282 283 284 284 285 254 286 256 287 287 288 289 289 259 290 291 292 293 293 294 295 295 264 296 297 298 299 267 268 269 270 271 300 300 273 274 275 301 302 303 304 304 305
306 307 308 309 310 310 281 282 283 311 312 313 313 286 314 315 315 288 316 316 317 317 291 292 318 318 294 319 320 320 296 321 298 299 322 323 324 325 326 327 327 328 329 329 301 302 330 331 331 305
306 307 308 309 332 333 333 334 335 311 336 337 337 338 338 339 340 340 341 341 342 343 344 344 345 345 346 319 347 348 348 321 349 349 322 323 324 325 350 350 351 328 352 353 353 354 330 355 356 357
358 358 359 359 332 360 360 334 361 361 336 362 363 364 364 339 365 366 367 368 342 343 369 369 370 370 371 372 373 374 375 375 376 376 377 378 379 379 380 380 351 381 352 382 382 383 383 355 384 357
385 386 386 387 387 388 389 390 391 392 392 362 393 394 395 396 365 366 367 368 397 398 399 400 401 401 371 402 373 403 403 404 405 405 377 378 406 407 408 409 409 381 410 411 411 412 412 413 384 414
415 416 416 417 417 388 389 390 391 418 419 419 393 394 395 420 420 421 422 422 423 398 399 424 424 425 426 402 427 427 428 404 429 430 430 431 406 407 408 432 432 433 433 434 434 435 436 437 438 414
415 439 439 440 440 441 442 443 443 418 444 444 445 445 446 446 447 421 448 448 423 449 449 450 451 425 452 452 453 453 428 454 429 455 455 431 456 457 458 458 459 460 461 461 462 435 436 437 463 464
465 465 466 466 467 441 442 468 469 469 470 470 471 472 472 473 447 474 474 475 476 477 477 450 478 478 479 479 480 481 482 454 483 483 484 485 485 457 486 486 459 487 488 488 462 489 489 490 463 464
491 491 492 493 493 494 494 495 496 497 498 499 500 500 501 473 502 502 503 503 476 504 504 505 506 506 507 507 480 481 482 508 509 509 484 510 510 511 512 512 513 487 514 515 515 516 516 490 517 517
518 518 492 519 520 521 522 495 496 497 498 499 523 523 501 524 524 525 525 526 526 527 528 505 529 529 530 530 531 532 532 508 533 533 534 535 535 536 537 538 513 539 540 540 541 541 542 543 543 544
545 546 546 519 520 521 547 547 548 548 549 550 551 551 552 553 553 554 555 556 557 557 528 558 558 559 560 560 531 561 562 563 564 565 534 566 566 536 567 538 568 568 569 570 571 571 572 573 573 544
574 574 575 576 576 577 578 579 579 580 549 581 581 582 552 583 583 554 584 556 585 585 586 587 587 559 588 589 589 561 562 563 590 565 591 591 592 593 567 594 595 596 569 570 597 598 572 599 599 600
601 601 575 602 603 603 578 604 604 580 605 606 607 582 608 609 610 611 584 612 612 613 614 614 615 616 588 617 617 618 618 619 590 620 620 621 621 593 622 623 595 596 624 624 597 625 625 626 626 600
627 628 629 602 630 631 632 633 633 634 605 606 635 635 608 609 610 611 636 636 637 613 638 639 639 616 640 640 641 642 642 619 643 644 645 646 646 647 622 623 648 649 649 650 651 652 652 653 653 654
627 628 655 656 630 631 632 657 657 634 658 659 660 661 661 662 662 663 663 664 665 666 638 667 668 669 670 670 641 671 671 672 673 644 674 674 675 647 676 676 677 677 678 650 679 679 680 680 681 654
682 683 655 656 684 685 685 686 687 688 658 659 660 689 690 691 692 692 693 694 665 666 695 695 668 669 696 696 697 697 698 698 673 699 699 700 701 701 702 703 703 704 678 705 706 707 708 708 709 709
710 683 711 712 712 713 713 686 687 714 715 716 717 689 690 691 718 718 693 694 719 720 721 722 722 723 724 725 726 726 727 728 728 729 730 730 731 731 702 732 733 704 734 734 706 707 735 736 737 737
710 738 738 739 740 741 742 743 743 714 715 716 717 744 744 745 746 747 747 748 749 720 721 750 750 723 724 725 751 751 727 752 752 729 753 754 754 755 756 756 733 757 758 758 759 760 735 761 761 762
763 763 764 764 740 741 765 766 767 767 768 768 769 769 770 745 746 771 771 748 749 772 773 774 775 776 777 778 778 779 779 780 780 781 782 782 783 755 784 784 785 757 786 786 759 787 787 788 789 762
790 791 791 792 793 794 765 766 795 796 796 797 798 798 770 799 799 800 800 801 801 772 773 774 775 776 802 803 803 804 804 805 806 806 807 807 808 808 809 810 785 811 811 812 813 814 814 788 815 816
817 818 819 792 793 820 821 822 823 823 824 824 825 826 826 827 828 829 830 830 831 831 832 832 833 833 802 834 835 835 836 805 837 837 838 838 839 839 809 840 841 842 842 812 843 843 844 845 815 816
817 818 819 846 846 820 821 822 847 848 848 849 825 850 851 827 828 829 852 853 854 854 855 856 857 857 858 834 859 859 836 860 861 862 863 863 864 865 866 840 867 868 868 869 870 870 844 871 872 872
873 874 874 875 876 876 877 878 847 879 879 880 881 850 851 882 883 883 852 884 885 886 855 856 887 888 858 889 890 890 891 891 861 892 893 894 864 865 866 895 867 896 896 897 897 898 898 871 899 899
873 900 901 902 902 903 877 878 904 905 905 880 906 906 907 907 908 909 909 884 885 910 910 911 911 888 912 889 913 913 914 914 915 892 893 916 916 917 917 895 918 919 919 920 921 921 922 923 924 925
926 927 901 928 928 903 929 929 904 930 931 931 932 933 934 934 908 935 935 936 937 938 939 939 940 940 912 941 942 942 943 943 944 944 945 945 946 946 947 947 918 948 948 920 949 950 950 923 924 951
926 927 952 952 953 953 954 955 956 957 957 958 932 933 959 959 960 961 962 936 963 938 964 965 965 966 966 941 967 968 968 969 969 970 971 972 972 973 973 974 974 975 975 976 949 977 977 978 978 951
979 980 980 981 981 982 954 955 956 983 983 958 984 984 985 985 960 961 986 986 963 987 987 988 989 989 990 991 991 992 993 994 994 970 971 995 996 996 997 997 998 999 999 976 1000 1001 1002 1003 1004 1004
979 1005 1005 1006 1006 1007 1008 1008 1009 1009 1010 1011 1012 1012 1013 1013 1014 1015 1016 1017 1017 1018 1018 988 1019 1020 1020 1021 1022 1023 993 1024 1024 1025 1026 995 1027 1027 1028 1028 1029 1030 1031 1032 1000 1033 1002 1003 1034 1034
1035 1035 1036 1037 1037 1007 1038 1038 1039 1039 1010 1011 1040 1041 1041 1042 1014 1015 1043 1044 1044 1045 1046 1047 1048 1049 1050 1021 1022 1023 1051 1051 1052 1025 1026 1053 1054 1055 1056 1057 1029 1030 1031 1032 1058 1033 1059 1059 1060 1060
1061 1061 1062 1063 1063 1064 1065 1066 1066 1067 1068 1068 1040 1069 1070 1070 1071 1072 1043 1073 1074 1074 1046 1047 1048 1049 1075 1076 1076 1077 1078 1078 1052 1079 1080 1053 1054 1055 1056 1081 1081 1082 1083 1084 1085 1085 1086 1087 1088 1088
1089 1089 1062 1090 1090 1064 1065 1091 1091 1067 1092 1092 1093 1069 1094 1094 1071 1072 1095 1095 1096 1097 1097 1098 1099 1099 1075 1100 1101 1102 1102 1103 1104 1079 1105 1106 1107 1107 1108 1109 1109 1082 1110 1084 1111 1112 1086 1087 1113 1114
1115 1116 1117 1117 1118 1119 1119 1120 1120 1121 1122 1123 1093 1124 1125 1126 1127 1127 1128 1129 1096 1130 1130 1131 1131 1132 1132 1100 1133 1133 1134 1134 1104 1135 1105 1106 1136 1137 1108 1138 1138 1139 1110 1140 1111 1112 1141 1142 1142 1114
1143 1116 1144 1145 1118 1146 1146 1147 1147 1148 1122 1123 1149 1124 1125 1126 1150 1150 1128 1129 1151 1152 1153 1154 1155 1155 1156 1157 1158 1158 1159 1160 1160 1135 1161 1162 1136 1137 1163 1164 1164 1139 1165 1140 1166 1167 1168 1168 1169 1170
1143 1171 1171 1145 1172 1173 1174 1175 1176 1148 1177 1177 1149 1178 1178 1179 1180 1180 1181 1181 1151 1152 1153 1154 1182 1182 1156 1157 1183 1183 1159 1184 1184 1185 1161 1162 1186 1186 1163 1187 1187 1188 1165 1189 1166 1167 1190 1190 1169 1170
1191 1192 1193 1193 1172 1173 1174 1175 1194 1195 1196 1197 1198 1199 1199 1179 1200 1200 1201 1201 1202 1202 1203 1204 1205 1205 1206 1206 1207 1207 1208 1209 1210 1210 1211 1212 1212 1213 1213 1214 1214 1188 1215 1189 1216 1217 1217 1218 1219 1219
1191 1192 1220 1220 1221 1222 1222 1223 1194 1195 1196 1197 1198 1224 1225 1226 1227 1227 1228 1229 1230 1231 1203 1232 1233 1233 1234 1235 1235 1236 1236 1209 1237 1237 1211 1238 1238 1239 1239 1240 1240 1241 1215 1242 1242 1243 1244 1244 1245 1245
1246 1247 1248 1249 1250 1251 1251 1223 1252 1252 1253 1254 1254 1224 1225 1255 1255 1256 1228 1229 1230 1257 1257 1232 1258 1259 1234 1260 1261 1261 1262 1262 1263 1264 1265 1265 1266 1266 1267 1268 1269 1241 1270 1271 1271 1272 1273 1274 1275 1275
1246 1247 1248 1249 1250 1276 1276 1277 1277 1278 1253 1279 1280 1280 1281 1282 1283 1284 1284 1285 1286 1287 1288 1289 1258 1259 1290 1260 1291 1292 1293 1294 1263 1264 1295 1295 1296 1296 1297 1268 1269 1298 1299 1300 1301 1272 1273 1274 1302 1302
1303 1303 1304 1305 1305 1306 1307 1308 1308 1278 1309 1279 1310 1311 1281 1282 1312 1313 1314 1285 1286 1315 1288 1289 1316 1317 1290 1318 1291 1292 1293 1294 1319 1320 1320 1321 1322 1323 1297 1324 1325 1325 1299 1300 1301 1326 1326 1327 1328 1329
1330 1330 1331 1331 1332 1332 1307 1333 1334 1334 1309 1335 1310 1311 1336 1336 1312 1313 1314 1337 1337 1315 1338 1338 1316 1339 1339 1340 1340 1341 1341 1342 1342 1343 1343 1321 1322 1323 1344 1344 1345 1345 1346 1346 1347 1348 1348 1327 1328 1329
52 26 8 97 47 14 38 66 32 86 13 47 82 12 64 42 69 5 17 3 45 10 47 26 91 40 82 4 33 62 17 91 78 14 14 9 70 2 15 12 60 82 39 72 96 72 44 36 53 24
66 67 11 14 24 94 58 0 14 93 21 21 44 88 9 52 8 54 47 52 48 83 1 86 26 10 70 46 89 90 65 94 58 50 31 33 97 25 24 37 83 49 25 8 67 52 54 97 38 30
63 3 73 34 60 76 75 22 67 84 35 55 61 97 64 75 63 72 16 96 24 40 21 30 29 76 63 79 46 82 63 83 6 42 53 80 62 53 93 50 54 35 37 10 71 48 6 65 70 85
85 69 87 18 73 77 0 12 70 32 11 53 21 3 82 82 64 87 72 11 79 25 3 36 20 22 61 85 25 9 76 70 16 73 74 40 45 7 74 14 53 39 11 21 3 15 48 8 90 88
51 56 42 96 67 15 71 87 70 89 20 34 49 75 12 8 76 48 92 62 55 48 72 64 70 36 54 84 37 95 84 40 28 48 7 55 4 36 33 32 29 97 94 88 72 65 94 81 16 20
53 37 48 38 95 33 92 39 25 35 8 25 2 13 38 76 86 14 10 82 10 42 4 93 61 97 32 69 76 57 89 30 61 60 3 63 79 72 0 92 31 86 36 78 96 34 22 83 33 20
37 77 65 76 0 88 15 51 0 49 78 6 19 0 89 55 73 7 48 14 89 3 33 55 20 21 70 76 28 84 99 94 70 26 3 9 69 24 74 10 27 19 70 95 46 79 4 25 1 12
8 93 37 55 49 67 6 62 30 99 58 61 97 43 44 47 34 58 14 95 73 96 9 46 98 2 55 0 51 11 33 12 99 41 49 9 73 51 44 65 95 12 42 87 54 85 0 99 15 13
97 83 20 7 43 60 81 92 57 95 53 16 61 29 16 53 23 99 14 72 99 20 8 70 76 72 92 0 59 56 57 71 0 18 53 11 40 24 45 49 72 4 35 90 53 29 54 71 75 17
41 48 22 67 24 7 32 16 97 23 30 94 60 68 73 18 73 50 47 40 29 29 82 8 13 23 26 28 66 27 19 65 60 85 42 41 16 20 21 92 14 11 45 55 51 5 6 72 67 28
25 82 68 81 74 90 34 86 19 65 49 91 59 44 28 79 64 23 84 13 59 65 76 77 69 91 60 76 17 28 17 2 71 68 27 92 89 47 28 26 90 11 27 59 84 29 55 27 56 10
31 87 88 30 22 58 14 56 76 98 52 15 9 36 18 21 96 19 54 26 73 66 92 34 49 13 39 51 38 97 74 68 93 52 3 30 12 6 73 5 12 98 11 58 30 39 81 59 20 50
44 94 19 16 34 50 89 13 29 35 20 23 3 99 7 43 97 7 46 72 72 5 26 7 82 93 41 47 20 55 93 98 97 31 65 47 15 8 8 57 16 15 18 20 71 20 38 74 13 82
95 43 9 18 26 86 74 13 32 37 48 50 47 40 10 88 99 75 47 67 86 36 30 84 13 16 92 41 90 48 69 41 94 29 99 60 15 14 59 5 63 3 93 75 73 11 19 7 42 88
90 48 47 90 57 35 56 48 22 53 94 38 73 93 71 5 67 85 87 26 40 83 62 38 48 11 59 58 46 9 50 59 44 6 82 15 49 14 25 7 16 33 34 66 43 58 93 74 60 18
91 62 91 93 81 36 88 94 79 81 20 35 68 14 68 3 7 13 35 71 75 8 13 77 31 29 69 41 67 28 17 8 7 91 34 68 57 56 86 19 57 50 77 83 75 32 79 82 51 78
40 54 31 53 6 60 43 87 47 89 19 7 51 26 14 1 43 21 76 51 66 50 43 79 15 73 87 38 8 54 17 31 59 38 51 58 35 63 42 39 10 16 79 48 54 43 39 18 94 32
45 47 86 38 6 19 32 94 37 51 47 92 83 94 82 73 18 22 92 22 72 29 53 63 87 64 73 42 5 59 58 70 86 18 36 63 18 4 45 44 86 52 31 63 12 74 13 60 31 42
36 43 14 46 24 28 51 0 51 34 72 65 79 32 28 38 71 26 19 24 46 30 74 22 97 23 82 45 47 70 46 6 15 1 82 4 77 93 19 22 49 94 3 89 63 6 92 65 91 78
64 95 44 1 48 35 43 46 90 76 28 25 65 96 96 14 42 53 36 72 69 43 71 96 4 35 7 63 54 89 29 46 4 41 33 33 2 84 19 78 37 95 95 43 19 99 58 34 44 38
80 89 81 7 43 80 67 5 18 79 73 92 79 63 70 87 47 21 53 26 58 16 9 3 44 48 54 59 77 48 50 98 54 84 52 38 78 68 10 3 47 79 96 89 50 95 86 54 4 71
56 59 16 0 53 41 89 31 38 42 9 58 25 14 47 56 82 17 24 71 93 63 34 3 35 56 83 24 98 15 39 8 43 14 25 31 25 12 16 42 20 31 13 33 32 73 23 60 82 66
40 11 32 17 38 51 81 3 89 0 42 53 13 43 5 93 73 34 50 56 99 85 16 65 16 17 19 58 43 71 22 30 53 12 81 99 10 66 91 84 19 4 67 53 84 79 9 79 78 65
9 61 48 27 38 80 86 95 89 83 79 25 29 12 28 74 88 81 89 60 74 9 43 79 43 61 61 91 51 6 67 86 51 16 66 72 43 1 49 95 83 45 23 61 63 20 85 25 31 9
99 58 64 51 93 75 9 33 75 63 36 55 77 21 84 26 64 40 65 46 41 29 83 94 51 81 12 18 85 58 11 49 66 41 61 57 81 77 26 15 46 12 10 83 2 89 4 92 58 64
19 34 97 71 91 46 58 61 31 71 80 88 0 18 21 94 87 91 16 5 19 41 38 66 9 17 12 53 55 13 3 72 50 41 38 4 57 69 28 6 9 61 52 80 94 22 72 85 98 50
90 53 58 29 45 2 78 51 59 44 44 64 12 43 25 46 58 37 39 61 33 80 6 63 68 68 34 74 28 62 62 69 43 48 43 70 83 58 38 55 19 83 13 21 14 25 8 6 29 93
44 29 29 39 71 38 36 82 24 90 74 10 90 51 47 20 35 84 21 66 23 2 94 14 13 83 71 7 17 39 86 10 53 66 86 96 18 81 94 36 26 7 58 62 79 72 4 66 76 37
31 27 24 24 72 36 97 45 6 50 15 18 1 41 69 84 21 56 29 47 49 21 8 81 95 9 48 56 71 38 2 13 79 16 24 62 20 72 86 11 99 44 85 7 52 67 88 94 50 86
7 97 8 36 76 91 75 33 19 83 91 29 37 75 24 54 22 52 84 62 73 82 4 79 87 27 96 76 91 40 80 68 8 39 82 35 82 23 89 62 16 37 1 34 48 3 97 24 6 78
65 38 72 56 99 92 33 48 74 41 1 90 93 4 96 58 62 8 29 47 97 32 28 42 56 27 18 30 96 33 92 68 33 31 50 80 56 58 29 77 39 47 38 40 40 66 12 20 77 78
3 55 45 25 43 16 30 19 57 35 62 53 70 10 24 77 72 44 44 89 13 91 36 70 30 97 14 87 90 85 15 19 10 86 53 91 0 84 23 42 55 33 55 51 23 92 20 49 57 20
51 69 2 81 75 48 23 37 46 39 25 91 38 73 27 88 49 5 97 73 63 31 47 17 64 15 48 95 65 81 15 25 78 11 76 2 58 25 64 88 44 96 82 99 10 20 73 33 67 31
10 77 2 34 61 55 80 68 72 9 63 97 92 65 81 43 58 1 73 54 35 46 63 46 86 2 11 58 69 71 3 93 14 98 55 55 25 60 3 68 53 73 31 97 30 41 90 52 70 91
91 59 70 75 0 35 16 76 64 52 72 13 6 23 8 18 21 57 1 51 41 53 63 23 1 92 9 90 71 42 61 72 52 1 22 53 54 38 55 37 8 49 44 42 30 62 48 88 88 48
83 35 52 65 20 29 28 43 80 45 5 79 4 46 90 57 55 37 9 59 6 14 49 32 37 32 86 61 47 48 52 53 48 97 81 28 29 20 27 12 90 86 18 29 46 57 41 42 70 44
28 72 26 87 67 66 55 15 28 50 71 38 60 89 73 96 80 64 3 39 68 16 87 19 11 89 6 17 6 20 58 80 64 75 93 90 12 90 90 2 83 47 1 97 96 22 29 54 9 93
91 35 95 29 10 86 46 78 14 23 25 22 18 82 79 4 59 72 37 15 8 61 51 93 86 9 33 28 56 96 93 53 98 73 10 59 44 70 35 7 90 77 18 71 95 12 53 27 60 95
64 90 98 48 27 57 25 55 40 2 10 91 36 55 17 12 8 57 96 41 32 63 18 27 48 86 84 35 94 73 95 3 63 76 25 76 57 27 5 62 76 65 66 95 30 73 45 66 94 52
71 46 30 98 89 16 9 55 42 67 96 59 1 45 41 99 15 45 9 6 23 35 64 29 63 68 94 73 6 21 79 22 69 75 58 16 87 77 34 31 98 92 58 93 55 28 0 38 18 98
76 36 56 17 6 67 47 64 47 0 4 43 80 49 9 42 73 10 14 91 72 49 47 98 78 59 41 27 92 77 61 9 66 45 6 80 17 45 43 54 40 56 47 91 46 79 79 55 96 69
38 76 28 30 25 48 12 31 50 51 32 60 7 88 23 60 97 17 84 79 34 50 4 73 55 85 64 97 24 99 83 68 92 54 90 61 3 87 95 43 83 89 65 45 51 45 85 3 30 97
94 84 67 33 61 98 41 86 87 95 26 54 66 84 54 17 95 95 71 18 65 4 51 96 75 45 62 13 48 75 85 36 32 62 51 57 68 35 59 2 50 79 89 12 47 95 60 70 8 13
22 90 97 19 99 63 93 99 98 24 89 0 17 53 67 79 2 78 92 73 13 80 52 4 25 58 92 22 5 8 60 53 18 57 90 4 33 35 31 70 87 18 51 52 92 76 32 76 86 97
83 75 7 53 47 79 87 59 46 79 60 4 22 67 81 95 35 7 68 45 69 81 59 67 87 94 28 63 58 99 34 29 24 0 57 30 52 4 5 52 69 68 23 18 84 41 47 72 11 76
38 2 25 52 71 51 4 83 62 36 50 13 36 41 29 25 85 3 80 97 92 6 30 91 46 43 17 79 64 71 41 60 76 94 10 54 53 3 91 68 29 67 9 19 5 60 43 40 5 21
69 14 36 41 54 27 84 68 4 59 72 67 81 48 61 29 9 35 24 86 58 13 29 81 6 45 4 8 48 54 19 0 11 87 89 40 52 87 2 24 18 80 72 1 86 3 62 14 24 2
90 6 91 24 29 29 27 11 32 74 85 31 53 83 60 54 76 16 49 67 3 72 59 52 7 2 6 45 40 57 53 48 55 27 88 36 93 91 37 45 0 23 56 59 63 89 29 99 97 82
59 55 43 93 68 54 43 23 32 79 77 31 83 73 86 81 94 68 57 85 68 72 80 78 0 69 62 21 39 1 93 96 58 26 47 6 62 58 62 49 7 45 91 17 90 87 50 34 89 64
88 74 17 46 36 17 53 26 56 52 49 56 53 80 84 66 95 77 62 41 73 86 18 79 90 66 34 28 13 95 5 22 13 22 78 4 10 88 96 6 55 73 73 1 87 29 62 37 43 59
