41 0
0 1 2 2 3 4 4 5 6 7 8 9 9 10 11 12 13 13 14 14 15 15 16 17 17 18 19 19 20 21 22 23 24 24 25 25 26 27 27 28 28 29 30 30 31 31 32 33 34 35
0 36 36 37 3 38 38 39 6 7 8 40 41 41 11 12 42 42 43 44 44 45 16 46 47 18 48 48 20 21 22 23 49 50 51 52 52 53 54 54 55 29 56 57 57 58 32 33 34 35
59 59 60 37 61 62 63 39 64 65 65 66 66 67 68 68 69 69 43 70 70 45 71 46 72 72 73 74 74 75 76 77 49 50 51 78 78 79 80 80 81 82 82 83 83 84 84 85 86 86
87 88 89 90 61 91 63 92 92 93 94 94 95 67 96 96 97 97 98 98 99 99 71 100 100 101 102 102 103 75 76 77 104 104 105 106 106 79 107 107 81 108 109 110 110 111 112 85 113 114
87 115 89 90 116 91 117 117 118 93 119 119 120 120 121 121 122 122 123 124 125 125 126 127 128 101 129 129 103 130 130 131 132 132 133 133 134 135 136 137 137 108 109 138 139 111 140 141 141 114
142 115 143 143 116 144 145 145 118 146 146 147 148 149 149 150 151 151 123 124 152 153 126 127 128 154 155 156 157 158 158 131 159 159 160 160 134 135 136 161 161 162 162 138 163 163 140 164 165 165
142 166 166 167 167 144 168 169 169 170 171 147 148 172 172 173 173 174 174 175 152 176 176 177 178 154 179 156 157 180 181 181 182 183 183 184 184 185 186 187 188 189 189 190 191 191 192 192 193 193
194 195 196 196 197 197 168 198 199 199 171 200 201 202 203 203 204 204 205 205 206 207 208 177 178 209 179 210 211 212 213 214 182 215 216 217 217 185 218 187 188 219 220 190 221 221 222 223 224 225
226 195 227 228 229 229 230 198 231 232 232 200 233 202 234 234 235 236 236 237 237 207 208 238 238 239 239 210 240 212 213 214 241 215 216 242 243 243 218 244 244 219 220 245 245 246 246 223 247 225
226 248 227 249 250 251 230 252 252 253 254 254 233 255 256 257 235 258 259 259 260 261 262 262 263 263 264 265 240 266 266 267 267 268 269 270 270 271 271 272 273 273 274 275 275 276 277 277 247 278
279 248 280 249 250 281 281 282 282 253 283 284 284 255 256 257 285 285 286 286 260 261 287 287 288 289 264 265 290 291 291 292 293 268 269 294 295 296 296 272 297 298 298 299 300 276 301 302 302 278
279 303 303 304 304 305 305 306 307 308 283 309 310 310 311 312 312 313 313 314 315 316 317 317 318 289 319 319 290 320 321 321 293 322 322 294 295 323 324 325 297 326 326 299 300 327 328 329 329 330
331 332 332 333 334 334 335 306 307 308 336 336 337 337 311 338 338 339 340 314 315 316 341 341 318 342 342 343 343 320 344 345 345 346 346 347 347 323 324 325 348 348 349 349 350 327 328 351 352 330
331 353 353 333 354 354 335 355 356 356 357 357 358 358 359 359 360 361 340 362 362 363 364 365 366 366 367 368 368 369 344 370 371 371 372 372 373 373 374 374 375 376 376 377 377 378 378 351 352 379
380 381 382 382 383 383 384 355 385 385 386 387 388 389 390 391 360 361 392 393 393 363 364 394 395 395 396 396 397 397 398 399 399 400 401 402 403 404 405 405 406 407 408 408 409 410 411 412 412 379
380 381 413 414 415 415 384 416 416 417 386 387 388 389 390 391 418 419 419 420 421 422 422 394 423 423 424 424 425 425 426 426 427 427 401 428 403 429 429 430 406 407 431 432 433 410 434 434 435 436
437 437 413 414 438 439 440 440 441 417 442 442 443 443 444 444 418 445 446 420 421 447 448 449 449 450 451 452 453 453 454 455 456 457 458 428 459 460 460 461 462 462 431 432 433 463 464 465 435 436
466 467 468 469 438 470 470 471 441 472 472 473 474 475 476 477 477 445 478 478 479 447 448 480 481 482 451 483 484 485 485 455 456 486 458 487 487 488 489 461 490 490 491 492 493 494 464 465 495 496
497 467 468 469 498 499 500 500 501 502 502 473 474 475 476 503 503 504 505 506 506 507 507 480 508 482 509 483 484 510 511 512 513 486 514 514 515 488 516 516 517 517 491 492 518 494 519 519 495 496
497 520 520 521 498 499 522 522 523 523 524 524 525 525 526 526 527 504 505 528 528 529 529 530 508 531 509 532 532 510 511 512 533 533 534 535 515 536 537 537 538 539 539 540 518 541 541 542 542 543
544 545 545 521 546 547 547 548 548 549 550 551 552 553 554 554 527 555 556 557 557 558 558 530 559 559 560 561 561 562 563 564 565 566 534 535 567 536 568 569 570 571 572 573 573 574 575 576 577 543
544 578 578 579 579 580 580 581 582 549 550 551 552 553 583 583 584 555 556 585 585 586 586 587 588 588 589 589 590 562 563 564 565 566 591 592 567 593 568 569 570 571 572 594 594 574 575 576 595 596
597 598 598 599 600 601 602 581 582 603 603 604 604 605 605 606 607 607 608 608 609 610 611 611 612 613 613 614 590 615 616 616 617 617 591 618 618 619 620 621 622 623 624 625 626 626 627 628 595 629
630 630 631 599 600 601 602 632 632 633 634 634 635 635 636 636 637 637 638 638 609 639 640 640 612 641 642 614 643 615 644 645 646 646 647 648 648 619 620 621 622 623 624 625 649 650 651 628 652 629
653 653 631 654 654 655 655 656 657 658 659 660 661 662 663 664 664 665 666 667 668 639 669 670 670 641 642 671 671 672 672 645 673 674 674 675 675 676 677 678 679 679 680 681 649 650 651 682 652 683
684 684 685 685 686 687 687 688 657 658 659 689 661 662 690 690 691 691 666 667 668 692 693 694 694 695 696 697 698 699 699 700 673 701 702 703 704 676 677 705 706 706 680 681 707 708 708 682 709 683
710 711 712 712 686 713 713 688 714 715 716 689 717 717 718 719 719 720 721 722 722 692 693 723 724 695 696 697 698 725 725 726 726 701 702 703 704 727 727 705 728 728 729 729 730 731 731 732 733 733
734 711 735 736 736 737 737 738 714 715 716 739 739 740 741 741 742 720 743 744 744 745 745 723 724 746 746 747 747 748 749 750 751 752 753 754 755 756 756 757 757 758 758 759 730 760 760 761 761 762
734 763 735 764 765 766 766 738 767 767 768 769 770 740 771 771 742 772 743 773 774 774 775 776 776 777 778 779 779 748 749 750 751 752 753 754 755 780 780 781 781 782 783 784 785 786 786 787 787 762
788 789 790 764 791 792 793 794 794 795 768 769 796 797 798 798 799 772 800 801 801 802 775 803 803 777 778 804 804 805 805 806 807 808 808 809 810 810 811 812 813 782 783 784 785 814 814 815 816 817
788 789 818 818 791 792 819 820 821 795 822 822 796 823 824 825 799 826 800 827 828 802 829 830 831 832 833 833 834 835 836 806 807 837 838 809 839 839 811 812 813 840 840 841 842 843 843 815 816 844
845 846 847 847 848 848 819 820 821 849 849 850 850 823 824 825 851 852 853 827 828 854 829 830 831 832 855 856 834 835 857 857 858 858 838 859 859 860 860 861 861 862 862 841 863 863 864 865 865 844
866 846 867 868 869 870 871 871 872 872 873 873 874 875 876 877 851 852 878 879 879 854 880 881 882 882 855 856 883 884 884 885 886 887 888 888 889 889 890 890 891 892 892 893 893 894 864 895 896 896
866 897 867 868 869 898 898 899 899 900 901 901 874 875 902 877 903 903 878 904 905 905 880 881 906 907 908 909 883 910 910 885 886 887 911 912 913 914 914 915 891 916 916 917 918 894 919 920 921 921
922 923 923 924 925 926 927 928 929 900 930 931 931 932 902 933 934 934 935 904 936 936 937 937 906 907 908 909 938 939 939 940 941 942 911 943 913 944 944 915 945 946 947 917 918 948 949 920 950 950
951 952 952 924 925 926 927 928 929 953 930 954 955 956 957 933 958 959 935 960 961 961 962 963 964 964 965 965 966 967 968 940 941 969 969 943 970 971 972 972 945 946 973 973 974 975 949 976 977 978
951 979 980 980 981 982 983 984 984 985 985 954 955 956 986 986 958 987 987 988 988 989 962 963 990 991 992 992 966 967 968 993 993 994 995 995 970 971 996 997 997 998 999 1000 1001 975 1002 1002 977 978
1003 1004 1005 1006 981 982 983 1007 1007 1008 1009 1010 1011 1011 1012 1013 1014 1015 1015 1016 1016 989 1017 1017 990 1018 1018 1019 1019 1020 1021 1021 1022 1022 1023 1024 1025 1025 996 1026 1026 1027 999 1000 1001 1028 1028 1029 1030 1030
1003 1004 1005 1031 1032 1033 1034 1035 1035 1008 1009 1010 1036 1037 1012 1013 1014 1038 1039 1040 1041 1042 1043 1043 1044 1045 1046 1047 1047 1020 1048 1049 1049 1050 1023 1051 1051 1052 1052 1053 1054 1027 1055 1056 1056 1057 1058 1059 1059 1060
1061 1062 1062 1031 1032 1033 1034 1063 1064 1065 1065 1066 1036 1037 1067 1067 1068 1038 1039 1040 1041 1042 1069 1070 1044 1045 1046 1071 1071 1072 1048 1073 1074 1050 1075 1076 1076 1077 1077 1053 1054 1078 1079 1080 1080 1057 1058 1081 1082 1060
1061 1083 1083 1084 1084 1085 1086 1063 1064 1087 1087 1088 1089 1089 1090 1090 1068 1091 1092 1092 1093 1093 1069 1070 1094 1095 1096 1097 1097 1072 1098 1073 1074 1099 1099 1100 1100 1101 1102 1102 1103 1103 1079 1104 1105 1106 1107 1081 1082 1108
1109 1110 1111 1111 1112 1085 1086 1113 1114 1114 1115 1088 1116 1116 1117 1117 1118 1118 1119 1120 1121 1122 1123 1124 1094 1095 1125 1125 1126 1127 1128 1129 1129 1130 1131 1131 1132 1132 1133 1133 1134 1135 1136 1104 1105 1106 1107 1137 1138 1108
1109 1139 1139 1140 1112 1141 1141 1142 1142 1143 1115 1144 1145 1145 1146 1147 1148 1148 1149 1120 1121 1122 1123 1124 1150 1150 1151 1152 1152 1127 1128 1153 1154 1130 1155 1156 1157 1158 1158 1159 1160 1135 1161 1162 1162 1163 1164 1137 1138 1165
1166 1166 1167 1168 1169 1170 1170 1171 1171 1143 1172 1172 1173 1173 1146 1147 1174 1174 1149 1175 1175 1176 1176 1177 1177 1178 1178 1179 1180 1180 1181 1153 1154 1182 1155 1156 1183 1183 1184 1185 1160 1186 1161 1187 1187 1163 1164 1188 1188 1165
1189 1189 1190 1168 1191 1191 1192 1193 1193 1194 1195 1196 1197 1198 1198 1199 1200 1201 1201 1202 1203 1203 1204 1205 1206 1206 1207 1207 1208 1208 1181 1209 1209 1210 1210 1211 1212 1212 1213 1185 1214 1186 1215 1216 1217 1217 1218 1219 1219 1220
1221 1221 1190 1222 1223 1224 1192 1225 1226 1226 1195 1196 1227 1228 1228 1229 1200 1230 1231 1231 1232 1233 1204 1205 1234 1234 1235 1235 1236 1236 1237 1238 1238 1239 1239 1211 1240 1240 1213 1241 1241 1242 1215 1216 1243 1244 1218 1245 1245 1220
1246 1247 1247 1222 1223 1224 1248 1249 1250 1250 1251 1252 1227 1253 1253 1229 1254 1230 1255 1255 1232 1233 1256 1256 1257 1257 1258 1258 1259 1260 1261 1262 1262 1263 1264 1265 1266 1266 1267 1267 1268 1242 1269 1270 1243 1244 1271 1272 1272 1273
1246 1274 1275 1275 1276 1276 1248 1249 1277 1278 1251 1279 1280 1281 1282 1283 1283 1284 1285 1285 1286 1286 1287 1288 1288 1289 1290 1291 1259 1260 1261 1292 1293 1293 1264 1265 1294 1294 1295 1295 1268 1296 1269 1270 1297 1297 1271 1298 1298 1273
1299 1274 1300 1301 1302 1302 1303 1303 1277 1278 1304 1279 1280 1281 1282 1305 1305 1284 1306 1306 1307 1308 1309 1310 1310 1289 1290 1291 1311 1312 1312 1313 1314 1315 1315 1316 1317 1317 1318 1318 1319 1296 1320 1320 1321 1322 1323 1323 1324 1324
1299 1325 1300 1301 1326 1327 1327 1328 1328 1329 1329 1330 1330 1331 1332 1332 1333 1333 1334 1334 1307 1308 1309 1335 1335 1336 1336 1337 1311 1338 1338 1313 1314 1339 1340 1340 1341 1341 1342 1342 1343 1343 1344 1344 1321 1322 1345 1345 1346 1346
19 32 40 50 38 19 0 77 82 89 89 86 60 71 38 7 86 68 0 90 64 8 15 17 99 65 40 57 2 31 22 34 86 68 48 46 77 0 55 76 56 95 78 53 24 11 93 75 7 34
53 54 46 69 79 56 35 18 51 88 67 29 51 77 50 34 0 26 57 11 96 37 99 58 66 97 63 89 22 16 54 90 54 38 13 10 11 26 19 65 60 21 45 82 45 34 25 70 23 49
38 70 97 45 34 24 71 73 58 3 97 29 7 76 13 90 70 94 37 19 20 76 3 84 18 68 32 55 56 60 87 16 45 73 42 96 68 62 19 28 24 86 77 38 93 45 61 68 65 47
94 28 76 46 72 62 76 29 72 25 93 91 30 77 51 11 27 82 35 91 8 67 72 12 76 69 84 38 10 99 86 98 4 47 58 14 42 70 81 34 23 41 60 51 96 73 79 96 67 33
96 5 1 48 96 23 85 83 75 12 18 22 69 35 93 49 15 83 2 73 76 41 80 98 34 99 42 57 1 51 77 81 76 69 31 59 7 5 42 58 58 67 59 70 19 48 10 49 57 64
12 40 11 29 38 39 71 31 31 84 51 61 71 77 45 2 66 28 6 27 44 22 81 62 71 68 91 25 29 13 63 18 40 77 26 75 73 90 54 35 88 85 29 98 46 19 1 41 99 32
85 64 32 22 41 24 4 5 44 62 37 85 87 51 45 78 50 74 68 37 33 37 59 69 69 2 86 3 26 48 20 60 44 60 28 14 42 41 32 63 90 76 57 54 3 25 48 13 28 79
30 1 26 86 18 72 30 50 22 44 22 48 5 20 88 31 40 46 0 13 14 9 99 94 39 18 46 89 77 3 48 16 75 79 35 24 36 65 84 75 89 25 61 17 20 37 72 22 97 4
13 39 38 79 33 86 99 14 31 30 52 76 11 63 55 91 68 71 42 8 64 22 89 93 97 16 10 98 61 43 99 66 63 0 25 73 4 52 64 87 24 62 29 27 21 65 81 30 25 93
80 79 45 50 2 72 9 48 42 80 77 48 64 12 54 29 92 11 13 78 62 95 77 95 50 3 86 24 84 35 58 62 0 61 70 25 5 67 58 94 20 39 83 18 0 38 5 48 44 93
58 79 98 38 13 69 80 51 65 35 53 39 61 58 87 59 39 24 42 82 30 63 91 53 34 54 83 5 38 96 81 43 37 2 53 78 46 19 0 48 34 47 98 17 69 86 14 55 64 17
21 9 25 86 39 60 20 13 13 51 32 64 44 92 3 73 90 8 6 72 34 90 69 62 90 90 98 39 17 39 22 35 36 78 41 21 39 20 5 42 59 16 9 53 76 22 95 65 27 99
4 25 3 88 43 37 48 4 87 48 43 50 72 71 50 55 65 8 25 21 28 63 76 76 9 88 87 46 13 80 70 38 59 4 84 75 76 1 84 32 52 75 92 62 26 61 28 52 8 48
28 58 94 19 69 19 84 35 99 43 67 68 18 67 70 0 20 6 74 74 91 3 70 9 14 56 13 48 53 86 72 99 82 24 38 54 52 37 40 21 23 59 97 96 65 7 82 81 8 88
84 25 44 75 0 66 86 34 70 37 55 28 39 79 67 41 70 9 25 21 92 78 79 77 94 47 51 89 11 68 68 0 93 45 19 60 43 17 29 50 44 56 22 39 81 82 23 13 83 90
88 57 19 93 73 63 75 77 42 64 10 47 96 7 70 25 21 74 84 93 19 52 59 88 24 60 3 98 43 98 4 27 98 27 7 12 65 56 74 4 27 54 97 8 19 20 3 16 70 46
81 98 6 58 38 64 93 65 84 80 64 29 57 90 27 32 22 66 52 73 58 53 44 67 83 41 72 23 41 12 31 18 35 94 22 53 59 62 49 66 23 11 15 46 1 59 21 64 9 17
96 45 96 41 32 47 64 61 32 40 28 69 10 93 59 6 85 41 63 72 14 10 27 55 11 7 75 41 52 8 65 90 29 62 27 2 43 77 75 97 55 31 12 38 75 72 42 66 54 88
85 0 79 61 86 93 63 8 38 24 81 80 17 79 82 34 94 99 43 13 93 23 34 11 14 33 28 51 87 98 45 97 44 71 26 23 82 61 11 92 30 8 47 61 55 9 56 63 61 36
37 62 88 89 7 21 75 85 26 71 3 29 3 75 91 88 37 75 48 8 62 15 14 25 85 36 94 90 61 34 75 13 40 16 45 66 21 37 72 22 7 33 46 30 57 2 85 76 22 29
15 35 60 96 9 76 20 29 48 25 41 70 59 11 66 81 16 12 42 27 4 79 39 51 97 90 49 45 65 44 15 4 12 93 63 75 15 49 52 83 91 84 70 66 87 6 14 62 31 58
91 24 6 28 42 30 40 1 83 90 25 14 0 98 65 7 88 15 27 46 8 4 96 16 81 2 34 63 57 52 19 79 80 85 11 92 77 17 34 35 32 48 8 99 78 77 64 69 68 5
94 53 25 75 82 14 6 24 38 53 20 99 9 95 59 92 57 63 4 46 78 36 22 91 70 8 0 42 30 0 48 4 34 35 86 42 28 98 51 92 63 5 50 7 15 70 50 58 65 83
73 91 27 37 88 61 23 38 41 56 93 2 34 56 71 13 59 20 71 4 22 68 2 99 64 52 59 64 52 55 64 73 1 33 16 31 97 57 67 73 88 64 91 83 22 38 13 97 28 36
69 42 4 87 62 93 97 99 8 2 3 56 92 63 23 98 31 31 96 60 99 35 38 53 52 35 21 18 86 27 40 57 82 71 42 76 82 8 26 53 24 27 48 33 58 80 36 52 90 24
70 47 91 34 74 51 44 35 14 37 36 72 41 37 24 4 49 84 61 14 20 34 82 54 22 57 64 88 80 27 15 85 28 48 90 65 57 75 40 90 40 78 82 94 66 60 87 3 69 48
40 83 48 76 88 7 81 98 36 63 38 74 76 82 51 58 10 51 58 4 46 48 58 59 56 73 99 71 32 0 8 71 3 34 69 31 55 18 12 37 27 67 93 3 78 26 65 7 99 35
33 41 82 4 67 54 74 61 85 89 70 49 22 80 33 42 70 93 67 25 65 61 85 22 66 33 27 54 20 46 94 37 35 1 84 31 42 92 94 7 29 18 8 47 87 93 29 26 61 68
19 67 26 81 43 55 9 24 40 25 18 86 12 23 55 21 15 27 24 73 43 90 92 66 17 26 80 59 54 91 16 87 28 54 47 81 79 8 33 51 93 97 70 45 68 99 66 20 46 25
76 73 65 32 93 22 52 26 9 88 36 21 97 25 32 69 34 34 64 9 6 68 3 66 99 54 74 78 5 97 21 69 58 1 38 72 54 86 36 46 0 99 68 5 29 57 99 49 6 35
81 77 50 94 7 48 21 49 66 46 88 69 25 27 8 83 34 38 59 92 75 58 19 93 14 54 56 31 96 4 45 70 22 87 9 22 51 86 66 94 83 11 8 85 79 30 44 47 11 14
25 39 28 31 90 53 37 97 39 13 8 72 82 57 98 82 21 49 58 37 5 8 11 60 44 27 55 70 42 96 40 43 63 31 8 17 59 77 53 92 70 63 43 2 35 47 66 88 6 36
15 11 49 27 20 15 43 1 79 50 64 87 17 56 38 98 70 93 49 33 58 38 83 73 56 65 80 85 25 88 85 51 25 39 42 50 22 10 95 73 9 36 16 21 27 4 70 70 96 0
16 24 87 87 84 57 88 75 61 29 76 6 87 12 72 20 41 45 91 33 40 73 95 9 40 23 38 6 16 83 64 47 26 70 23 83 33 96 32 45 39 92 30 28 12 17 20 27 3 88
15 33 79 71 19 3 31 44 65 45 77 23 76 88 58 4 62 65 47 4 61 92 98 58 98 62 19 65 27 60 65 73 36 48 57 28 33 9 16 26 27 15 7 8 12 94 31 41 8 7
61 66 70 61 10 76 15 13 14 16 97 77 38 16 51 39 33 11 32 63 69 96 0 55 59 62 0 75 58 57 36 81 3 93 79 58 91 3 76 57 85 48 36 40 75 61 66 81 98 92
55 40 98 26 95 33 6 2 8 16 11 2 68 97 9 97 5 74 82 54 34 26 2 6 21 99 89 81 18 27 5 47 82 38 48 75 70 77 7 25 60 24 1 83 59 44 98 17 36 12
93 33 11 7 91 47 49 62 76 12 23 41 34 3 58 85 85 33 52 0 35 84 54 51 48 12 48 58 9 43 58 81 57 89 13 60 16 41 59 11 47 42 82 28 52 28 12 73 18 76
48 7 68 17 66 23 31 35 64 16 11 90 58 50 18 73 95 68 84 4 29 17 58 93 87 46 29 46 33 69 38 36 75 51 84 8 31 68 52 2 81 77 71 52 50 46 14 99 52 46
28 83 76 20 55 27 97 9 32 75 58 3 14 80 38 45 97 41 27 82 89 49 90 54 18 43 33 85 68 87 86 63 87 59 84 31 94 45 89 93 76 88 89 65 91 85 71 10 32 91
8 22 93 37 22 92 18 66 63 4 36 22 70 40 93 20 60 50 12 12 87 25 28 37 13 13 46 8 27 42 40 57 26 7 65 88 37 1 29 24 91 99 5 3 88 93 58 76 54 51
92 36 37 30 26 35 10 56 65 36 66 19 11 33 54 98 74 71 75 20 70 54 34 26 33 25 17 60 41 54 6 90 52 10 60 91 93 28 22 19 71 39 59 56 18 96 52 36 19 59
51 24 27 3 5 89 43 33 18 73 4 10 48 31 45 11 65 54 71 85 92 81 41 70 53 75 54 31 50 54 23 0 82 23 0 82 83 70 14 72 43 17 82 56 35 26 29 13 81 60
31 81 98 95 51 18 61 14 43 25 86 86 55 36 86 5 98 18 24 61 49 4 92 1 23 42 68 73 14 24 56 18 74 35 52 20 45 52 27 21 54 54 24 91 16 46 70 74 20 90
55 30 55 46 87 21 18 65 84 58 96 54 95 89 57 75 68 83 1 62 3 90 37 63 71 80 37 56 16 81 86 87 74 89 91 82 11 74 82 6 94 35 57 67 49 71 52 68 15 61
74 17 83 83 79 17 79 49 82 6 8 89 15 4 69 45 2 20 37 50 5 72 80 57 74 67 29 65 97 79 91 57 64 40 14 80 13 63 63 66 38 61 68 38 19 8 19 41 91 45
52 73 96 59 33 7 33 27 68 7 21 71 35 57 50 92 94 49 53 33 9 11 95 61 96 50 99 25 74 28 52 52 10 82 80 75 14 68 74 42 36 73 20 61 1 12 0 50 53 86
38 54 48 91 5 15 10 64 32 65 95 18 95 31 47 62 40 13 91 29 11 94 26 43 7 14 98 26 30 42 29 76 74 11 37 54 74 54 38 24 25 34 72 93 32 66 14 48 73 24
78 63 17 39 83 69 45 77 16 30 67 6 49 95 7 26 89 2 75 74 10 25 38 32 83 48 98 20 46 5 15 85 70 10 62 82 55 30 27 66 90 6 1 59 41 61 14 84 47 19
94 16 43 25 35 97 44 97 79 2 89 88 97 60 96 3 26 6 41 28 60 9 12 30 76 33 8 20 53 75 64 25 5 47 15 90 28 33 78 4 34 26 94 0 24 51 42 51 11 33
