8 37
0 0 1 1 2 2 3 3 4 5 6 7 8 8 9 10 11 11 12 13 13 14 15 16 16 17 17 18 18 19 20 21 22 22 23 23 24 24 25 25 26 27 28 28 29 30 31 31 32 33
34 35 35 36 36 37 37 38 4 5 6 7 39 40 9 10 41 41 12 42 43 43 15 44 44 45 46 47 48 19 20 21 49 50 50 51 52 52 53 53 26 27 54 54 29 55 55 56 32 33
34 57 58 58 59 60 61 38 62 63 63 64 39 65 66 67 68 68 69 70 70 71 71 72 73 73 46 47 48 74 74 75 76 76 77 51 78 79 79 80 80 81 81 82 82 83 83 56 84 84
85 85 86 86 59 60 61 87 62 88 88 64 89 65 66 90 91 92 93 93 94 95 95 96 97 98 99 99 100 100 101 75 102 103 77 104 105 106 107 107 108 108 109 110 110 111 112 112 113 114
115 116 117 117 118 118 119 87 120 120 121 122 89 123 124 90 91 92 125 125 126 127 127 96 97 128 129 130 131 131 101 132 102 133 134 104 105 106 135 135 136 136 109 137 138 139 139 140 113 114
115 116 141 141 142 142 119 143 144 145 121 146 146 123 124 147 148 148 149 149 126 150 151 152 152 128 129 153 153 154 155 156 157 133 134 158 158 159 160 160 161 162 162 137 138 163 163 140 164 164
165 166 167 168 169 170 171 172 144 173 173 174 174 175 176 147 177 178 178 179 179 150 151 180 180 181 181 182 183 183 155 156 157 184 185 185 186 159 187 188 188 189 190 191 192 193 194 194 195 195
196 166 167 168 169 170 171 172 197 198 198 199 200 175 176 201 177 202 203 204 205 206 207 208 208 209 210 211 211 212 212 213 213 184 214 215 186 216 217 218 218 189 190 191 192 193 219 220 220 221
196 222 223 224 225 225 226 226 197 227 227 199 228 229 229 201 230 202 203 204 231 206 207 232 233 233 210 234 235 235 236 236 237 237 214 215 238 216 217 239 240 241 242 242 243 243 219 244 244 221
245 222 223 246 246 247 248 249 250 250 251 252 228 253 253 254 230 255 256 256 231 257 257 232 258 259 260 260 261 262 263 264 265 265 266 266 238 267 267 268 240 241 269 269 270 270 271 272 273 273
245 274 275 276 277 277 248 249 278 278 251 252 279 280 280 254 281 255 282 283 283 284 285 286 258 287 288 288 261 262 289 264 290 291 291 292 293 294 295 268 296 297 298 298 299 299 271 272 300 301
302 302 275 276 303 304 305 305 306 307 308 309 310 311 312 313 281 314 282 315 316 284 285 317 318 287 319 320 321 321 289 322 322 323 323 292 293 294 295 324 296 325 325 326 327 327 328 329 300 301
330 331 331 332 332 304 333 334 306 307 335 309 310 311 336 313 337 314 338 315 316 339 340 317 341 341 319 320 342 343 344 345 345 346 346 347 347 348 348 324 349 350 350 326 351 352 328 329 353 353
354 354 355 356 356 357 333 334 358 359 335 360 360 361 336 362 362 363 364 365 365 339 340 366 366 367 367 368 342 343 344 369 370 371 372 372 373 373 374 375 375 376 377 377 351 352 378 378 379 379
380 380 381 382 383 357 384 384 358 385 386 387 387 361 388 388 389 363 364 390 391 391 392 393 394 394 395 368 396 396 397 398 370 371 399 400 401 402 402 403 404 405 405 406 407 408 408 409 409 410
411 412 381 382 413 414 415 415 416 385 417 418 418 419 420 421 422 423 424 390 425 425 392 426 427 427 395 428 429 430 397 398 431 431 399 400 432 432 433 403 404 434 435 406 407 436 436 437 437 410
438 412 439 440 413 414 441 442 416 443 417 444 444 419 420 445 422 423 446 447 447 448 448 426 449 449 450 450 429 430 451 452 453 454 454 455 456 456 433 457 457 434 435 458 459 459 460 460 461 461
438 462 463 440 464 465 441 442 466 443 467 467 468 468 469 445 470 470 446 471 472 472 473 473 474 474 475 476 476 477 451 452 453 478 478 455 479 479 480 481 481 482 482 458 483 483 484 484 485 486
487 462 463 488 488 465 489 489 466 490 491 492 493 494 495 495 496 497 497 498 499 500 501 502 502 503 475 504 504 505 506 507 508 508 509 510 510 511 511 512 513 514 514 515 515 516 516 517 485 486
487 518 519 520 521 521 522 522 523 523 491 492 493 494 524 524 496 525 526 498 499 500 527 528 528 503 529 529 530 505 506 507 531 531 509 532 533 534 534 512 513 535 535 536 537 538 539 540 541 542
543 543 519 520 544 545 546 546 547 547 548 549 549 550 551 551 552 552 526 553 554 555 527 556 556 557 557 558 558 559 559 560 561 561 562 562 533 563 564 565 565 566 567 536 537 568 539 540 541 542
569 569 570 570 544 545 571 572 572 573 574 574 575 550 576 577 578 579 580 580 554 555 581 582 582 583 584 585 585 586 587 560 588 588 589 590 590 563 564 591 592 566 567 593 593 568 594 595 595 596
597 597 598 599 600 601 571 602 602 573 603 604 575 605 576 577 578 606 606 607 607 608 581 609 610 583 584 611 611 586 612 613 614 614 589 615 615 616 616 591 617 617 618 619 619 620 594 621 622 623
624 625 625 599 600 601 626 627 628 628 603 629 629 605 630 631 631 632 632 633 633 634 635 609 610 636 637 637 638 639 612 613 640 641 642 643 643 644 645 646 647 647 618 648 649 620 650 621 622 623
651 652 652 653 654 655 626 656 656 657 657 658 659 660 661 662 662 663 664 665 666 634 667 668 669 669 670 671 671 639 672 672 640 673 642 674 674 644 645 675 675 676 677 648 649 678 678 679 680 680
651 681 681 653 654 655 682 682 683 683 684 658 659 660 661 685 686 663 664 665 687 688 667 689 690 691 692 693 694 695 696 697 697 673 698 699 699 700 700 701 701 676 677 702 703 704 705 705 706 706
707 707 708 709 709 710 710 711 711 712 712 713 714 715 715 685 686 716 716 717 687 718 719 689 690 691 692 693 720 695 696 721 721 722 698 723 723 724 724 725 725 726 726 702 703 727 728 729 730 731
732 733 708 734 734 735 735 736 736 737 738 738 714 739 739 740 740 741 742 742 743 718 719 744 744 745 746 746 720 747 748 749 749 722 750 750 751 752 753 753 754 754 755 756 757 727 728 729 758 731
732 733 759 760 761 762 763 763 764 764 765 766 766 767 768 769 770 741 771 771 743 772 772 773 774 775 776 777 777 747 778 778 779 779 780 781 782 752 783 784 784 785 755 756 757 786 787 788 758 789
790 791 792 760 761 793 793 794 794 795 796 796 797 767 768 769 770 798 798 799 799 800 800 773 774 775 776 801 802 803 804 804 805 805 780 781 782 806 783 807 808 785 809 809 810 811 787 812 812 789
790 813 792 814 815 815 816 817 817 795 818 818 819 820 821 822 823 824 825 825 826 826 827 827 828 829 829 801 802 803 830 830 831 831 832 832 833 834 834 807 808 835 836 837 810 811 838 838 839 840
841 813 842 842 843 843 816 844 845 845 846 846 819 820 821 847 823 824 848 849 850 851 852 852 828 853 854 854 855 856 856 857 858 859 860 861 833 862 863 864 865 866 836 837 867 868 868 869 839 870
841 871 871 872 872 873 873 874 875 875 876 876 877 877 878 847 879 879 848 849 850 851 880 880 881 853 882 883 855 884 884 857 858 859 860 861 885 885 863 864 865 866 886 886 887 888 889 889 890 870
891 892 893 894 894 895 895 874 896 896 897 898 899 899 878 900 901 902 903 903 904 905 905 906 907 907 882 908 909 910 910 911 912 913 914 914 915 915 916 917 917 918 919 919 887 920 920 921 922 922
891 892 893 923 924 924 925 926 927 927 897 928 929 930 931 900 901 902 932 933 904 934 935 936 936 937 937 908 909 938 938 939 912 913 940 940 941 942 943 944 945 946 947 947 948 949 949 921 950 950
951 952 953 954 954 955 925 926 956 957 958 928 929 930 931 959 960 961 932 962 962 934 935 963 964 965 966 967 968 968 969 939 970 971 972 972 941 973 943 944 945 946 974 974 975 975 976 976 977 978
951 952 979 979 980 955 981 982 956 957 983 984 984 985 986 987 960 961 988 989 990 990 991 991 964 965 966 992 992 993 994 995 970 971 996 997 997 973 998 999 999 1000 1001 1001 1002 1002 1003 1004 1004 978
1005 1005 1006 1007 980 1008 981 982 1009 1009 983 1010 1010 985 986 987 1011 1012 988 989 1013 1013 1014 1014 1015 1016 1017 1018 1019 1019 994 995 1020 1021 996 1022 1022 1023 998 1024 1024 1000 1025 1026 1026 1027 1003 1028 1028 1029
1030 1031 1006 1007 1032 1008 1033 1034 1035 1035 1036 1037 1038 1039 1040 1041 1011 1042 1042 1043 1044 1044 1045 1045 1015 1016 1017 1018 1046 1046 1047 1048 1020 1021 1049 1050 1051 1052 1052 1053 1053 1054 1025 1055 1055 1056 1056 1057 1057 1029
1030 1031 1058 1059 1032 1060 1033 1061 1061 1062 1062 1037 1063 1039 1040 1064 1064 1065 1066 1043 1067 1068 1068 1069 1069 1070 1071 1072 1072 1073 1047 1048 1074 1074 1049 1050 1051 1075 1076 1076 1077 1054 1078 1079 1080 1081 1082 1082 1083 1084
1085 1086 1058 1059 1087 1060 1088 1088 1089 1090 1091 1092 1063 1093 1093 1094 1095 1065 1066 1096 1067 1097 1098 1098 1099 1100 1071 1101 1101 1073 1102 1103 1103 1104 1105 1105 1106 1106 1107 1107 1108 1109 1109 1079 1080 1081 1110 1111 1083 1084
1085 1086 1112 1112 1113 1113 1114 1115 1089 1090 1091 1116 1116 1117 1118 1094 1095 1119 1120 1096 1121 1122 1123 1124 1099 1100 1125 1125 1126 1126 1102 1127 1127 1104 1128 1129 1130 1131 1132 1133 1108 1134 1134 1135 1136 1136 1110 1111 1137 1137
1138 1139 1139 1140 1141 1142 1114 1143 1143 1144 1145 1145 1146 1117 1147 1147 1148 1119 1120 1149 1121 1122 1123 1124 1150 1150 1151 1152 1153 1154 1154 1155 1155 1156 1128 1129 1130 1131 1132 1133 1157 1157 1158 1135 1159 1159 1160 1161 1162 1162
1138 1163 1163 1140 1141 1142 1164 1164 1165 1166 1166 1167 1146 1168 1168 1169 1148 1170 1170 1149 1171 1171 1172 1173 1174 1175 1175 1152 1153 1176 1176 1177 1177 1156 1178 1178 1179 1180 1180 1181 1182 1183 1184 1184 1185 1185 1160 1186 1187 1188
1189 1190 1191 1191 1192 1192 1193 1194 1194 1195 1196 1197 1197 1198 1198 1169 1199 1200 1201 1201 1202 1203 1172 1173 1204 1204 1205 1205 1206 1207 1207 1208 1209 1209 1210 1210 1179 1211 1212 1181 1182 1213 1213 1214 1215 1215 1216 1186 1187 1188
1189 1190 1217 1217 1218 1218 1219 1220 1221 1195 1222 1223 1224 1225 1226 1227 1199 1200 1228 1229 1202 1203 1230 1231 1232 1232 1233 1234 1206 1235 1235 1208 1236 1236 1237 1237 1238 1211 1212 1239 1239 1240 1241 1241 1242 1243 1244 1245 1246 1246
1247 1247 1248 1248 1249 1249 1219 1220 1221 1250 1222 1223 1251 1225 1226 1252 1253 1253 1254 1229 1255 1255 1230 1231 1256 1256 1257 1234 1258 1259 1259 1260 1261 1261 1262 1263 1264 1264 1265 1266 1267 1267 1268 1268 1242 1243 1244 1269 1269 1270
1271 1272 1273 1274 1275 1276 1276 1277 1278 1250 1279 1279 1251 1280 1280 1252 1281 1281 1254 1282 1282 1283 1283 1284 1284 1285 1257 1286 1258 1287 1288 1260 1289 1289 1262 1263 1290 1291 1265 1266 1292 1292 1293 1293 1294 1295 1295 1296 1296 1270
1271 1272 1273 1274 1297 1297 1298 1277 1299 1299 1300 1301 1302 1302 1303 1303 1304 1304 1305 1305 1306 1307 1307 1308 1309 1310 1311 1286 1312 1287 1288 1313 1314 1315 1316 1316 1290 1291 1317 1318 1319 1320 1321 1321 1294 1322 1322 1323 1324 1324
1325 1325 1326 1326 1327 1327 1298 1328 1328 1329 1300 1301 1330 1330 1331 1331 1332 1332 1333 1333 1306 1334 1334 1308 1309 1310 1311 1335 1312 1336 1336 1313 1314 1315 1337 1337 1338 1338 1317 1318 1319 1320 1339 1340 1340 1341 1341 1323 1342 1342
11 14 35 86 99 99 88 73 21 75 43 66 24 20 69 43 61 71 98 81 77 46 96 49 40 90 46 81 32 30 1 64 2 36 43 66 55 58 74 80 80 38 22 46 30 12 29 14 20 44
24 61 47 31 69 73 51 26 10 2 13 8 59 1 29 28 5 78 25 2 35 44 2 61 39 26 29 2 36 34 40 48 10 91 22 22 83 22 63 3 60 77 15 65 53 33 89 5 79 1
74 57 46 30 5 14 89 74 18 82 98 65 40 51 62 99 59 30 83 85 25 98 54 7 93 72 65 67 52 43 37 33 45 59 52 91 3 61 34 78 18 29 38 5 76 2 88 92 62 34
26 81 64 63 70 17 78 59 40 89 2 81 19 22 57 76 86 50 44 54 46 35 20 29 97 24 50 1 95 64 12 83 75 64 7 3 26 2 61 73 78 44 84 74 49 73 24 3 41 32
54 74 95 74 64 51 29 2 36 35 38 17 53 2 61 20 57 58 75 49 88 23 75 49 32 29 34 65 93 94 54 50 88 51 69 16 80 86 30 97 78 70 8 82 91 79 59 52 41 34
93 41 34 99 16 97 97 65 5 79 78 26 2 78 69 3 3 53 7 74 68 77 90 56 11 44 61 44 70 50 85 92 84 99 67 51 69 9 76 47 25 34 11 75 94 64 58 46 86 17
46 7 92 78 62 28 71 50 63 22 25 79 4 5 70 36 18 84 16 69 86 55 33 65 28 58 53 98 84 61 69 68 69 15 21 91 25 46 43 45 7 49 62 66 51 40 33 53 45 20
83 62 34 90 84 60 14 13 84 4 74 42 14 37 40 61 59 26 20 38 70 58 4 37 91 57 82 35 15 74 16 78 74 81 17 39 95 86 83 13 74 37 49 13 72 82 75 82 0 73
89 5 17 95 88 30 88 69 91 82 23 76 29 26 10 27 78 82 4 64 44 62 58 94 16 96 98 94 63 53 44 92 74 10 25 58 15 20 45 63 99 98 6 41 90 36 19 70 80 76
20 86 78 50 96 35 36 38 19 87 39 31 60 49 79 2 99 49 40 25 79 56 87 9 91 50 75 53 72 63 20 76 20 50 2 93 9 92 38 29 29 34 50 68 46 52 11 92 13 50
77 77 25 62 33 93 49 30 41 8 49 30 18 1 45 80 14 80 26 60 27 47 55 14 81 2 10 22 39 8 1 73 22 95 51 22 9 53 32 95 10 82 11 53 30 81 59 76 78 12
73 54 30 76 56 95 82 41 38 73 76 1 8 86 90 59 2 8 56 45 64 82 53 55 52 30 27 81 59 85 46 69 97 0 6 93 95 91 19 81 82 91 91 84 92 60 53 12 3 15
38 20 72 99 10 93 2 63 33 77 38 47 92 0 88 15 87 51 98 81 68 58 14 16 41 59 42 86 74 93 19 47 80 39 59 62 23 40 93 18 22 50 9 18 94 42 91 64 50 28
10 94 81 45 91 21 84 65 71 8 35 49 88 1 32 16 49 58 38 36 38 77 91 15 57 67 49 8 11 82 91 38 61 30 6 16 34 42 90 83 41 89 21 81 0 59 49 43 10 68
71 38 46 95 73 82 93 28 69 38 21 6 7 48 67 3 14 95 98 78 46 2 56 33 55 11 24 30 84 90 90 71 10 78 34 78 42 23 95 94 37 57 78 88 65 59 38 4 77 36
8 63 26 54 15 74 91 58 66 79 76 45 93 33 67 10 6 94 6 13 32 65 96 24 60 55 81 24 20 13 23 91 75 68 14 4 78 20 74 13 36 23 68 89 34 93 22 12 14 67
37 7 54 40 41 67 20 37 10 94 89 95 64 78 74 55 10 7 41 47 1 49 23 61 80 35 36 59 54 93 4 62 87 3 54 33 52 89 62 49 51 31 59 37 4 4 67 83 33 24
24 36 73 73 27 87 11 18 98 79 74 93 25 24 22 53 6 51 46 22 17 7 21 71 79 25 73 5 54 67 44 34 81 37 75 35 0 63 28 89 52 24 35 66 51 67 28 58 72 7
93 97 32 12 12 33 44 66 59 59 5 96 67 15 31 20 13 9 58 22 78 43 76 45 24 49 3 1 95 15 15 96 96 71 42 52 60 68 46 10 39 7 97 10 64 5 5 77 76 29
2 62 62 14 34 32 67 91 66 91 66 48 91 48 97 54 15 67 64 17 68 98 75 31 35 77 84 73 88 65 50 39 89 9 79 31 76 14 22 1 87 83 89 57 59 66 31 47 61 65
38 87 8 47 40 49 54 45 63 24 31 74 2 34 71 46 1 59 49 1 52 75 61 59 99 93 86 37 37 8 34 34 5 29 6 24 74 81 45 90 14 88 3 71 95 92 18 72 38 75
2 15 56 43 44 0 72 48 54 58 12 7 2 6 72 23 61 2 54 67 71 64 97 41 52 97 61 23 86 26 77 92 47 19 30 10 28 60 91 33 15 34 53 9 78 96 82 56 57 54
95 70 63 77 58 36 98 63 90 95 34 44 36 53 93 22 0 83 70 42 70 58 96 92 15 55 16 37 77 34 92 13 0 37 3 58 13 9 50 82 61 1 34 18 90 88 48 66 56 42
40 3 50 48 52 41 30 12 17 55 22 81 24 18 80 54 94 73 76 34 66 75 97 72 56 40 55 44 86 18 20 99 50 1 69 35 92 20 97 17 46 5 46 19 86 48 75 10 76 94
90 37 71 61 89 78 36 97 38 16 6 96 60 25 48 82 2 70 8 44 62 83 18 74 72 75 93 76 63 26 83 56 34 5 88 60 79 31 61 35 48 33 8 50 54 5 81 74 95 11
13 15 64 79 46 57 54 17 87 42 82 54 46 64 45 85 23 94 14 99 0 61 39 4 58 80 78 4 69 35 50 98 85 88 24 55 23 54 10 9 66 68 73 13 76 28 65 30 60 34
41 18 61 96 10 91 35 73 18 40 7 68 96 60 54 80 52 19 88 44 22 24 40 50 29 30 13 44 13 20 69 43 93 13 44 5 79 63 24 88 44 50 77 96 69 96 32 66 2 68
35 52 73 70 35 79 95 23 97 17 42 62 54 41 24 44 17 77 2 80 64 9 53 16 40 15 62 50 48 38 52 32 19 76 73 37 90 9 49 56 65 55 34 56 89 53 9 76 69 66
65 5 90 28 50 37 47 94 52 37 37 58 70 43 25 22 91 35 97 35 91 42 23 35 93 87 73 50 57 39 39 97 3 49 89 60 10 8 88 68 11 99 25 38 5 84 47 22 65 12
22 89 26 31 85 61 84 13 85 81 32 30 38 73 23 96 2 18 49 40 99 71 78 72 4 81 71 9 1 40 55 0 97 33 65 30 65 98 35 32 35 3 62 63 6 28 40 41 16 83
29 45 20 57 50 40 89 54 69 72 88 27 73 60 14 7 78 10 77 81 22 88 61 44 89 68 20 46 77 89 49 16 95 74 52 86 79 95 96 29 38 27 42 57 36 22 78 93 17 83
29 77 4 18 60 7 77 84 60 90 3 33 22 3 2 82 48 75 5 69 39 46 12 25 27 81 69 5 6 75 13 48 5 94 54 19 45 48 80 19 59 56 72 99 83 76 25 46 67 94
36 17 43 54 49 12 19 2 5 79 73 97 52 48 95 47 43 73 64 29 89 21 93 63 86 53 49 84 14 89 62 53 99 72 94 15 11 30 39 67 8 73 21 19 13 69 48 31 34 86
32 90 66 22 46 55 54 47 75 26 84 34 66 5 90 60 71 17 24 34 20 27 85 49 93 15 11 94 26 67 6 72 64 14 92 16 32 69 6 23 7 50 12 58 74 5 51 68 0 40
41 80 59 10 25 92 83 83 30 86 44 11 5 79 84 8 42 47 33 19 33 37 70 17 95 9 39 15 70 93 52 54 31 19 27 76 55 51 91 40 83 19 43 2 83 51 16 95 53 61
45 45 11 60 6 93 86 80 71 37 67 38 92 41 47 35 14 29 4 5 1 66 14 91 24 76 99 83 88 15 6 79 97 72 33 32 16 62 19 56 6 2 37 40 35 16 19 8 23 84
60 42 70 7 68 84 69 59 84 11 93 2 89 75 79 24 94 17 55 35 86 89 76 82 5 96 84 76 55 30 40 33 39 57 95 3 13 52 75 81 54 85 14 13 67 91 6 25 31 79
69 25 29 70 75 21 19 30 36 76 80 99 74 83 42 85 63 18 51 12 37 30 23 70 21 69 8 95 30 50 70 18 89 37 51 72 68 72 87 79 96 27 65 96 35 59 25 18 76 21
45 19 63 68 58 30 81 7 94 59 71 45 79 5 40 25 32 20 29 69 42 84 27 3 3 20 5 60 10 14 84 47 60 89 87 11 70 66 55 56 91 89 33 12 60 35 52 35 22 92
50 52 41 92 1 15 52 47 74 58 33 75 96 70 16 24 6 21 51 4 55 93 98 14 78 33 6 92 77 8 62 11 90 8 92 92 25 34 91 32 31 4 39 26 7 87 49 96 2 13
49 73 57 23 98 48 8 54 53 81 84 30 39 78 71 7 94 19 98 8 81 56 75 84 8 86 16 25 62 55 95 91 57 11 46 91 47 6 58 57 23 58 24 40 3 81 14 85 91 61
70 22 34 62 19 62 1 88 87 83 31 68 73 12 94 90 17 3 47 64 83 78 48 32 38 71 74 48 76 78 1 12 76 58 44 19 38 23 56 90 97 41 96 28 60 3 70 95 83 47
18 40 15 94 54 29 36 81 99 41 61 99 53 28 3 24 80 43 41 75 60 42 43 74 56 0 46 55 94 78 95 76 24 52 56 76 69 75 3 16 57 47 67 19 69 15 73 43 8 54
36 52 9 72 94 14 17 18 46 14 28 29 73 34 8 22 46 16 7 68 90 15 75 45 31 10 92 27 66 54 21 75 39 66 68 88 72 98 77 39 46 85 9 59 32 29 80 81 25 36
25 72 96 57 53 32 78 80 66 48 18 13 72 45 28 37 76 9 35 85 47 16 12 4 46 17 3 1 65 94 19 88 77 58 13 6 70 27 11 94 5 53 42 82 23 7 42 17 74 43
25 36 33 61 13 76 76 48 24 77 86 63 39 15 38 47 25 47 50 41 25 88 58 50 59 11 19 80 10 57 37 12 22 29 74 62 95 80 45 32 29 87 97 69 42 77 58 84 54 58
95 95 47 80 22 87 96 25 86 74 70 46 66 31 2 42 17 27 13 86 74 6 14 47 34 48 69 18 29 66 86 3 49 31 20 0 17 20 92 3 18 71 44 40 59 86 75 73 49 97
74 29 63 44 34 93 21 35 18 69 37 60 71 80 30 64 39 19 26 12 44 53 42 11 51 63 50 61 48 55 31 61 59 11 42 91 13 38 40 1 82 63 0 76 15 55 54 18 6 8
2 44 81 53 0 23 4 2 3 42 87 43 29 35 23 38 48 96 98 25 3 80 8 53 91 28 79 43 70 78 29 95 13 10 41 1 93 8 84 20 90 75 74 2 87 65 98 94 3 67
90 84 37 4 38 36 20 5 97 34 40 81 56 6 35 55 65 56 23 70 9 4 63 78 55 15 57 94 43 55 93 73 11 81 34 27 14 77 88 74 23 24 22 10 16 28 82 29 95 88
