47 49
0 1 1 2 2 3 3 4 5 5 6 7 8 9 10 11 11 12 13 13 14 15 16 16 17 18 19 20 20 21 22 22 23 23 24 24 25 25 26 27 28 28 29 30 31 31 32 32 33 34
0 35 36 36 37 38 38 4 39 40 6 41 8 42 10 43 44 45 46 47 14 15 48 48 17 18 19 49 50 51 51 52 53 53 54 55 55 56 26 27 57 58 29 30 59 60 60 61 33 34
62 35 63 64 64 65 65 66 66 40 67 41 68 42 69 69 44 45 46 47 70 71 72 73 73 74 74 49 50 75 75 52 76 77 77 78 78 56 79 79 57 80 81 82 82 83 84 61 85 85
86 86 63 87 87 88 88 89 89 90 90 91 68 92 93 94 95 95 96 96 70 71 72 97 98 99 99 100 100 101 101 102 76 103 103 104 104 105 105 106 107 80 81 108 109 110 84 111 112 112
113 113 114 114 115 115 116 116 117 118 119 120 120 92 93 94 121 122 123 124 124 125 126 97 98 127 128 128 129 130 130 102 131 131 132 133 134 135 135 106 107 136 137 108 109 110 138 139 139 140
141 142 143 143 144 145 145 146 117 118 119 147 148 148 149 149 121 122 150 150 151 125 152 152 153 154 154 155 156 157 157 158 159 159 132 133 160 160 161 162 162 136 137 163 164 164 165 166 166 140
141 142 167 168 144 169 170 146 171 171 172 173 174 174 175 176 177 177 178 179 179 180 180 181 153 182 182 155 156 183 184 185 185 186 187 187 188 189 161 190 190 191 191 163 192 192 165 193 194 195
196 196 167 168 197 169 198 198 199 200 172 173 201 202 175 203 204 204 178 205 206 207 207 208 209 210 211 211 212 183 184 213 213 186 214 215 188 189 216 216 217 217 218 219 220 221 221 193 194 195
222 223 223 224 224 225 225 226 199 200 227 227 201 202 228 203 229 230 230 231 206 232 232 208 209 210 233 233 212 234 235 236 236 237 214 215 238 239 240 241 241 242 242 219 220 243 244 245 246 246
247 247 248 248 249 250 251 251 252 253 253 254 254 255 228 256 256 257 258 231 259 260 260 261 261 262 262 263 264 234 235 265 266 266 267 267 268 239 240 269 270 271 271 272 273 243 244 245 274 274
275 276 276 277 249 278 278 279 280 281 282 283 283 284 284 285 286 257 287 287 259 288 288 289 290 291 291 292 264 293 294 294 295 295 296 297 268 298 298 269 270 299 299 300 273 301 301 302 303 304
305 305 306 277 307 308 309 279 280 281 282 310 310 311 311 285 286 312 312 313 314 314 315 316 290 317 317 292 318 319 320 321 322 323 323 297 324 324 325 325 326 327 328 300 329 330 330 331 303 304
332 332 306 333 334 308 335 336 337 337 338 339 340 340 341 342 343 343 344 344 345 345 315 316 346 347 347 348 318 319 320 321 322 349 349 350 351 351 352 352 326 327 328 353 329 354 354 331 355 356
357 358 359 333 334 360 335 336 361 362 338 339 363 364 341 342 365 365 366 366 367 367 368 368 346 369 370 348 371 371 372 372 373 373 374 374 375 375 376 377 377 378 378 379 380 381 381 382 355 356
357 383 359 384 384 385 386 386 361 362 387 387 363 364 388 388 389 390 391 391 392 392 393 394 395 396 370 397 397 398 399 399 400 400 401 402 402 403 376 404 404 405 405 379 406 406 407 407 408 408
409 383 410 410 411 385 412 412 413 414 415 415 416 417 417 418 389 390 419 420 420 421 393 394 395 396 422 423 424 425 426 427 427 428 428 429 430 430 431 431 432 433 433 434 434 435 435 436 437 437
409 438 438 439 411 440 441 441 413 414 442 443 416 444 444 418 445 445 419 446 446 421 447 448 449 450 422 451 424 425 426 452 453 454 455 429 456 457 458 459 460 461 462 462 463 463 464 436 465 466
467 468 468 439 469 440 470 470 471 472 472 443 473 473 474 475 475 476 477 478 479 479 447 448 449 450 480 451 481 482 483 484 453 454 485 485 486 457 458 459 460 487 487 488 489 489 464 490 465 466
467 491 492 493 469 494 494 495 496 496 497 497 498 498 474 499 500 501 477 478 502 503 503 504 505 506 480 507 507 482 483 484 508 508 509 510 486 511 511 512 512 513 513 488 514 515 515 490 516 517
518 518 492 493 519 519 520 495 521 521 522 522 523 524 524 499 500 501 525 526 527 527 528 504 505 506 529 529 530 531 531 532 532 533 509 510 534 535 535 536 537 537 538 539 540 541 542 542 516 517
543 543 544 545 545 546 520 547 548 548 549 550 551 551 552 553 554 554 525 555 556 557 528 558 558 559 559 560 561 562 563 563 564 533 565 565 534 566 566 536 567 568 568 539 540 541 569 570 571 572
573 574 544 575 576 576 577 547 578 578 549 550 579 580 552 581 582 582 583 555 556 557 584 584 585 586 586 587 561 562 588 589 564 590 590 591 591 592 592 593 567 594 595 596 596 597 598 570 571 599
573 600 601 601 602 603 577 604 604 605 605 606 579 580 607 581 608 609 610 611 611 612 612 613 614 614 615 587 616 617 617 589 618 618 619 619 620 620 621 622 623 594 624 625 626 626 598 627 628 599
629 600 630 631 631 603 632 632 633 633 634 634 635 636 607 637 608 638 610 639 639 640 641 641 642 642 615 643 616 644 644 645 646 646 647 647 648 649 621 622 623 650 624 651 652 653 653 654 628 655
629 656 630 657 657 658 658 659 659 660 660 661 661 636 662 663 664 638 665 665 666 640 667 668 669 669 670 643 671 672 673 645 674 675 676 677 648 649 678 678 679 679 680 651 652 681 681 654 682 683
684 656 685 686 687 688 689 690 690 691 691 692 693 693 662 663 694 694 695 695 666 696 696 668 697 698 699 700 700 672 673 701 674 675 676 677 702 702 703 704 705 705 706 706 707 708 709 709 682 683
710 711 685 686 687 688 689 712 713 714 715 715 716 717 717 718 718 719 719 720 721 721 722 723 724 698 699 725 725 726 727 728 729 729 730 731 732 732 703 704 733 733 734 734 707 708 735 736 736 737
710 711 738 739 739 740 740 712 713 714 741 742 716 743 743 744 745 746 746 747 748 749 722 750 724 751 752 752 753 726 727 728 754 754 755 731 756 757 757 758 759 759 760 760 761 762 735 763 763 737
764 764 765 765 766 767 767 768 769 770 770 742 771 772 772 744 745 773 773 747 748 774 774 750 775 776 777 778 753 779 780 781 782 782 755 783 783 784 785 758 786 786 787 787 788 762 789 790 790 791
792 793 794 795 766 796 796 768 769 797 797 798 771 799 800 801 801 802 803 804 804 805 805 806 806 776 777 778 807 807 780 808 808 809 810 811 812 784 785 813 814 814 815 816 788 817 789 818 819 791
792 793 794 795 820 820 821 822 822 823 824 824 825 799 800 826 827 827 803 828 828 829 829 830 830 831 831 832 832 833 833 834 835 809 810 811 836 836 837 837 838 839 815 816 840 840 841 818 819 842
843 844 845 846 847 847 821 848 849 849 850 851 851 852 852 826 853 854 855 856 857 857 858 859 860 861 862 862 863 864 865 834 835 866 867 867 868 869 870 871 838 839 872 873 873 874 875 876 877 877
843 844 845 878 878 879 879 848 880 881 882 882 883 884 884 885 885 854 855 856 886 886 858 859 860 861 887 887 863 864 888 889 889 866 890 891 868 869 870 871 892 892 893 894 894 895 875 876 896 896
897 898 899 900 901 902 902 903 903 881 904 904 883 905 906 907 908 909 910 911 912 913 913 914 915 915 916 917 918 918 888 919 919 920 920 891 921 922 922 923 923 924 893 925 925 895 926 926 927 927
897 898 899 900 901 928 929 930 931 931 932 932 933 905 906 934 908 909 910 911 912 935 935 914 936 937 937 917 938 938 939 939 940 940 941 941 942 942 943 944 945 945 946 947 947 948 948 949 949 950
951 952 953 954 955 928 929 956 956 957 957 958 933 959 959 934 960 961 961 962 962 963 964 965 965 966 967 968 968 969 969 970 970 971 972 972 973 973 943 974 974 975 976 976 977 977 978 978 979 979
951 952 953 954 955 980 980 981 982 983 983 958 984 984 985 985 960 986 987 987 988 988 964 989 989 966 990 990 991 991 992 993 994 971 995 996 997 998 998 999 999 1000 1001 1001 1002 1003 1004 1005 1006 1007
1008 1009 1009 1010 1010 1011 1012 981 982 1013 1013 1014 1015 1015 1016 1017 1018 986 1019 1020 1020 1021 1022 1023 1023 1024 1024 1025 1025 1026 992 993 994 1027 995 996 997 1028 1029 1029 1030 1000 1031 1031 1032 1003 1033 1005 1006 1007
1008 1034 1035 1035 1036 1011 1012 1037 1037 1038 1038 1014 1039 1040 1016 1017 1018 1041 1042 1043 1044 1044 1022 1045 1045 1046 1047 1047 1048 1026 1049 1049 1050 1051 1052 1052 1053 1053 1054 1054 1030 1055 1056 1056 1032 1057 1033 1058 1058 1059
1060 1061 1061 1062 1036 1063 1064 1065 1066 1067 1068 1068 1039 1069 1070 1071 1071 1041 1042 1043 1072 1072 1073 1073 1074 1046 1075 1075 1048 1076 1077 1077 1078 1051 1079 1080 1081 1082 1083 1083 1084 1055 1085 1085 1086 1057 1087 1087 1088 1059
1060 1089 1090 1091 1092 1063 1064 1065 1066 1067 1093 1094 1095 1069 1070 1096 1096 1097 1097 1098 1099 1099 1100 1100 1074 1101 1101 1102 1102 1076 1103 1103 1078 1104 1104 1080 1105 1082 1106 1106 1084 1107 1107 1108 1086 1109 1110 1111 1088 1112
1113 1089 1090 1091 1092 1114 1115 1116 1117 1118 1118 1094 1095 1119 1119 1120 1120 1121 1121 1098 1122 1122 1123 1123 1124 1124 1125 1125 1126 1127 1128 1129 1129 1130 1131 1132 1105 1133 1134 1134 1135 1136 1137 1138 1139 1109 1110 1140 1140 1112
1141 1141 1142 1143 1143 1114 1115 1116 1117 1144 1145 1145 1146 1147 1148 1149 1149 1150 1151 1152 1153 1153 1154 1154 1155 1156 1156 1157 1126 1127 1128 1158 1158 1130 1159 1132 1160 1133 1161 1161 1162 1136 1137 1138 1139 1163 1163 1164 1165 1165
1166 1166 1167 1167 1168 1169 1170 1170 1171 1171 1172 1172 1146 1147 1148 1173 1174 1150 1151 1152 1175 1175 1176 1176 1155 1177 1177 1157 1178 1179 1179 1180 1181 1182 1159 1183 1160 1184 1184 1185 1162 1186 1187 1188 1189 1190 1191 1164 1192 1192
1193 1194 1195 1195 1168 1169 1196 1196 1197 1198 1198 1199 1200 1201 1202 1173 1203 1203 1204 1204 1205 1206 1206 1207 1207 1208 1209 1210 1178 1211 1212 1180 1181 1182 1213 1183 1214 1215 1215 1216 1217 1186 1187 1188 1189 1190 1218 1218 1219 1220
1193 1221 1221 1222 1223 1224 1225 1225 1197 1226 1226 1199 1200 1201 1227 1228 1229 1229 1230 1231 1232 1233 1234 1234 1235 1236 1209 1237 1237 1238 1212 1239 1239 1240 1213 1241 1242 1242 1243 1216 1244 1244 1245 1245 1246 1247 1247 1248 1219 1220
1249 1249 1250 1222 1251 1224 1252 1252 1253 1253 1254 1255 1256 1256 1227 1228 1257 1257 1230 1231 1232 1258 1259 1260 1235 1236 1261 1261 1262 1238 1263 1264 1264 1265 1266 1266 1267 1267 1243 1268 1268 1269 1270 1270 1246 1271 1271 1248 1272 1273
1274 1275 1276 1276 1251 1277 1277 1278 1279 1280 1281 1255 1282 1282 1283 1283 1284 1284 1285 1286 1286 1258 1259 1260 1287 1287 1288 1288 1262 1289 1263 1290 1290 1265 1291 1291 1292 1292 1293 1294 1294 1295 1296 1296 1297 1297 1298 1299 1272 1273
1274 1275 1300 1300 1301 1302 1302 1278 1279 1303 1281 1304 1304 1305 1306 1307 1307 1308 1285 1309 1309 1310 1310 1311 1312 1313 1314 1314 1315 1316 1317 1317 1318 1318 1319 1319 1320 1320 1293 1321 1322 1295 1323 1324 1324 1325 1298 1299 1326 1327
1328 1329 1329 1330 1301 1331 1331 1332 1332 1303 1333 1333 1334 1334 1306 1335 1335 1308 1336 1336 1337 1338 1338 1311 1312 1339 1339 1340 1340 1316 1341 1341 1342 1342 1343 1344 1344 1345 1345 1321 1322 1346 1323 1347 1347 1325 1348 1348 1326 1327
13 41 75 38 53 82 46 95 19 21 23 17 96 73 83 42 36 89 82 50 99 47 63 22 42 79 0 21 48 14 16 97 2 24 84 80 67 92 14 88 21 3 55 51 36 48 68 68 0 53
11 52 80 29 72 54 0 45 99 14 26 68 96 79 74 65 61 88 39 79 1 36 65 78 57 34 67 89 79 21 1 19 61 91 8 52 30 64 88 75 95 23 39 0 32 82 12 6 54 49
3 36 22 12 75 89 0 42 79 93 58 16 25 41 53 8 62 93 21 8 17 51 63 3 49 40 26 33 61 66 30 87 47 54 30 72 36 26 56 95 90 17 48 84 72 2 9 27 19 45
52 33 95 62 40 47 87 12 95 68 54 13 96 79 98 93 88 94 35 33 54 72 65 89 55 91 54 45 97 41 14 5 19 42 24 39 87 79 43 46 86 42 82 28 8 95 85 94 16 69
74 96 36 3 89 86 27 42 77 37 82 75 18 87 57 66 3 92 29 60 94 88 44 9 74 12 91 11 18 31 35 50 39 2 23 97 51 92 99 87 80 61 32 39 91 76 0 48 81 79
99 84 36 8 64 59 35 39 17 10 26 4 41 50 98 59 14 33 44 98 88 59 3 83 3 55 43 66 81 15 52 22 77 22 76 73 0 37 95 58 97 55 57 51 13 91 66 24 82 38
35 42 42 15 44 42 22 74 23 15 7 68 32 77 34 22 36 6 16 81 64 45 54 19 23 37 59 57 69 48 27 37 62 89 98 1 30 38 56 27 46 9 38 51 2 57 15 24 56 25
12 39 21 16 89 60 34 65 84 1 61 62 41 92 17 53 65 10 85 2 51 79 12 57 50 24 45 5 58 20 12 7 2 25 49 17 88 73 1 46 92 47 61 42 20 1 9 99 67 56
39 46 78 5 43 82 10 60 5 58 55 66 18 83 56 80 61 11 75 39 88 50 61 49 79 70 38 92 16 25 47 2 24 84 5 18 10 59 65 59 66 95 53 36 13 6 67 90 72 49
51 33 92 68 97 24 42 60 21 89 65 59 16 76 87 14 83 9 25 53 92 15 5 18 74 71 77 49 14 85 79 69 37 44 41 39 97 36 28 70 54 84 62 39 74 17 6 42 82 67
68 19 46 53 64 60 72 82 58 38 60 75 70 40 29 7 55 10 70 43 77 82 47 12 23 52 50 95 54 12 33 57 3 60 74 71 2 98 45 54 76 11 22 35 90 50 1 7 99 80
19 98 70 76 9 17 89 85 23 0 48 95 26 37 16 36 12 92 49 86 81 92 16 18 77 92 59 36 19 10 34 57 33 8 20 73 71 1 67 88 22 38 54 13 71 8 28 81 89 51
66 87 14 8 32 79 62 50 53 34 85 60 27 95 94 20 28 6 3 82 57 77 61 66 86 30 76 66 25 75 47 1 68 81 78 70 48 54 75 50 99 86 35 54 41 61 7 87 75 22
33 82 63 85 17 51 21 50 67 13 68 2 44 3 78 47 33 50 86 97 74 76 39 45 50 84 5 36 2 23 49 38 62 97 97 66 79 27 3 58 33 10 6 14 28 12 47 71 1 60
86 45 79 72 28 0 75 38 92 6 75 24 26 51 49 27 97 33 62 74 53 34 81 84 65 57 7 50 21 23 8 64 83 39 31 23 16 22 90 31 74 80 29 64 67 67 58 1 70 37
37 15 34 34 11 62 11 44 80 16 90 78 11 44 31 36 38 86 65 90 30 40 70 55 54 95 67 19 81 35 18 28 50 63 17 7 8 89 75 35 76 0 29 34 66 4 46 69 94 4
5 0 22 30 41 69 16 38 34 63 77 83 36 0 33 63 56 35 27 55 98 54 53 16 74 1 49 30 27 24 37 49 76 70 46 34 5 75 40 52 60 89 91 91 85 24 7 58 73 6
71 53 5 82 47 71 42 30 5 41 16 3 30 1 3 17 83 28 66 79 73 18 55 47 59 15 72 33 46 60 78 37 4 57 27 20 65 72 56 34 36 45 25 4 30 2 89 13 39 7
13 65 92 36 0 4 52 14 90 5 36 56 47 42 12 96 64 27 96 1 83 5 66 19 81 94 71 11 95 47 99 18 9 87 18 44 30 23 68 16 68 39 33 49 2 53 90 30 98 53
17 66 95 1 79 83 76 99 52 6 90 42 87 78 74 43 59 79 36 92 57 8 86 86 74 94 75 85 10 43 89 77 18 19 61 58 17 58 45 81 46 86 43 83 11 4 5 11 81 82
47 82 61 75 53 65 55 68 60 54 45 95 70 85 89 10 0 28 24 68 1 55 26 15 82 77 92 82 35 83 43 99 32 22 61 62 93 3 68 67 48 27 63 52 25 95 61 43 30 94
66 28 87 88 52 83 5 88 97 74 40 56 1 26 37 81 61 42 75 87 42 61 66 14 22 19 39 58 68 62 42 61 93 74 31 69 5 99 42 40 21 53 24 36 35 30 20 92 78 33
55 97 20 55 63 86 29 89 71 74 76 19 7 60 77 2 73 23 32 50 7 6 24 11 52 71 71 2 71 75 61 13 90 65 51 53 50 84 90 48 20 50 95 0 89 35 81 48 98 16
56 42 68 20 98 97 49 89 10 57 80 77 72 36 66 58 13 47 73 21 5 82 74 59 29 31 95 27 47 97 28 89 37 71 71 89 71 30 97 78 17 2 47 65 83 28 56 74 31 61
1 27 14 14 13 66 38 7 66 82 90 64 25 6 57 29 0 39 1 80 90 1 38 58 31 0 61 37 13 77 96 86 86 74 28 20 75 60 1 17 24 62 26 8 37 65 84 80 48 87
20 91 41 36 59 7 28 93 28 23 60 55 21 0 33 6 30 68 37 1 13 96 15 93 29 80 46 50 54 61 99 46 10 24 41 69 56 81 46 31 90 92 49 7 0 72 92 32 75 98
92 64 7 36 54 68 2 28 82 43 62 54 81 71 49 41 89 67 10 1 39 48 17 86 25 65 51 9 86 66 29 39 27 96 7 16 99 10 35 16 72 48 28 28 69 11 6 31 17 41
83 33 84 67 65 76 35 6 88 79 54 41 58 7 83 34 81 45 95 57 35 1 83 37 66 28 33 53 79 79 74 38 94 32 53 18 91 92 44 74 76 43 61 97 45 83 12 7 10 44
46 57 18 6 70 20 81 65 52 84 39 50 97 24 4 13 95 18 26 95 41 40 36 99 8 95 52 14 49 95 23 22 4 17 55 79 5 4 30 61 53 34 43 47 89 85 95 73 87 94
48 74 71 31 88 8 35 98 92 78 53 62 65 45 47 50 95 5 12 62 73 10 82 16 40 24 97 36 23 69 87 72 6 21 31 54 65 49 51 46 56 16 22 44 84 8 26 41 37 49
33 51 23 11 46 45 73 63 0 62 97 48 36 62 13 53 90 22 24 0 22 25 83 83 37 50 13 25 28 73 20 82 23 34 6 43 35 43 80 24 80 24 76 36 76 11 46 40 25 91
6 78 13 20 50 96 30 91 55 56 48 99 88 85 85 62 16 16 51 7 92 23 96 95 26 37 17 86 67 5 9 15 32 41 99 62 44 53 30 9 13 98 56 31 94 32 90 35 4 51
35 22 90 4 58 60 70 78 4 49 32 44 98 48 13 87 86 97 59 7 93 7 89 93 98 35 77 67 73 73 47 47 61 91 31 63 92 92 26 26 83 92 4 39 80 76 29 24 39 49
92 38 17 76 20 71 77 60 4 51 33 51 11 71 61 32 4 72 68 95 97 66 20 89 47 91 30 71 60 24 50 4 56 38 18 53 47 28 82 80 17 32 19 94 82 50 42 25 86 55
28 53 45 69 74 31 73 31 26 30 4 92 6 18 8 57 50 88 35 45 1 32 20 57 90 96 26 71 47 75 4 96 59 58 39 27 44 4 60 0 97 20 53 72 0 40 55 90 64 84
27 42 40 2 11 90 16 91 45 82 40 44 21 80 69 14 12 63 12 53 93 14 52 33 28 0 65 77 75 65 86 78 35 44 88 73 98 73 4 28 84 5 17 82 88 45 99 63 13 80
35 7 25 44 82 95 1 73 90 94 18 13 67 85 78 76 78 15 62 63 22 24 21 82 72 12 46 95 75 8 83 7 84 19 34 1 42 58 15 73 98 35 26 48 76 6 90 25 67 95
94 68 39 71 28 34 85 72 47 75 59 62 31 82 78 9 29 55 26 74 91 4 16 36 46 80 38 41 82 16 42 45 73 95 99 47 81 7 62 34 20 38 22 87 38 87 72 82 82 70
35 47 93 28 79 42 70 96 76 67 1 57 29 66 66 70 54 20 41 36 77 84 30 16 7 42 59 14 64 59 52 80 78 3 50 44 18 23 14 25 25 76 17 95 64 18 10 58 42 53
55 83 14 58 6 22 24 93 65 12 66 42 0 90 36 17 48 47 46 17 31 58 35 94 64 48 36 53 61 51 53 28 91 17 97 80 42 82 85 36 19 0 95 59 92 25 6 92 92 10
39 60 22 72 81 42 28 21 80 44 36 52 75 80 29 95 49 16 31 43 43 58 83 96 85 68 99 25 20 2 96 38 83 79 78 12 71 49 90 6 20 82 57 55 74 4 69 0 48 45
83 68 38 89 59 66 27 2 54 83 51 50 14 64 34 58 66 22 25 77 46 38 8 52 14 57 72 52 18 93 10 65 75 82 11 16 85 72 92 88 32 58 84 26 5 90 36 65 79 82
74 47 20 10 54 79 37 92 85 10 50 64 77 60 62 64 93 29 64 53 89 44 42 27 4 32 38 82 68 90 89 90 2 15 12 26 89 35 97 46 66 59 72 65 52 4 90 97 98 92
45 91 20 78 28 23 23 41 2 80 1 70 78 12 82 54 54 65 14 90 46 87 97 76 4 55 50 53 92 26 75 93 57 81 10 9 44 15 98 19 29 36 65 63 68 80 90 40 12 62
41 91 46 70 5 87 71 77 45 79 98 33 55 43 1 58 18 63 88 88 16 73 16 57 99 17 62 47 21 86 83 61 6 6 12 30 29 54 30 54 86 40 38 13 5 95 41 89 14 44
82 25 25 21 33 86 73 85 95 64 90 69 6 53 61 98 12 55 39 51 56 98 83 12 32 54 87 79 15 86 8 1 40 64 31 32 78 39 65 31 11 92 67 71 96 87 53 88 72 53
9 73 96 89 65 9 47 58 63 44 18 51 3 16 0 95 75 71 41 49 61 29 85 11 66 84 22 71 17 77 71 13 19 54 1 42 90 26 14 93 10 49 31 93 94 65 96 41 64 9
49 4 28 12 5 80 69 81 27 3 7 95 97 12 10 62 84 68 15 70 88 88 48 24 29 40 20 36 43 34 98 10 22 14 74 60 43 53 30 18 49 54 32 15 3 81 28 89 84 47
24 53 7 73 75 39 53 87 39 16 54 80 14 37 50 18 19 71 81 5 67 21 54 0 82 38 33 89 92 74 7 88 75 92 32 60 96 93 6 97 35 55 14 45 13 55 30 16 30 88
55 79 83 83 36 67 84 61 82 29 11 7 59 96 38 98 15 29 5 12 25 81 7 84 33 70 91 87 52 0 46 99 95 37 16 37 15 62 11 27 68 70 27 27 54 9 41 14 61 22
