42 17
0 0 1 2 3 4 5 6 7 8 8 9 9 10 11 12 13 14 14 15 15 16 17 17 18 19 19 20 20 21 22 23 24 24 25 26 26 27 28 28 29 29 30 30 31 31 32 32 33 33
34 35 1 2 3 4 5 6 7 36 36 37 38 10 11 39 13 40 41 42 42 16 43 44 18 45 46 46 47 47 22 23 48 48 25 49 49 27 50 50 51 51 52 53 53 54 55 56 56 57
34 35 58 59 60 60 61 61 62 63 64 37 38 65 65 39 66 40 41 67 68 68 43 69 69 45 70 70 71 71 72 73 73 74 74 75 76 76 77 77 78 78 52 79 79 54 55 80 81 57
82 83 83 59 84 84 85 85 62 63 64 86 86 87 88 88 89 89 90 91 92 92 93 94 94 95 96 97 97 98 99 100 101 101 102 103 103 104 104 105 106 106 107 107 108 108 109 80 110 110
111 112 113 114 115 116 117 118 119 120 120 121 121 122 123 123 124 124 90 91 125 126 126 127 128 95 129 129 130 131 99 100 132 133 133 134 135 135 136 136 137 137 138 139 139 140 109 141 141 142
111 112 113 143 115 116 117 118 119 144 144 145 145 122 146 147 147 148 149 150 151 152 153 127 128 154 155 156 130 131 157 157 158 159 159 160 160 161 161 162 163 164 138 165 165 140 166 167 167 142
168 168 169 143 170 171 172 172 173 174 174 175 175 176 146 177 177 148 149 150 151 152 153 178 179 154 155 156 180 180 181 181 158 182 182 183 184 185 185 162 163 164 186 186 187 187 166 188 188 189
190 190 191 192 193 171 194 194 195 196 197 198 199 199 200 200 201 202 202 203 203 204 204 178 205 206 207 207 208 208 209 210 211 211 212 213 184 214 215 215 216 217 218 219 219 220 220 221 221 189
222 222 191 192 193 223 223 224 195 196 197 198 225 226 226 227 227 228 228 229 230 231 232 232 205 206 233 234 234 235 209 236 237 237 212 213 238 214 239 240 241 217 218 242 242 243 244 244 245 245
246 247 248 248 249 249 250 224 251 252 253 253 225 254 255 256 257 257 258 229 259 231 260 261 261 262 262 263 263 264 264 236 265 265 266 267 268 268 239 269 241 270 271 272 273 273 274 275 275 276
277 247 278 279 280 280 250 281 251 252 282 283 284 254 255 256 285 285 286 286 259 287 288 289 290 291 292 293 294 294 295 295 296 296 266 267 297 298 298 269 299 270 271 272 300 301 274 302 302 303
277 304 278 305 305 306 306 281 307 307 282 308 284 309 310 310 311 311 312 312 313 313 288 289 290 314 292 293 315 316 317 317 318 319 319 320 321 321 322 322 299 323 323 324 300 301 325 325 326 303
327 304 328 329 330 331 332 333 334 335 336 308 337 309 338 339 340 341 342 343 343 344 344 345 346 314 347 347 315 316 348 348 318 349 349 350 351 351 352 352 353 353 354 354 355 356 357 357 326 358
359 360 328 361 330 331 332 333 334 335 336 362 362 363 363 339 340 341 342 364 364 365 365 345 346 366 367 368 368 369 370 371 372 372 373 350 374 375 376 377 377 378 379 379 355 356 380 380 381 358
359 382 382 361 383 383 384 385 385 386 386 387 388 388 389 390 390 391 391 392 392 393 394 395 395 366 367 396 397 397 370 371 398 398 373 399 399 375 376 400 400 378 401 401 402 402 403 404 404 405
406 407 408 408 409 409 384 410 410 411 411 387 412 412 389 413 414 414 415 416 416 393 394 417 418 419 420 420 421 422 422 423 423 424 424 425 425 426 427 427 428 428 429 429 430 430 431 432 432 405
406 407 433 433 434 434 435 436 437 437 438 439 440 441 441 442 442 443 415 444 445 446 446 417 447 419 448 449 450 450 451 451 452 453 453 454 455 456 456 457 458 459 460 461 462 462 431 463 463 464
465 466 467 468 468 469 470 436 471 471 438 439 440 472 473 473 474 474 475 476 445 477 478 479 447 480 448 449 481 482 483 483 452 484 485 454 486 486 487 487 458 488 460 489 490 491 492 493 494 494
495 466 496 496 497 498 470 499 500 500 501 502 503 472 504 505 506 507 475 476 508 477 478 509 510 511 511 512 481 513 513 514 514 484 485 515 516 516 517 518 519 488 520 489 490 521 492 493 522 523
495 524 525 525 497 498 526 527 527 528 501 502 529 529 530 505 506 531 532 532 508 533 533 509 510 534 535 536 537 538 539 540 540 541 541 542 542 543 517 518 519 544 520 545 545 521 546 547 522 523
548 548 549 550 551 551 526 552 553 528 554 554 555 555 530 556 556 531 557 558 558 559 560 560 561 561 535 536 537 562 539 563 563 564 565 565 566 567 567 568 568 544 569 570 571 572 546 547 573 573
574 574 549 550 575 576 576 577 553 578 578 579 580 581 581 582 582 583 584 585 585 586 587 588 589 590 591 591 592 562 593 594 595 595 596 596 597 598 598 599 600 600 569 570 571 572 601 601 602 603
604 605 605 606 607 608 608 577 609 610 610 579 611 611 612 613 614 583 584 615 615 586 587 588 589 590 616 617 592 618 593 594 619 619 620 620 597 621 621 622 622 623 624 624 625 626 626 627 602 628
629 630 631 631 607 632 632 633 633 634 634 635 636 637 612 613 614 638 639 640 641 641 642 642 643 644 645 617 646 647 648 649 650 651 651 652 653 653 654 655 656 657 658 658 659 660 661 627 662 628
629 630 663 664 664 665 665 666 666 667 667 668 636 637 669 670 671 671 639 640 672 672 673 673 643 644 645 674 675 647 676 649 650 677 678 679 679 680 681 655 656 657 682 682 659 660 661 683 662 684
685 685 663 686 687 688 689 690 690 691 691 668 692 692 669 693 694 695 695 696 697 698 699 699 700 700 701 701 675 702 676 703 703 677 678 704 704 680 681 705 706 707 708 709 710 711 711 712 713 684
714 714 715 715 687 688 716 717 718 719 719 720 720 721 721 693 694 722 722 696 697 698 723 723 724 724 725 726 727 702 728 728 729 730 731 732 733 733 734 734 706 707 708 709 710 735 735 712 713 736
737 738 739 739 740 740 716 717 718 741 742 743 744 744 745 745 746 747 748 748 749 749 750 751 751 752 725 726 727 753 754 754 755 730 731 732 756 756 757 758 758 759 760 761 761 762 763 764 764 736
737 738 765 766 767 768 769 769 770 741 742 771 771 772 773 774 746 747 775 776 777 777 750 778 779 779 780 781 781 753 782 783 755 784 785 785 786 787 757 788 788 759 760 789 789 790 763 791 792 792
793 793 765 766 767 794 794 795 795 796 797 798 799 772 773 774 800 801 801 776 802 803 803 804 804 805 805 806 806 807 807 783 808 784 809 810 786 787 811 812 813 814 815 816 817 790 818 819 820 821
822 822 823 824 824 825 825 826 827 796 797 828 799 829 830 830 831 831 832 833 833 834 835 835 836 836 837 838 839 840 841 841 842 843 809 810 844 844 811 812 813 845 815 816 846 847 818 819 820 821
848 848 849 849 850 850 851 851 827 852 852 828 853 854 854 855 856 856 832 857 858 834 859 859 860 860 837 838 839 840 861 861 842 862 863 864 865 866 866 867 867 845 868 868 846 869 869 870 871 872
873 874 875 876 877 878 878 879 879 880 881 882 882 883 883 884 885 886 886 857 858 887 887 888 888 889 889 890 890 891 891 892 892 862 863 864 865 893 894 894 895 896 896 897 898 899 900 870 871 872
873 874 875 876 877 901 902 903 903 880 881 904 905 905 906 884 885 907 907 908 908 909 910 911 912 912 913 913 914 914 915 915 916 917 917 918 919 920 921 922 922 923 923 897 898 899 900 924 925 925
926 926 927 927 928 901 902 929 930 931 932 904 933 934 906 935 935 936 936 937 937 909 910 938 938 939 940 941 942 943 943 944 916 945 946 918 919 920 921 947 947 948 949 950 950 951 951 924 952 952
953 953 954 954 928 955 956 929 957 931 958 959 933 960 961 961 962 963 963 964 965 965 966 967 968 939 940 941 969 969 970 970 971 971 946 972 972 973 974 974 975 948 949 976 977 978 978 979 980 980
981 982 982 983 983 955 984 984 957 985 958 959 986 960 987 988 962 989 990 991 991 992 966 967 968 993 994 995 995 996 997 997 998 999 1000 1000 1001 973 1002 1002 975 1003 1003 976 977 1004 1004 1005 1005 1006
1007 1008 1009 1010 1010 1011 1012 1012 1013 1014 1015 1016 1016 1017 987 1018 1018 989 990 1019 1020 1021 1021 1022 1022 993 994 1023 1024 1025 1026 1027 998 1028 1029 1030 1001 1031 1032 1033 1034 1035 1035 1036 1036 1037 1038 1038 1039 1006
1007 1040 1009 1041 1041 1011 1042 1042 1013 1014 1015 1043 1044 1044 1045 1045 1046 1047 1047 1019 1048 1049 1050 1050 1051 1052 1052 1023 1024 1025 1026 1053 1053 1028 1029 1030 1054 1055 1032 1033 1034 1056 1057 1058 1058 1037 1059 1059 1060 1061
1062 1040 1063 1063 1064 1065 1065 1066 1067 1068 1068 1069 1069 1070 1070 1071 1072 1073 1074 1074 1048 1049 1075 1075 1076 1077 1077 1078 1079 1080 1080 1081 1081 1082 1082 1083 1054 1055 1084 1085 1085 1056 1057 1086 1086 1087 1087 1088 1060 1061
1062 1089 1090 1091 1064 1092 1092 1066 1093 1094 1094 1095 1095 1096 1096 1071 1072 1097 1097 1098 1098 1099 1100 1101 1076 1102 1102 1078 1103 1104 1105 1106 1106 1107 1108 1109 1109 1110 1084 1111 1111 1112 1112 1113 1114 1115 1116 1117 1117 1118
1119 1089 1090 1091 1120 1121 1122 1122 1093 1123 1123 1124 1124 1125 1126 1127 1128 1129 1130 1131 1132 1099 1100 1101 1133 1133 1134 1134 1103 1104 1105 1135 1135 1107 1108 1136 1137 1137 1138 1139 1139 1140 1141 1113 1142 1115 1116 1143 1143 1118
1144 1145 1145 1146 1120 1121 1147 1148 1149 1150 1151 1151 1152 1125 1126 1127 1128 1129 1130 1131 1153 1154 1155 1156 1156 1157 1158 1158 1159 1159 1160 1161 1161 1162 1162 1163 1163 1164 1138 1165 1165 1140 1141 1166 1142 1167 1167 1168 1169 1169
1144 1170 1171 1172 1172 1173 1147 1174 1149 1150 1175 1176 1177 1177 1178 1178 1179 1179 1180 1181 1153 1182 1155 1183 1184 1157 1185 1185 1186 1187 1160 1188 1188 1189 1189 1190 1190 1164 1191 1192 1193 1194 1195 1166 1196 1197 1198 1168 1199 1199
1200 1200 1171 1201 1201 1173 1202 1174 1203 1204 1204 1176 1205 1205 1206 1207 1207 1208 1208 1181 1209 1182 1210 1210 1184 1211 1212 1213 1186 1214 1214 1215 1215 1216 1216 1217 1217 1218 1218 1192 1193 1194 1219 1219 1196 1197 1198 1220 1220 1221
1222 1223 1223 1224 1224 1225 1202 1226 1203 1227 1228 1229 1229 1230 1231 1232 1232 1233 1234 1235 1235 1236 1237 1237 1238 1238 1212 1213 1239 1239 1240 1241 1241 1242 1242 1243 1243 1244 1244 1245 1246 1247 1247 1248 1248 1249 1249 1250 1251 1221
1252 1253 1253 1254 1254 1225 1255 1255 1256 1256 1228 1257 1257 1230 1231 1258 1258 1233 1234 1259 1259 1236 1260 1261 1262 1263 1263 1264 1265 1265 1240 1266 1266 1267 1268 1269 1269 1270 1270 1245 1246 1271 1272 1272 1273 1273 1274 1275 1251 1276
1252 1277 1277 1278 1278 1279 1279 1280 1281 1282 1283 1284 1285 1286 1287 1287 1288 1289 1290 1290 1291 1292 1260 1261 1293 1294 1294 1264 1295 1296 1297 1298 1299 1267 1300 1301 1301 1302 1302 1303 1304 1271 1305 1306 1307 1307 1274 1275 1308 1276
1309 1309 1310 1311 1312 1312 1313 1314 1281 1282 1283 1284 1285 1315 1315 1316 1288 1317 1317 1318 1291 1292 1319 1319 1293 1320 1321 1322 1322 1296 1297 1298 1299 1323 1300 1324 1325 1326 1327 1327 1304 1328 1305 1329 1330 1330 1331 1331 1332 1332
1333 1333 1310 1311 1334 1334 1313 1314 1335 1336 1336 1337 1337 1338 1338 1316 1339 1339 1340 1318 1341 1342 1342 1343 1343 1320 1344 1344 1345 1345 1346 1346 1347 1348 1348 1324 1325 1326 1349 1349 1350 1328 1351 1329 1352 1352 1353 1353 1354 1354
63 72 68 87 58 18 3 99 24 24 72 47 9 74 99 87 3 94 71 88 56 3 65 17 57 25 1 24 21 46 50 88 75 97 52 93 20 3 22 62 64 54 14 12 62 0 78 6 91 14
45 91 95 47 86 31 83 30 91 34 41 33 61 90 65 24 80 65 62 61 54 80 10 47 24 92 21 85 12 36 30 6 48 51 86 39 86 56 23 88 61 40 73 53 29 24 38 48 41 98
9 12 5 8 81 77 30 89 33 29 37 68 54 54 2 80 35 8 97 26 77 14 55 14 54 87 24 15 47 70 81 83 47 93 82 26 82 89 2 78 71 93 93 19 36 47 88 80 16 30
82 14 50 31 34 98 12 7 57 37 73 1 12 59 44 71 18 76 14 58 90 41 38 64 64 15 7 7 60 99 52 23 26 74 12 34 29 22 98 76 22 44 81 38 35 10 58 60 83 52
78 96 52 39 45 98 74 63 53 67 57 70 59 1 82 37 41 97 27 63 76 38 78 92 59 23 83 5 40 18 72 93 62 99 93 39 47 10 34 74 78 28 64 7 34 72 13 65 30 91
60 2 76 7 36 2 2 49 46 11 42 9 88 85 62 25 83 15 28 24 63 0 32 54 12 36 75 1 14 91 98 47 92 89 80 53 51 26 5 28 15 16 9 90 32 56 63 5 68 88
25 77 29 11 1 68 33 8 11 10 63 85 87 29 10 48 40 69 45 69 48 21 90 44 58 49 10 28 75 73 52 66 28 26 70 99 67 18 37 64 3 70 5 62 42 63 92 58 28 85
16 68 39 30 68 11 57 87 45 19 56 32 43 13 13 38 60 34 11 1 68 18 94 63 0 66 65 41 61 33 46 12 48 33 49 52 90 72 60 34 45 52 22 83 21 80 58 11 22 20
66 43 9 64 36 34 50 99 94 36 72 15 51 15 86 28 19 38 20 33 95 79 94 3 39 73 65 0 78 65 54 32 10 38 5 88 94 61 80 39 60 57 6 15 40 73 32 80 79 76
46 82 67 23 77 86 51 69 85 34 49 29 83 28 80 33 23 28 52 52 60 63 66 93 95 31 22 4 23 40 79 75 26 22 28 73 27 83 61 60 87 50 34 45 64 85 32 46 12 4
67 25 81 63 73 49 64 17 93 85 95 38 4 35 9 76 92 23 5 27 8 15 95 16 18 3 55 35 68 14 87 30 97 67 36 40 54 9 93 60 28 2 62 2 25 44 4 96 64 30
11 36 52 28 72 82 3 51 89 91 53 13 26 62 68 42 73 30 59 49 44 15 91 95 54 59 31 8 14 63 70 71 54 7 72 80 0 74 40 9 7 15 84 45 99 90 95 44 32 40
48 8 48 74 30 86 79 62 49 41 23 11 94 36 43 47 65 93 87 24 18 68 6 99 36 96 19 75 86 95 77 77 11 26 72 79 49 51 53 30 26 73 17 57 53 26 57 38 66 99
89 67 82 90 69 52 20 70 12 41 73 11 12 66 2 21 77 75 59 41 84 52 54 40 77 55 89 97 70 32 1 74 48 41 88 21 15 7 78 62 24 70 88 86 23 74 7 98 7 7
9 52 60 17 13 87 26 49 33 66 23 54 34 82 3 39 39 99 37 14 26 26 30 15 69 91 37 61 80 45 78 84 88 24 18 48 33 75 70 12 85 16 87 95 62 25 40 41 76 16
60 24 46 48 1 0 98 32 81 48 59 36 34 98 78 60 99 8 85 17 72 38 53 74 68 52 87 26 63 36 33 19 9 18 99 70 9 52 92 40 17 26 4 2 82 57 76 18 21 60
53 12 64 33 68 49 25 75 47 60 79 30 4 47 93 3 63 67 81 30 42 90 76 38 24 69 49 3 20 93 51 74 1 12 34 46 52 22 77 97 50 78 64 97 15 74 34 84 97 18
83 13 45 38 43 12 22 54 8 56 38 83 36 18 62 73 72 79 73 97 70 27 71 39 55 79 31 44 97 67 25 6 58 46 76 39 42 59 7 22 46 5 63 20 71 1 65 21 35 84
96 69 2 73 43 59 79 60 25 24 30 54 13 50 95 65 22 7 88 50 15 44 47 78 90 1 17 76 43 89 26 24 67 37 10 63 15 59 25 64 48 97 5 79 80 9 47 45 7 87
39 54 20 1 85 58 8 97 41 71 63 42 54 92 60 60 32 98 81 70 20 52 72 53 31 7 90 44 1 52 56 37 46 50 57 47 73 93 26 82 12 67 44 49 61 45 39 2 19 78
60 53 90 61 35 16 19 40 3 76 74 28 94 9 40 22 50 0 78 39 19 92 41 32 46 0 41 97 82 47 33 72 2 76 19 24 88 21 99 78 90 83 13 2 59 28 54 24 1 4
53 8 71 83 37 71 42 23 20 3 73 20 97 41 30 69 37 61 53 94 98 86 51 92 65 52 90 40 90 28 13 21 78 35 23 2 17 71 62 13 75 32 0 71 27 62 36 49 36 88
25 18 55 42 88 5 65 14 50 18 49 89 16 81 91 60 27 70 63 15 83 52 78 10 45 40 57 44 15 66 29 16 45 17 49 8 92 49 97 48 2 16 6 98 69 65 38 93 96 2
65 42 15 46 81 11 4 19 3 26 34 7 91 7 98 39 16 36 74 18 1 90 89 40 55 3 30 46 1 63 51 6 55 3 54 59 89 50 64 17 89 40 9 76 66 90 55 20 80 71
6 43 13 10 34 97 17 63 91 45 88 86 18 34 50 0 16 15 75 20 3 57 83 61 79 73 0 72 68 89 32 86 99 0 45 44 81 77 15 26 73 10 64 67 58 32 65 13 72 37
25 73 87 91 57 39 8 2 23 5 15 18 83 51 55 49 18 58 75 84 54 94 17 96 12 27 62 93 56 55 16 99 37 57 97 2 29 34 11 26 14 62 81 69 85 90 7 82 12 83
67 12 4 75 16 57 76 82 13 9 31 71 45 87 26 30 18 59 55 91 41 86 76 28 64 32 9 96 31 3 41 73 43 30 78 91 87 79 80 33 50 96 46 39 93 32 22 52 26 43
10 61 49 13 28 26 34 20 96 85 18 63 52 88 80 69 80 65 81 70 38 1 30 81 14 63 69 75 63 56 88 25 55 52 66 73 37 91 92 70 5 80 39 67 5 30 96 59 7 49
45 49 17 92 27 13 89 78 28 15 71 87 21 97 90 99 24 33 92 40 94 1 44 46 43 1 33 90 3 14 17 62 2 42 40 50 37 1 6 88 4 41 4 85 1 8 64 41 20 45
93 65 87 9 74 25 97 74 99 53 73 31 28 46 0 63 20 5 67 46 57 1 26 79 41 87 26 49 76 65 92 60 34 71 25 88 48 49 40 27 58 62 90 64 56 14 5 84 50 59
3 1 20 27 82 5 13 3 70 56 95 68 25 29 97 71 95 72 61 20 40 99 87 54 19 19 92 64 60 23 91 11 73 70 80 55 45 15 71 48 2 61 98 0 60 6 9 6 95 93
22 71 54 70 66 83 26 76 52 3 55 70 23 7 47 16 10 21 63 86 65 26 14 81 11 16 91 88 87 28 36 39 80 37 71 15 32 64 19 89 15 17 39 48 41 89 4 34 91 21
81 84 0 92 54 26 86 27 17 24 34 47 23 99 86 56 96 99 78 24 71 5 93 85 5 64 91 11 64 82 28 62 80 28 77 98 79 19 72 30 1 86 11 7 6 91 27 19 24 0
52 28 11 73 95 82 36 27 53 8 9 37 5 84 65 53 33 14 83 81 63 69 91 92 14 8 90 16 16 61 23 12 77 10 54 82 52 83 53 46 1 80 4 78 46 40 58 4 86 65
66 53 33 15 54 88 55 94 21 31 43 1 77 87 23 4 51 98 47 43 46 42 93 66 53 36 70 43 83 86 77 33 11 85 10 76 53 66 18 17 7 29 92 14 97 50 69 5 7 85
52 38 93 33 31 27 76 19 28 45 72 80 46 81 60 68 49 91 49 71 83 34 16 18 79 52 54 93 63 64 32 55 46 19 11 58 53 89 38 62 54 48 97 40 6 0 69 60 41 49
87 39 43 91 13 46 26 41 23 7 43 80 60 27 13 85 88 2 10 23 33 41 85 73 46 81 70 84 37 69 80 20 36 98 44 30 58 77 22 72 32 7 58 85 74 63 23 39 93 84
24 15 90 11 44 10 95 29 53 81 4 97 8 11 57 44 93 9 70 23 47 91 82 1 13 76 50 91 24 8 13 9 91 37 92 11 8 81 61 62 13 42 26 25 85 66 92 76 34 68
42 20 46 34 88 13 97 60 4 31 97 21 56 47 43 97 99 18 96 96 17 18 68 31 24 19 25 22 43 42 6 16 6 15 56 46 48 81 37 84 39 56 72 84 64 0 27 54 65 36
83 74 46 20 85 62 64 35 4 55 86 91 30 19 29 50 57 18 73 77 27 25 42 75 74 51 38 76 32 90 14 91 34 45 72 17 84 77 45 54 4 57 4 98 10 66 82 30 6 43
24 37 19 66 74 82 76 33 9 77 94 27 56 93 28 42 81 70 77 22 37 90 89 50 31 69 68 99 56 84 1 48 44 18 98 63 61 91 67 2 2 19 59 49 25 82 85 88 16 44
89 95 34 32 40 26 32 88 4 61 4 77 77 78 63 99 66 24 42 12 23 24 52 59 60 97 52 8 1 18 21 53 76 6 47 0 86 17 94 31 49 69 27 89 39 12 2 58 91 27
68 76 90 43 60 34 31 78 86 16 99 22 76 85 54 46 9 92 52 17 23 31 19 47 60 24 70 83 87 15 21 27 98 15 90 0 64 4 6 97 70 29 64 50 86 94 26 84 92 31
47 31 67 51 38 24 70 39 78 0 67 37 38 43 28 6 48 79 71 91 33 60 78 5 99 55 90 53 66 77 82 8 1 69 28 7 97 18 4 67 15 86 13 84 76 84 87 19 67 63
58 9 62 94 59 11 50 2 22 14 98 67 48 24 68 52 19 85 54 75 78 42 4 34 73 10 10 43 2 63 20 30 38 69 50 71 99 37 81 26 74 55 60 62 10 60 23 11 78 73
39 87 68 13 30 11 32 61 77 52 41 30 67 18 19 53 63 19 48 52 88 18 21 33 74 25 34 28 80 99 13 8 95 77 21 14 17 92 75 30 83 86 18 56 62 54 86 76 45 5
0 60 59 77 95 60 4 67 98 14 97 15 69 9 6 1 15 83 29 82 79 47 30 98 85 33 51 69 30 48 3 83 96 12 37 15 38 14 34 58 93 23 4 21 24 8 48 23 57 4
64 37 17 74 44 38 6 44 59 57 82 67 53 77 30 16 79 66 44 82 49 10 92 4 99 13 70 44 62 39 26 59 30 1 49 57 61 95 7 79 38 11 20 10 25 67 5 36 86 75
35 84 96 45 3 67 18 74 42 9 69 66 74 75 74 22 71 35 66 56 21 99 55 81 12 96 33 4 22 61 41 73 79 35 11 55 73 49 80 58 92 17 33 35 52 56 72 16 34 13
76 85 32 62 14 96 51 61 15 36 76 47 94 17 11 91 58 20 94 61 59 19 6 9 7 20 50 96 37 75 33 63 17 4 85 34 18 63 6 46 2 89 15 7 44 14 37 19 54 20
