22 31
0 0 1 1 2 2 3 4 4 5 5 6 6 7 7 8 9 9 10 10 11 12 13 13 14 14 15 15 16 17 18 18 19 20 20 21 22 22 23 24 25 25 26 27 28 28 29 30 30 31
32 33 34 35 35 36 3 37 38 39 40 41 41 42 42 8 43 43 44 44 11 12 45 45 46 46 47 47 16 48 48 49 19 50 50 51 52 53 23 54 55 56 26 27 57 58 59 59 60 31
32 33 61 62 63 64 64 37 38 39 40 65 66 67 67 68 68 69 69 70 71 71 72 72 73 74 74 75 75 76 77 78 79 80 81 51 52 82 82 54 55 56 83 84 57 58 85 85 60 86
87 87 61 62 63 88 88 89 90 91 91 65 92 92 93 93 94 94 95 70 96 96 97 97 73 98 99 99 100 100 77 78 79 80 81 101 102 103 103 104 105 106 83 107 108 108 109 110 110 86
111 111 112 113 113 114 114 89 90 115 116 117 117 118 118 119 119 120 120 121 122 123 124 124 125 98 126 127 128 128 129 129 130 130 131 132 102 133 134 134 105 106 135 107 136 137 109 138 139 140
141 142 142 143 144 145 146 146 147 115 148 148 149 150 150 151 152 153 154 121 122 123 155 156 157 157 126 158 158 159 160 161 162 163 164 132 165 166 166 167 168 169 170 170 136 171 171 138 139 140
141 172 172 173 144 145 174 174 175 175 176 176 149 177 177 178 152 153 154 179 180 180 155 181 181 182 183 184 184 159 160 161 162 163 164 185 185 186 187 167 168 169 188 189 190 190 191 191 192 193
194 194 195 173 196 197 197 198 198 199 200 200 201 202 203 178 204 205 206 207 207 208 209 209 210 182 183 211 211 212 213 214 214 215 215 216 217 186 218 219 220 220 188 221 221 222 223 224 224 193
225 225 195 226 196 227 228 228 229 230 231 232 201 202 203 233 204 234 206 235 235 208 236 236 210 237 237 238 239 239 213 240 241 242 242 216 217 243 218 219 244 244 245 245 246 222 247 247 248 248
249 250 250 251 252 227 253 253 229 230 231 232 254 255 255 233 256 234 257 258 258 259 259 260 261 262 262 238 263 264 265 266 241 267 268 268 269 243 270 271 271 272 273 273 246 274 275 275 276 276
249 277 277 251 252 278 278 279 279 280 280 281 281 282 282 283 256 284 285 286 287 287 288 288 261 289 289 290 290 264 265 266 291 267 292 292 269 293 270 294 294 272 295 296 297 274 298 299 300 300
301 302 303 304 305 306 307 308 308 309 310 310 311 312 312 283 313 284 285 286 314 314 315 316 316 317 318 319 319 320 320 321 291 322 323 324 324 325 326 326 327 328 328 296 297 329 298 299 330 330
301 302 303 304 331 306 307 332 332 309 333 333 334 334 335 336 337 337 338 338 339 339 315 340 341 341 318 342 343 344 345 321 346 322 347 347 348 325 349 350 351 351 352 352 353 329 354 354 355 355
356 357 358 358 331 359 359 360 361 362 363 363 364 364 335 365 366 367 368 369 369 370 371 372 372 373 373 374 343 375 345 376 346 377 378 379 348 380 349 350 381 382 383 384 384 385 385 386 387 387
356 388 388 389 389 390 391 360 361 362 392 393 394 395 395 365 366 367 368 396 397 398 371 399 399 400 400 374 401 375 402 376 403 403 378 379 404 380 405 405 406 382 383 407 408 409 409 386 410 410
411 411 412 413 413 390 391 414 415 416 416 393 417 417 418 419 420 420 421 396 397 398 422 423 424 425 426 426 401 427 402 428 428 429 429 430 430 431 432 432 406 433 434 434 408 435 436 437 437 438
439 439 412 440 440 441 441 414 415 442 442 443 443 444 418 445 446 447 448 448 449 450 422 451 424 425 452 453 453 427 454 455 455 456 456 457 458 458 459 459 460 433 461 462 463 463 436 464 464 438
465 466 466 467 468 469 469 470 471 471 472 473 473 474 475 445 446 447 476 477 449 478 478 451 479 479 480 480 481 482 454 483 483 484 484 485 485 486 486 487 460 488 489 462 490 491 491 492 492 493
465 494 495 467 468 496 497 498 498 499 472 500 500 474 475 501 502 503 503 477 504 505 506 507 507 508 508 509 481 510 510 511 512 512 513 513 514 514 515 516 517 517 489 518 519 519 520 521 521 522
523 494 495 524 524 496 525 526 526 499 527 527 528 528 529 501 502 530 530 531 504 505 506 532 533 533 534 509 535 535 536 536 537 538 539 539 540 541 542 516 543 544 545 545 546 547 520 548 548 522
549 549 550 551 552 552 525 553 554 555 556 557 558 558 529 559 559 560 561 531 562 563 564 532 565 565 566 566 567 568 568 569 570 538 571 571 540 541 542 572 543 544 573 574 574 547 575 576 576 577
578 579 550 580 580 581 581 553 554 555 556 582 582 583 584 584 585 560 561 586 562 563 587 588 589 590 591 591 592 592 593 593 570 594 594 595 595 596 596 597 598 598 599 599 600 601 575 602 602 577
578 579 603 604 604 605 606 606 607 607 608 609 610 583 611 611 585 612 612 586 613 614 587 588 589 590 615 616 617 617 618 619 620 620 621 622 623 624 624 597 625 626 627 627 600 628 628 629 630 631
632 632 633 633 634 605 635 636 637 637 608 609 610 638 639 639 640 640 641 641 613 642 643 643 644 645 645 616 646 646 618 619 647 648 649 622 623 650 651 651 625 626 652 653 654 654 655 656 630 631
657 658 659 660 660 661 661 636 662 663 663 664 664 665 665 666 667 667 668 669 669 642 670 671 671 672 673 674 675 675 676 676 647 648 649 677 677 650 678 678 679 679 652 653 680 680 655 656 681 681
657 658 682 682 683 683 684 685 662 686 687 688 688 689 689 666 690 690 668 691 692 693 670 694 694 672 673 674 695 696 697 697 698 699 700 700 701 702 702 703 703 704 705 705 706 707 708 708 709 710
711 711 712 712 713 714 684 685 715 686 687 716 717 718 718 719 720 721 721 691 692 693 722 723 723 724 725 725 726 696 727 727 698 728 729 729 701 730 730 731 732 732 733 733 734 707 735 736 709 710
737 737 738 738 713 739 739 740 715 741 742 716 743 743 744 719 720 745 746 746 747 748 722 749 749 750 750 751 726 752 753 753 754 728 755 755 756 756 757 758 758 759 760 761 734 762 735 763 763 764
765 766 767 768 768 769 770 740 771 741 772 773 774 775 744 776 776 745 777 777 747 748 778 778 779 779 780 780 781 781 782 783 754 784 784 785 785 786 757 787 788 759 789 761 790 762 791 792 793 764
794 766 767 795 796 769 797 798 771 799 772 773 774 775 800 800 801 802 802 803 804 804 805 805 806 806 807 807 808 809 782 783 810 810 811 812 812 813 813 787 788 814 789 815 790 816 791 792 793 817
794 818 818 795 819 819 797 820 820 799 821 822 822 823 824 824 825 826 827 828 828 829 829 830 830 831 832 833 808 809 834 834 835 835 811 836 837 838 839 839 840 814 841 841 842 816 843 844 845 817
846 847 847 848 848 849 849 850 851 851 852 852 853 823 854 854 825 826 827 855 856 856 857 858 858 831 832 833 859 860 860 861 862 862 863 836 837 864 865 865 840 866 867 867 868 868 843 844 845 869
846 870 871 871 872 872 873 850 874 875 876 877 877 878 879 879 880 881 881 882 882 883 857 884 884 885 885 886 859 887 887 861 888 889 863 890 890 864 891 891 892 866 893 894 895 895 896 896 897 897
898 899 900 901 902 902 873 903 874 875 904 905 906 878 907 908 908 909 910 911 911 883 912 912 913 913 914 914 915 916 916 917 888 889 918 919 919 920 921 921 922 923 923 894 924 924 925 926 926 927
898 899 900 901 928 929 929 903 930 931 904 905 906 932 932 933 934 909 910 935 936 937 938 939 940 941 942 942 915 943 943 944 944 945 918 946 946 920 947 948 922 949 949 950 951 951 925 952 953 927
954 955 956 957 957 958 958 959 960 931 961 961 962 963 963 933 934 964 964 935 936 937 938 939 940 941 965 965 966 967 968 968 969 945 970 970 971 971 947 948 972 973 974 950 975 975 976 952 953 977
954 955 956 978 979 979 980 959 960 981 982 983 984 985 986 987 988 988 989 990 991 991 992 993 994 994 995 995 966 967 996 996 969 997 998 999 1000 1001 1002 1002 972 973 974 1003 1004 1004 976 1005 1005 977
1006 1007 1008 978 1009 1010 980 1011 1012 1013 982 983 984 985 986 987 1014 1014 989 990 1015 1015 1016 993 1017 1017 1018 1018 1019 1019 1020 1021 1021 997 998 999 1000 1001 1022 1023 1024 1024 1025 1003 1026 1026 1027 1027 1028 1028
1006 1007 1008 1029 1009 1030 1031 1011 1012 1013 1032 1032 1033 1033 1034 1034 1035 1035 1036 1036 1037 1038 1016 1039 1039 1040 1041 1042 1042 1043 1020 1044 1045 1046 1047 1048 1049 1049 1022 1023 1050 1051 1025 1052 1053 1053 1054 1054 1055 1055
1056 1056 1057 1029 1058 1030 1031 1059 1059 1060 1061 1062 1062 1063 1064 1064 1065 1065 1066 1066 1067 1038 1068 1068 1069 1069 1041 1070 1070 1043 1071 1071 1045 1046 1047 1048 1072 1073 1073 1074 1050 1051 1075 1052 1076 1076 1077 1078 1078 1079
1080 1081 1082 1082 1083 1084 1085 1086 1086 1060 1061 1087 1088 1089 1090 1091 1091 1092 1092 1093 1067 1094 1094 1095 1095 1096 1096 1097 1098 1099 1099 1100 1101 1102 1102 1103 1072 1104 1104 1074 1105 1105 1075 1106 1107 1107 1077 1108 1109 1110
1111 1081 1112 1112 1083 1113 1085 1114 1114 1115 1116 1087 1088 1089 1090 1117 1118 1119 1119 1093 1120 1120 1121 1122 1123 1124 1124 1097 1125 1126 1127 1127 1101 1128 1129 1103 1130 1131 1131 1132 1133 1133 1134 1106 1135 1135 1136 1136 1109 1110
1111 1137 1137 1138 1138 1113 1139 1140 1140 1115 1116 1141 1142 1143 1143 1117 1144 1144 1145 1145 1146 1147 1121 1122 1148 1149 1150 1150 1125 1126 1151 1152 1152 1153 1129 1154 1130 1155 1155 1156 1156 1157 1158 1159 1159 1160 1161 1161 1162 1162
1163 1163 1164 1165 1166 1167 1139 1168 1168 1169 1169 1170 1142 1171 1172 1172 1173 1174 1174 1175 1146 1147 1176 1177 1148 1178 1179 1180 1181 1182 1182 1183 1184 1153 1185 1154 1186 1187 1188 1188 1189 1189 1158 1190 1191 1160 1192 1193 1193 1194
1195 1196 1196 1165 1166 1167 1197 1198 1198 1199 1199 1170 1200 1200 1201 1201 1202 1202 1203 1175 1204 1204 1176 1177 1205 1178 1179 1180 1181 1206 1206 1183 1207 1207 1185 1208 1208 1187 1209 1209 1210 1210 1211 1190 1212 1212 1192 1213 1214 1194
1195 1215 1215 1216 1216 1217 1217 1218 1218 1219 1219 1220 1220 1221 1221 1222 1223 1223 1203 1224 1225 1226 1226 1227 1205 1228 1229 1229 1230 1231 1232 1233 1234 1234 1235 1235 1236 1237 1237 1238 1239 1240 1211 1241 1242 1243 1244 1244 1214 1245
1246 1247 1248 1248 1249 1250 1251 1251 1252 1252 1253 1254 1254 1255 1255 1222 1256 1256 1257 1257 1225 1258 1258 1227 1259 1260 1260 1261 1262 1231 1232 1233 1263 1263 1264 1265 1266 1266 1267 1267 1239 1240 1268 1241 1269 1243 1270 1270 1271 1271
1246 1247 1272 1272 1249 1250 1273 1274 1275 1276 1276 1277 1277 1278 1279 1279 1280 1281 1281 1282 1282 1283 1284 1285 1286 1286 1287 1287 1262 1288 1289 1289 1290 1290 1291 1265 1292 1292 1293 1293 1294 1295 1268 1296 1269 1297 1297 1298 1298 1299
1300 1300 1301 1302 1303 1304 1273 1274 1275 1305 1306 1306 1307 1308 1309 1310 1280 1311 1312 1313 1314 1283 1284 1285 1315 1316 1317 1317 1318 1318 1319 1319 1320 1320 1291 1321 1321 1322 1323 1324 1294 1295 1325 1325 1326 1326 1327 1328 1328 1299
1329 1329 1301 1302 1303 1330 1330 1331 1331 1305 1332 1332 1307 1308 1309 1310 1333 1311 1312 1313 1334 1334 1335 1336 1336 1316 1337 1338 1338 1339 1339 1340 1340 1341 1341 1342 1343 1343 1323 1324 1344 1344 1345 1345 1346 1346 1327 1347 1347 1348
7 46 96 20 22 33 31 71 47 86 50 18 80 1 69 8 0 13 28 47 89 99 9 1 23 98 81 16 77 50 5 54 4 38 22 15 48 86 22 58 61 26 37 58 46 41 74 61 71 79
4 7 92 72 12 83 28 40 71 45 36 51 30 68 31 22 29 13 0 32 29 93 58 22 13 68 5 33 74 18 10 73 22 10 1 58 82 39 30 59 46 30 80 48 26 62 95 63 12 52
49 66 37 79 25 65 38 41 32 87 96 81 59 84 91 46 46 52 57 69 85 15 58 43 86 65 50 38 65 97 10 54 87 93 92 25 79 43 6 7 38 48 86 72 19 40 80 58 16 9
2 46 92 53 36 13 67 10 56 10 15 42 15 51 96 89 22 89 67 24 25 73 16 0 64 77 49 40 54 51 43 72 33 63 5 15 10 65 40 32 89 15 44 69 24 30 43 81 62 25
84 93 42 29 90 7 53 16 79 59 32 10 55 9 55 12 59 32 19 41 24 77 4 9 53 11 42 64 4 69 88 30 30 85 10 99 10 83 2 7 91 71 57 32 7 28 13 74 5 53
83 97 54 23 80 67 6 66 93 47 44 14 15 62 72 34 52 96 22 88 99 2 9 22 34 14 40 12 13 41 91 69 3 71 34 94 25 81 57 28 19 7 98 3 1 10 54 78 54 74
60 63 25 61 5 70 2 4 48 42 50 17 78 41 96 20 36 93 74 2 87 92 46 22 83 48 87 8 46 68 76 3 95 9 49 9 86 97 27 17 3 89 64 6 37 59 33 66 71 0
14 46 28 95 31 73 45 40 33 41 84 84 20 76 8 75 58 52 85 83 0 6 48 99 31 73 64 90 35 97 72 11 88 86 4 54 25 5 62 88 31 7 98 78 24 9 90 35 41 13
46 62 53 92 81 16 43 97 58 21 88 3 42 49 3 87 82 9 93 66 86 51 24 89 58 27 6 84 20 22 4 54 57 44 76 4 60 69 25 30 98 38 12 51 90 19 33 56 56 64
96 67 76 8 85 28 16 10 72 98 57 20 30 22 93 86 69 37 70 57 84 51 89 6 36 26 71 54 1 49 59 88 10 62 70 86 36 71 15 53 42 55 74 49 20 38 14 48 49 8
41 70 66 75 61 81 83 61 78 34 41 25 47 50 55 87 66 16 56 32 41 17 53 44 1 55 58 52 77 80 77 71 38 71 37 76 85 12 74 13 95 55 51 64 96 42 89 99 2 3
89 3 44 72 77 1 89 41 6 26 94 83 40 92 53 48 10 25 13 85 75 79 20 30 49 46 97 11 45 10 65 11 18 46 69 96 73 87 96 29 10 7 96 40 11 13 36 87 17 48
55 78 44 81 38 15 46 54 86 32 74 12 33 63 14 66 68 11 38 20 71 19 65 63 67 58 77 75 82 20 82 47 9 8 2 96 40 58 10 61 59 44 7 48 43 83 61 29 52 74
48 43 13 0 18 77 58 24 61 21 55 36 91 26 8 78 54 79 92 48 1 75 66 91 2 53 76 57 31 73 82 18 53 87 91 94 81 11 46 37 12 62 1 20 96 91 95 68 37 66
17 28 91 43 18 60 90 84 26 15 45 26 79 50 75 89 22 35 63 53 19 61 31 56 95 41 41 63 3 86 62 99 59 70 61 45 65 70 11 90 97 66 13 76 74 47 76 8 47 95
85 38 38 13 30 93 72 42 57 1 76 91 91 8 2 24 29 60 90 37 13 54 83 49 63 11 16 20 70 55 89 77 23 56 79 36 58 56 8 40 29 43 5 94 37 53 65 73 38 4
58 11 97 69 63 74 10 23 65 93 50 65 42 28 5 30 90 92 10 88 0 4 7 84 55 62 8 16 68 9 74 66 84 38 34 63 77 35 62 0 92 90 74 1 2 52 58 26 76 49
86 39 44 28 3 98 49 83 37 99 88 45 47 23 89 88 54 32 54 20 34 37 58 72 68 37 60 37 14 41 61 38 30 29 52 91 48 60 96 84 3 79 45 40 92 59 65 0 13 86
97 91 28 48 93 99 31 32 89 69 14 98 98 50 76 34 73 59 72 79 37 96 2 8 94 44 22 28 77 69 5 47 66 95 3 61 28 41 36 4 72 59 3 6 0 81 91 5 5 84
63 76 11 9 26 62 77 40 16 6 42 60 73 16 5 31 11 90 53 92 58 54 30 74 85 76 2 57 61 39 59 38 73 53 63 41 82 52 61 33 85 49 50 19 26 81 30 3 53 68
58 80 97 43 95 44 32 34 79 14 83 21 91 2 52 7 11 72 58 67 67 61 48 2 20 39 4 51 12 79 28 12 93 36 43 65 56 65 86 93 94 52 64 99 33 12 65 57 5 37
47 25 86 52 39 70 77 56 8 0 47 19 61 66 12 44 22 63 48 0 52 25 48 57 10 15 29 45 22 13 84 55 58 83 81 66 40 34 69 20 80 49 43 26 56 32 53 94 2 69
31 50 81 28 76 59 73 27 69 51 54 37 30 47 37 88 23 94 68 50 54 10 92 95 52 91 41 32 87 6 14 90 5 95 51 52 65 36 88 10 23 62 56 98 42 84 74 71 32 27
41 51 90 23 12 22 90 46 36 86 38 2 21 65 14 15 81 92 3 79 24 86 4 1 96 31 39 49 71 0 25 27 73 77 86 62 30 13 42 13 67 81 74 21 7 22 22 62 3 70
84 73 90 1 5 18 70 31 21 26 77 80 12 4 15 3 65 37 40 70 72 44 42 76 55 43 47 67 35 42 16 20 42 42 33 24 79 29 70 22 77 6 58 37 81 14 73 6 2 17
49 9 52 21 65 57 28 73 36 97 96 8 20 82 28 32 93 1 60 47 82 4 60 10 13 56 5 58 10 55 60 43 52 13 30 47 53 24 97 43 43 69 55 94 53 73 89 12 77 11
66 23 17 20 53 49 88 44 20 83 10 96 49 55 60 62 51 77 32 86 46 38 59 73 46 26 58 75 50 83 13 10 47 12 3 33 57 31 52 6 63 26 14 52 15 97 75 54 10 53
46 32 9 65 62 48 86 18 71 75 16 5 52 6 52 39 91 42 60 41 19 38 77 98 33 18 71 57 13 46 96 27 56 14 34 86 71 29 85 54 10 55 1 34 71 0 26 72 64 9
22 54 67 84 33 37 3 66 21 99 39 31 78 2 73 46 60 18 60 50 92 59 63 80 29 83 85 60 71 86 45 38 46 50 64 0 29 78 33 79 80 78 73 82 40 52 92 76 76 19
99 37 16 83 87 68 66 25 22 81 42 80 97 44 87 35 46 62 23 31 30 72 50 24 12 4 47 80 35 15 29 17 84 67 74 72 43 38 22 29 41 28 48 0 43 51 23 84 38 8
71 78 1 76 76 12 69 9 15 83 52 4 85 54 73 98 78 46 45 16 18 18 34 44 7 6 83 19 24 91 37 94 73 5 27 25 74 68 56 28 22 96 94 32 78 66 59 41 1 35
78 66 63 63 29 14 73 62 12 27 82 33 43 76 19 88 62 30 2 61 80 3 39 96 36 43 25 21 92 86 35 83 82 18 21 37 30 32 63 4 63 29 39 26 72 60 81 94 10 4
94 58 75 82 52 25 23 13 28 8 57 29 33 20 63 98 99 37 72 77 51 63 17 69 3 37 44 55 43 27 30 17 15 50 15 59 12 22 20 9 87 72 90 14 55 20 16 83 52 80
64 26 86 21 65 55 27 30 56 0 60 70 64 74 17 86 73 46 63 64 42 45 11 45 98 17 70 17 6 91 12 36 44 21 12 90 84 27 78 39 74 83 23 75 54 8 88 6 46 0
95 73 58 41 17 90 83 53 66 90 53 3 12 84 18 24 97 6 75 98 17 61 46 55 11 55 88 36 83 2 64 47 50 26 92 98 36 5 32 57 16 80 51 34 62 56 44 91 89 39
48 11 96 2 30 13 50 97 59 30 90 69 55 65 49 85 79 67 59 56 55 44 1 7 28 83 87 18 80 95 21 14 32 71 37 28 82 31 85 37 25 53 20 87 53 98 28 94 99 92
2 89 68 21 64 51 0 80 89 47 65 28 9 25 29 85 67 15 91 49 18 15 75 45 21 94 57 67 55 35 3 90 6 76 4 66 76 11 12 79 39 49 93 3 19 43 13 60 83 78
73 16 31 24 62 37 66 36 90 51 60 69 52 96 25 51 64 68 6 73 70 38 44 88 88 2 0 12 23 83 2 96 23 2 26 10 15 99 89 53 60 12 33 48 47 84 53 68 92 36
89 86 79 94 21 9 39 92 58 77 21 19 73 92 84 17 82 69 77 8 85 85 79 88 41 70 98 58 25 59 39 33 73 88 56 43 3 98 82 47 26 85 16 41 0 73 99 6 53 41
88 74 63 72 30 95 48 49 58 59 33 54 67 7 50 22 10 86 28 92 16 81 83 71 69 72 41 44 25 51 53 34 16 30 27 45 3 17 7 57 82 20 33 18 73 25 35 26 38 22
21 48 46 20 13 49 30 45 7 42 42 71 4 68 12 57 8 99 21 3 18 10 40 87 0 83 32 82 66 62 62 40 2 34 49 3 79 6 8 63 20 61 21 21 23 92 56 26 2 61
67 93 46 79 63 47 13 46 8 8 36 73 83 52 47 0 85 14 32 55 83 36 47 99 38 19 73 38 94 46 36 41 11 47 22 68 46 70 99 65 47 24 35 78 4 98 95 10 89 5
51 73 11 51 86 43 64 55 52 66 25 47 36 19 91 52 49 33 58 60 30 18 45 19 35 81 59 12 77 1 51 19 94 53 54 26 58 53 99 78 20 77 26 23 17 85 28 11 58 78
19 33 98 8 23 92 51 43 98 66 48 12 84 64 49 26 41 53 40 53 11 14 20 86 27 59 83 95 90 66 36 67 55 38 29 22 67 11 9 6 0 23 70 83 58 93 86 53 16 85
77 79 25 89 32 61 99 41 35 28 0 72 28 96 81 37 83 40 11 36 53 99 12 83 78 15 73 89 29 96 45 59 76 99 81 82 71 11 93 95 21 5 21 7 21 64 77 94 94 2
51 87 25 54 68 9 38 67 21 70 76 45 74 57 94 59 85 82 33 72 61 63 42 89 97 91 88 46 84 71 49 40 35 56 64 46 25 94 8 15 34 35 32 81 76 10 27 70 13 93
17 15 77 83 4 73 57 77 91 26 39 12 16 29 21 84 0 78 62 84 66 81 67 42 48 91 59 7 46 13 14 77 44 26 46 21 33 76 26 6 77 0 92 31 56 99 15 58 18 43
31 99 56 20 95 11 21 24 43 14 38 52 25 9 35 41 85 36 61 25 30 5 2 63 50 1 58 23 22 25 40 23 22 97 30 17 28 12 36 76 83 99 74 1 80 77 11 95 41 71
63 20 85 11 29 66 76 95 9 37 40 17 50 60 69 90 74 59 82 68 80 86 60 34 47 60 87 44 57 92 49 10 62 28 61 59 3 21 4 35 25 63 89 58 31 20 4 38 77 43
56 69 17 91 71 51 58 33 93 85 68 97 58 40 34 69 83 25 34 94 27 80 22 60 48 31 48 85 39 41 30 97 45 14 12 99 20 73 24 52 12 98 19 97 85 4 45 47 62 43
