22 21
0 1 1 2 2 3 4 4 5 5 6 7 8 8 9 9 10 11 11 12 12 13 14 15 15 16 16 17 17 18 18 19 19 20 20 21 21 22 22 23 23 24 24 25 25 26 26 27 28 29
0 30 31 31 32 3 33 34 35 36 6 7 37 38 38 39 10 40 41 41 42 13 43 43 44 45 45 46 47 47 48 48 49 49 50 50 51 51 52 52 53 53 54 55 56 57 58 58 28 29
59 30 60 61 32 62 62 34 35 63 64 65 66 67 68 69 69 70 70 71 72 73 73 74 44 75 75 46 76 76 77 78 79 80 80 81 82 83 83 84 84 85 54 86 56 57 87 87 88 89
59 90 60 61 91 92 92 93 94 63 64 65 66 67 68 95 96 96 97 98 72 99 100 101 101 102 102 103 104 105 106 78 107 108 108 81 82 109 110 110 111 112 112 86 113 113 114 115 88 89
116 117 118 118 91 119 119 93 120 120 121 121 122 122 123 123 124 125 97 98 126 99 127 128 128 129 130 103 104 105 106 131 107 132 132 133 133 109 134 135 136 136 137 138 138 139 114 140 140 141
142 117 143 143 144 145 146 146 147 147 148 149 150 151 152 153 153 125 154 155 156 157 127 158 158 129 130 159 160 160 161 162 163 163 164 164 165 165 134 135 166 167 168 169 170 139 171 172 172 141
142 173 174 175 144 145 176 176 177 177 148 149 150 151 152 178 179 180 154 155 156 181 182 183 183 184 184 159 185 185 161 162 186 186 187 188 188 189 189 190 166 167 168 169 170 191 171 192 192 193
194 194 174 175 195 196 196 197 197 198 198 199 200 201 202 178 179 203 204 205 205 181 182 206 206 207 208 209 209 210 210 211 211 212 187 213 214 215 216 190 217 218 219 219 220 191 221 222 223 223
224 225 226 227 195 228 229 229 230 230 231 231 200 201 232 233 233 203 204 234 235 236 237 237 238 238 208 239 239 240 241 241 242 212 243 213 244 215 245 246 217 247 247 248 249 250 221 222 251 251
224 225 226 252 252 228 253 253 254 254 255 256 257 257 232 258 259 259 260 234 235 236 261 262 262 263 264 264 265 240 266 266 267 267 268 269 244 270 245 271 271 272 273 274 249 275 275 276 276 277
278 278 279 279 280 281 281 282 283 283 255 256 284 284 285 258 286 287 260 288 288 289 289 290 291 291 292 292 265 293 294 294 295 295 268 296 296 297 297 298 298 272 273 274 299 299 300 301 301 277
302 303 304 305 306 307 307 308 309 310 310 311 312 313 285 314 286 315 316 317 318 318 319 320 321 322 322 323 323 324 324 325 325 326 326 327 327 328 328 329 329 330 330 331 332 332 300 333 334 334
302 335 304 305 306 336 337 308 309 338 339 311 340 313 341 342 342 315 316 343 343 344 319 320 345 345 346 347 348 349 349 350 351 351 352 353 354 354 355 356 357 357 358 358 359 360 360 361 362 363
364 335 365 366 366 336 337 367 368 338 369 369 340 370 370 371 371 372 373 374 374 344 375 376 377 378 378 347 348 379 379 380 381 382 352 353 383 383 355 384 385 386 386 387 359 388 389 361 362 363
390 390 391 391 392 392 393 367 394 394 395 395 396 396 397 397 398 372 373 399 400 400 375 376 401 401 402 402 403 403 404 380 381 382 405 405 406 406 407 384 408 408 409 410 410 411 389 412 412 413
414 415 416 417 417 418 419 420 420 421 422 422 423 424 425 426 398 427 428 428 429 430 431 432 432 433 433 434 435 435 404 436 437 437 438 438 439 439 440 441 442 443 409 444 445 411 446 446 447 413
414 415 448 449 450 418 419 451 452 453 453 454 423 424 425 426 455 455 456 457 429 430 431 458 458 459 460 461 462 462 463 463 464 464 465 466 466 467 440 441 442 468 469 444 445 470 471 471 447 472
473 473 448 449 450 474 474 451 475 475 476 454 477 477 478 478 479 480 481 457 482 483 483 484 485 459 460 461 486 486 487 487 488 489 490 491 491 467 492 493 494 468 495 496 496 497 498 499 500 500
501 502 503 504 504 505 505 506 507 507 476 508 509 509 510 511 511 480 481 512 482 513 514 484 515 516 517 518 519 520 521 522 488 523 490 524 524 525 492 526 494 527 495 528 528 497 498 499 529 529
501 502 503 530 530 531 532 533 534 535 536 508 537 537 510 538 539 540 540 512 541 513 514 542 515 516 517 518 519 520 521 543 544 523 545 545 546 547 547 526 548 527 549 549 550 550 551 552 553 553
554 555 556 556 557 531 532 533 534 535 536 558 559 560 560 538 539 561 561 562 541 563 563 564 565 566 566 567 568 568 569 543 570 571 572 572 546 573 574 574 575 575 576 576 577 577 551 578 579 579
554 555 580 580 557 581 582 583 584 584 585 585 559 586 587 587 588 588 589 589 590 591 592 564 565 593 593 567 594 594 569 595 570 571 596 597 597 598 598 599 599 600 600 601 601 602 602 578 603 604
605 605 606 607 607 581 582 583 608 608 609 609 610 586 611 611 612 613 614 615 616 591 592 617 618 618 619 620 620 621 622 623 623 624 596 625 626 627 628 629 629 630 630 631 631 632 632 633 603 604
634 634 635 635 636 636 637 638 638 639 639 640 641 642 643 643 612 613 644 615 616 645 645 646 646 647 619 648 648 621 649 650 651 652 653 625 626 654 628 655 655 656 657 658 658 659 660 633 661 662
663 663 664 665 665 666 667 667 668 669 669 640 641 642 670 671 671 672 644 673 673 674 675 676 677 647 678 678 679 679 649 650 651 652 653 680 681 654 682 683 684 684 657 685 685 659 660 686 661 687
688 688 664 689 689 666 690 690 668 691 692 693 693 694 670 695 696 672 697 698 698 674 699 676 677 700 700 701 701 702 703 703 704 704 705 680 681 706 682 683 707 708 709 709 710 711 711 686 712 687
713 713 714 714 715 716 716 717 718 691 692 719 719 720 721 695 696 722 722 723 724 724 699 725 726 726 727 727 728 702 729 729 730 730 705 731 731 732 732 733 707 708 734 735 736 736 737 738 738 739
740 741 741 742 715 743 744 744 718 745 745 746 746 720 747 748 748 749 750 751 751 752 753 725 754 755 755 756 756 757 758 758 759 759 760 760 761 762 763 733 764 765 734 735 766 767 767 768 769 739
770 770 771 742 772 772 773 774 774 775 776 777 777 778 747 779 780 749 750 781 781 752 782 783 754 784 785 786 786 787 787 788 788 789 789 790 761 791 763 792 792 765 793 794 794 795 796 797 769 798
799 800 800 801 801 802 803 804 805 805 776 806 806 778 807 779 780 808 809 809 810 811 782 783 812 784 813 814 815 816 817 818 818 819 820 790 821 791 822 823 823 824 825 826 826 827 796 797 828 828
799 829 829 830 831 802 803 804 832 833 834 834 835 835 807 836 836 808 837 838 810 811 839 839 812 840 813 814 841 816 817 842 842 819 820 843 821 844 822 845 845 824 825 846 846 827 847 847 848 849
850 851 852 830 831 853 854 855 832 856 857 857 858 859 860 861 862 862 837 838 863 864 864 865 865 866 866 867 841 868 869 869 870 871 871 872 873 873 874 874 875 875 876 877 878 878 879 880 848 849
850 851 852 881 882 882 854 883 883 856 884 884 858 859 885 861 886 887 888 889 890 891 891 892 892 893 894 867 895 868 896 896 870 897 897 872 898 899 899 900 900 901 876 902 902 903 879 904 904 905
906 906 907 907 908 908 909 909 910 911 912 912 913 913 885 914 914 887 888 915 890 916 916 917 917 893 894 918 895 919 919 920 921 922 922 923 898 924 925 926 926 901 927 927 928 903 929 930 931 905
932 932 933 934 934 935 936 937 910 938 938 939 939 940 941 941 942 943 944 915 945 945 946 947 948 948 949 918 950 950 951 920 921 952 953 953 954 955 925 956 957 958 959 959 928 960 960 930 931 961
962 963 933 964 965 965 936 937 966 966 967 968 968 940 969 970 970 943 944 971 972 973 946 974 974 975 976 977 978 978 951 979 980 952 981 981 954 955 982 956 957 983 983 984 985 986 987 988 988 961
962 963 989 964 990 991 992 992 993 993 994 994 995 996 969 997 998 999 1000 971 972 1001 1002 1002 1003 975 976 977 1004 1005 1006 979 980 1007 1008 1008 1009 1010 982 1011 1012 1013 1013 984 985 1014 987 1015 1016 1017
1018 1019 989 1020 990 1021 1022 1022 1023 1023 1024 1024 995 996 1025 997 998 1026 1000 1027 1028 1001 1029 1030 1031 1032 1033 1034 1034 1005 1035 1036 1036 1007 1037 1037 1009 1010 1038 1011 1012 1039 1039 1040 1040 1014 1041 1015 1016 1017
1018 1019 1042 1020 1043 1021 1044 1045 1045 1046 1047 1048 1049 1049 1025 1050 1051 1026 1052 1027 1028 1053 1054 1030 1031 1032 1055 1056 1056 1057 1035 1058 1058 1059 1059 1060 1061 1062 1062 1063 1063 1064 1064 1065 1065 1066 1041 1067 1068 1068
1069 1070 1070 1071 1043 1072 1072 1073 1074 1046 1047 1075 1076 1077 1077 1050 1078 1078 1052 1079 1079 1053 1054 1080 1081 1081 1055 1082 1083 1083 1084 1084 1085 1086 1086 1060 1061 1087 1088 1088 1089 1090 1090 1091 1091 1092 1092 1093 1094 1094
1069 1095 1095 1096 1096 1097 1097 1073 1074 1098 1099 1075 1076 1100 1101 1102 1102 1103 1103 1104 1104 1105 1106 1106 1107 1108 1109 1110 1111 1111 1112 1112 1113 1114 1115 1116 1116 1087 1117 1117 1089 1118 1119 1120 1120 1121 1122 1093 1123 1123
1124 1124 1125 1126 1126 1127 1127 1128 1129 1129 1099 1130 1130 1100 1131 1132 1132 1133 1134 1134 1135 1135 1136 1136 1107 1108 1109 1110 1137 1138 1139 1140 1113 1114 1115 1141 1142 1143 1143 1144 1144 1118 1119 1145 1145 1121 1146 1147 1148 1149
1150 1150 1125 1151 1151 1152 1153 1153 1154 1154 1155 1156 1156 1157 1131 1158 1158 1159 1160 1160 1161 1162 1162 1163 1164 1164 1165 1166 1137 1138 1139 1140 1167 1167 1168 1168 1142 1169 1170 1171 1172 1172 1173 1174 1174 1175 1146 1147 1176 1149
1177 1178 1179 1179 1180 1152 1181 1181 1182 1182 1155 1183 1183 1157 1184 1185 1186 1159 1187 1187 1161 1188 1188 1163 1189 1189 1165 1190 1191 1191 1192 1193 1193 1194 1194 1195 1195 1169 1170 1196 1197 1198 1173 1199 1199 1200 1200 1201 1176 1202
1177 1178 1203 1204 1180 1205 1206 1207 1208 1209 1210 1211 1212 1212 1184 1185 1186 1213 1214 1215 1216 1217 1218 1218 1219 1219 1220 1190 1221 1222 1192 1223 1223 1224 1224 1225 1226 1226 1227 1196 1197 1228 1228 1229 1229 1230 1230 1201 1231 1202
1232 1233 1203 1204 1234 1205 1206 1207 1208 1209 1210 1211 1235 1236 1236 1237 1237 1213 1238 1215 1216 1239 1240 1241 1241 1242 1242 1243 1221 1244 1245 1245 1246 1247 1248 1225 1249 1249 1227 1250 1250 1251 1252 1253 1254 1254 1255 1256 1257 1257
1232 1233 1258 1258 1259 1259 1260 1260 1261 1261 1262 1263 1263 1264 1264 1265 1266 1266 1238 1267 1268 1239 1240 1269 1270 1270 1271 1272 1273 1244 1274 1275 1276 1247 1248 1277 1277 1278 1279 1279 1280 1251 1252 1253 1281 1282 1255 1256 1283 1284
1285 1285 1286 1286 1287 1288 1288 1289 1290 1290 1262 1291 1291 1292 1293 1265 1294 1294 1295 1267 1268 1296 1296 1297 1298 1299 1299 1272 1300 1300 1274 1301 1276 1302 1302 1303 1304 1305 1305 1306 1280 1307 1308 1309 1309 1282 1310 1310 1283 1284
1311 1311 1312 1312 1287 1313 1314 1315 1315 1316 1317 1318 1318 1292 1319 1319 1320 1321 1322 1322 1323 1324 1324 1297 1298 1325 1325 1326 1327 1327 1328 1301 1329 1330 1330 1331 1304 1332 1332 1306 1333 1333 1308 1334 1334 1335 1336 1336 1337 1338
1339 1340 1340 1341 1341 1313 1314 1342 1342 1316 1343 1343 1344 1344 1345 1345 1320 1321 1346 1346 1347 1347 1348 1348 1349 1350 1350 1326 1351 1351 1328 1352 1329 1353 1353 1331 1354 1354 1355 1355 1356 1356 1357 1357 1358 1358 1359 1359 1337 1338
47 85 38 60 93 85 51 9 39 29 72 10 47 12 37 54 1 34 19 6 32 75 21 88 33 91 70 93 45 78 18 87 75 15 49 41 66 67 81 87 52 4 5 2 93 46 91 7 40 1
39 5 11 73 43 25 30 36 48 93 55 10 67 91 8 81 67 96 38 13 28 21 22 16 27 26 92 45 82 7 11 96 14 26 9 96 57 6 27 15 52 73 93 64 36 41 97 55 78 18
6 89 41 39 43 6 42 70 87 55 97 36 68 33 49 91 75 58 49 10 31 19 36 4 89 80 96 64 92 35 73 50 11 25 69 42 88 5 45 7 53 15 73 24 81 2 32 26 74 47
81 8 11 66 67 3 3 26 10 12 69 62 75 76 38 42 71 46 18 22 76 38 95 21 80 8 71 70 16 39 71 70 56 18 54 48 71 92 80 73 17 68 47 72 79 28 8 60 29 15
48 55 35 46 47 4 62 80 38 94 3 9 96 92 42 98 19 70 39 32 11 15 1 2 56 45 73 98 84 91 96 15 29 27 14 67 43 7 14 94 61 46 12 18 66 73 0 9 77 46
47 80 87 91 34 64 63 62 62 43 36 13 76 64 73 26 12 32 33 13 6 35 8 55 62 30 78 66 5 98 40 9 96 93 38 3 75 77 95 81 80 49 5 95 43 15 12 73 54 84
81 77 38 11 46 34 91 90 6 35 2 84 61 3 8 34 10 71 0 47 47 71 48 28 12 56 75 47 42 43 23 88 69 46 53 71 64 57 82 93 51 27 20 12 13 10 58 89 8 29
95 81 65 92 84 90 42 31 42 46 44 34 4 5 43 73 35 61 71 59 68 93 80 19 37 4 31 46 33 0 61 60 88 81 13 31 67 52 60 23 2 61 51 9 93 8 28 65 1 80
56 29 25 64 43 61 70 86 47 10 54 46 39 96 5 45 98 38 50 72 75 50 45 30 43 68 37 55 89 24 77 90 78 10 36 25 42 25 56 2 66 4 58 31 35 30 72 30 95 74
55 33 21 54 97 35 33 91 32 79 70 11 2 59 64 57 20 67 87 25 85 67 98 62 64 36 92 96 71 3 15 14 55 34 73 78 27 33 22 86 28 4 41 92 52 93 8 92 31 91
37 91 88 40 10 35 76 89 76 94 13 75 22 51 87 58 31 96 16 50 37 82 99 87 24 52 65 3 45 47 94 81 94 68 23 63 35 27 64 99 96 27 87 99 73 96 37 17 29 13
90 11 69 67 94 74 44 8 88 31 15 4 22 67 60 43 26 52 97 41 48 33 54 21 12 71 3 27 76 82 60 82 64 80 45 63 26 32 70 44 91 44 81 74 14 9 9 40 45 11
65 7 79 78 55 11 96 98 74 17 26 29 7 0 9 9 72 89 46 7 2 75 35 87 26 81 74 2 10 39 61 10 63 24 17 66 60 45 92 14 10 10 29 56 47 19 15 10 97 8
38 57 0 47 91 84 95 9 57 2 83 99 14 40 13 29 8 64 35 84 14 97 67 31 39 47 66 67 23 41 74 20 47 26 51 72 33 57 73 97 98 19 92 5 52 10 60 63 27 52
15 58 28 51 5 27 22 8 78 80 20 63 1 5 84 82 19 99 22 1 77 92 63 16 10 36 24 73 19 40 58 46 45 73 57 96 82 85 22 15 6 31 26 33 22 79 86 34 99 11
80 85 96 80 55 36 54 96 81 5 58 42 49 75 15 76 6 63 19 70 55 90 41 60 35 55 59 97 72 5 72 42 12 63 80 57 14 27 82 4 80 88 97 4 48 80 65 25 44 19
53 5 20 77 47 33 75 67 84 89 29 16 5 92 26 49 42 52 33 21 4 57 72 31 41 30 38 98 16 39 51 37 46 3 71 3 49 68 99 41 41 85 16 34 5 75 34 8 60 76
42 9 51 56 61 85 67 96 79 20 19 50 37 18 89 30 16 0 96 50 36 41 57 98 84 18 51 44 42 85 83 51 16 29 52 58 59 69 52 84 13 76 70 66 85 26 55 14 85 4
87 38 16 6 33 24 37 55 10 59 4 3 88 77 28 27 32 80 31 12 16 19 40 43 39 37 99 71 2 70 6 21 49 79 49 73 38 23 57 77 19 63 30 40 21 29 51 85 70 20
7 81 38 54 73 46 85 47 53 38 29 44 21 52 31 60 91 8 69 89 50 56 20 46 81 56 81 12 12 78 54 63 5 87 57 58 91 67 74 42 64 68 78 85 64 33 70 89 61 43
12 74 44 38 7 63 10 91 95 68 66 88 39 36 62 46 36 99 59 83 62 84 75 77 36 91 98 88 44 14 74 51 91 67 53 0 23 16 89 60 96 96 64 32 69 17 89 82 34 21
64 28 41 50 2 95 24 2 68 22 61 10 66 12 12 63 32 67 97 27 39 56 13 77 36 35 52 71 71 90 32 34 21 46 77 11 26 32 69 79 73 27 7 20 16 6 33 67 28 66
66 18 10 91 15 77 62 11 24 47 82 75 45 11 84 49 19 46 79 62 54 2 79 46 72 85 64 36 9 73 67 25 99 8 60 68 35 59 25 60 43 83 71 48 48 36 74 27 38 47
41 26 24 30 3 53 84 23 68 32 18 72 68 35 44 86 39 82 84 62 66 86 92 74 1 84 81 40 90 11 82 1 65 52 75 50 50 63 94 3 42 91 17 5 55 43 92 38 81 35
84 56 0 13 1 46 74 28 80 36 64 8 87 8 12 41 75 68 90 1 2 63 26 37 58 52 69 64 97 98 9 78 23 49 66 68 66 39 44 73 12 89 85 4 36 55 35 42 78 12
76 96 56 78 11 41 87 82 70 2 26 62 68 33 13 73 59 45 53 91 25 82 15 18 85 93 6 81 82 69 29 27 25 82 64 98 66 73 56 26 72 53 30 49 20 58 38 3 83 45
78 25 12 11 49 74 35 91 66 75 8 9 33 57 61 58 1 16 19 42 90 55 59 20 94 8 23 53 82 17 25 94 88 98 87 88 42 59 23 1 18 59 86 61 40 5 96 60 4 40
87 93 82 76 1 65 97 13 61 43 52 63 32 3 60 0 77 34 27 89 33 85 42 82 29 85 6 80 76 5 30 82 96 28 78 63 27 68 49 49 50 58 44 32 0 11 21 26 20 53
19 57 96 23 5 53 74 81 26 16 68 44 5 31 57 74 1 88 36 11 48 41 50 76 47 54 64 99 23 55 60 19 28 26 8 31 84 5 31 87 30 32 76 73 88 21 57 19 0 39
0 73 73 58 36 95 14 62 63 85 53 36 12 7 91 18 66 65 50 63 47 37 47 75 44 42 46 4 55 88 1 3 77 14 12 63 0 74 69 39 92 85 75 15 91 34 23 87 39 95
73 23 99 77 67 36 42 74 73 44 93 97 66 17 50 75 51 39 42 16 33 48 2 12 48 58 6 35 90 70 2 50 9 68 92 89 52 39 13 26 87 33 3 38 60 67 12 37 28 77
75 16 52 12 46 81 36 33 1 57 25 67 92 98 10 67 69 73 33 94 37 66 88 99 72 15 71 61 79 44 58 85 4 25 90 93 98 38 47 73 99 65 78 47 2 40 82 28 62 4
66 1 8 11 98 59 71 56 84 33 64 58 15 61 5 47 82 93 4 90 15 54 31 13 43 54 46 50 48 64 35 37 31 98 89 86 87 19 84 64 96 31 42 19 77 55 84 77 89 21
98 91 43 68 49 2 51 69 71 20 35 41 38 33 91 49 31 49 75 56 91 2 47 25 87 28 67 18 38 17 90 21 31 80 48 72 15 15 52 28 15 54 61 46 70 7 51 60 85 62
42 30 62 26 81 92 20 61 59 33 78 73 34 17 74 25 73 71 34 39 14 83 88 24 49 9 48 34 73 55 61 51 81 43 68 43 93 5 36 47 72 33 69 47 13 59 39 21 72 41
83 24 35 83 88 89 60 88 73 9 94 55 74 33 86 30 93 7 43 55 95 37 6 37 81 46 85 14 82 9 16 37 19 20 67 58 48 88 14 95 17 34 92 25 62 44 58 57 33 33
48 64 49 6 87 79 89 10 69 79 58 93 71 47 94 86 80 23 18 34 68 5 94 40 23 54 99 95 76 7 48 67 26 28 1 5 61 72 76 80 46 31 38 44 15 69 93 33 96 32
54 96 40 2 39 89 83 54 5 27 0 56 58 26 72 87 33 59 10 71 99 5 43 86 0 61 78 46 58 52 27 38 27 56 0 41 55 95 91 57 29 8 80 7 25 88 92 94 81 31
10 6 34 65 98 93 73 96 88 35 97 50 24 93 71 27 52 2 82 94 85 98 74 20 26 70 56 67 50 60 16 31 19 83 84 33 11 6 4 44 29 60 18 6 71 66 90 63 44 44
97 30 0 64 72 55 49 18 90 99 58 57 50 8 54 13 51 99 25 89 50 77 31 98 11 4 79 28 75 94 31 89 1 0 53 90 58 93 19 54 56 74 51 53 58 65 17 73 94 2
22 80 54 99 92 28 30 6 49 21 28 98 80 94 92 94 55 42 17 37 27 15 2 57 27 82 11 13 46 63 50 22 42 90 18 74 51 73 40 11 90 78 63 50 1 40 51 71 6 94
48 89 64 83 45 94 89 66 19 66 43 93 30 52 0 88 75 71 56 21 89 85 14 90 68 1 9 31 74 68 63 46 56 4 24 76 18 68 32 84 32 42 93 36 23 21 41 3 88 76
3 33 10 17 8 56 22 39 53 32 88 94 49 87 91 42 90 44 77 91 63 96 49 42 96 7 68 88 80 36 15 20 12 48 25 36 62 92 75 37 80 80 51 78 8 67 39 42 15 31
0 49 28 4 25 35 70 70 7 47 77 8 9 57 11 39 17 23 61 93 3 89 28 88 3 13 93 80 23 50 99 11 98 59 55 14 32 69 82 8 17 12 13 91 39 40 46 86 71 66
27 44 21 38 68 64 73 0 54 40 45 39 65 53 98 86 74 14 88 54 29 69 55 3 13 42 31 17 96 97 19 12 65 18 56 32 44 35 46 4 15 5 39 73 1 98 42 30 2 39
40 5 42 94 10 15 34 85 27 86 30 43 77 32 72 23 46 68 11 8 64 66 42 39 69 87 42 43 84 25 19 14 44 94 85 3 48 10 48 31 27 42 68 38 1 52 52 17 56 5
5 53 13 23 69 38 4 34 76 37 93 12 69 56 76 66 76 20 10 30 52 89 81 6 17 58 58 89 51 36 61 33 25 28 62 60 3 59 55 45 19 30 92 53 1 93 73 72 91 54
65 8 33 11 36 62 0 46 16 36 24 64 23 61 81 73 2 76 29 10 45 45 83 88 42 31 49 73 59 91 16 36 42 32 45 0 55 2 17 48 56 94 43 36 53 18 83 27 63 78
20 16 54 3 96 66 67 79 7 80 31 80 64 9 77 16 80 98 0 36 76 10 44 48 68 63 12 99 40 37 14 71 17 33 70 76 68 14 20 57 17 35 76 42 64 85 29 97 81 33
83 84 22 20 61 56 55 67 32 27 56 54 89 57 9 51 22 27 77 63 87 56 27 14 18 52 29 48 26 6 8 35 16 7 26 9 39 71 43 61 15 62 41 52 64 48 94 23 42 63
