5 17
0 0 1 2 2 3 4 4 5 5 6 7 7 8 9 10 11 12 12 13 13 14 14 15 15 16 16 17 18 18 19 20 20 21 22 23 24 25 25 26 27 28 29 29 30 31 31 32 32 33
34 34 35 35 36 3 37 38 38 39 39 40 40 41 9 10 42 42 43 43 44 45 46 47 48 49 50 50 51 52 19 53 53 21 54 23 24 55 56 56 27 28 57 57 58 58 59 59 60 60
61 62 63 64 36 65 37 66 67 67 68 68 69 41 70 71 72 72 73 73 44 45 46 47 48 49 74 74 51 75 76 76 77 78 54 79 80 55 81 81 82 82 83 84 85 85 86 86 87 87
61 62 63 64 88 89 89 66 90 91 92 92 93 94 70 71 95 96 97 97 98 98 99 99 100 100 101 102 102 75 103 104 104 78 105 79 80 106 106 107 107 108 83 84 109 110 110 111 112 112
113 113 114 115 88 116 117 118 90 119 120 120 93 121 122 122 95 123 123 124 124 125 125 126 127 128 129 129 130 131 103 132 132 133 105 134 135 135 136 136 137 108 138 139 140 141 141 111 142 143
144 145 114 146 146 116 117 118 147 119 148 149 149 121 150 151 151 152 153 153 154 154 155 155 127 128 156 157 130 158 158 159 160 133 161 134 162 162 163 163 137 164 164 139 140 165 165 166 142 143
144 145 167 167 168 168 169 169 147 170 170 171 171 172 150 173 174 175 175 176 176 177 177 178 178 179 179 157 180 181 181 159 160 182 183 183 184 184 185 186 187 187 188 188 189 190 190 191 191 192
193 194 194 195 196 196 197 198 199 200 201 201 202 203 203 173 204 204 205 206 206 207 207 208 209 210 211 212 213 214 215 215 216 182 217 218 219 220 185 186 221 221 222 222 189 223 224 225 226 226
227 227 228 195 229 229 197 198 199 200 230 230 231 231 232 232 233 233 234 234 235 236 236 208 209 210 211 212 213 214 237 237 238 238 217 218 219 239 239 240 240 241 241 242 242 223 224 225 243 244
245 246 246 247 247 248 249 250 250 251 251 252 253 253 254 254 255 255 256 256 257 258 258 259 259 260 261 262 263 263 264 264 265 266 267 268 269 269 270 270 271 272 272 273 274 274 275 276 276 244
277 277 278 279 279 248 249 280 280 281 281 252 282 283 283 284 284 285 286 286 257 287 288 289 289 260 261 262 290 291 291 292 265 266 293 268 294 294 295 296 296 297 298 298 299 300 300 301 301 302
303 303 278 304 304 305 305 306 307 308 308 309 282 310 310 311 312 285 313 313 314 315 288 316 317 317 318 318 290 319 320 292 321 321 293 322 323 323 295 324 325 325 326 327 299 328 329 329 330 330
331 332 333 334 334 335 336 337 307 338 338 339 340 340 341 311 342 343 344 344 314 315 345 345 346 346 347 348 349 319 320 350 350 351 351 322 352 353 354 355 356 356 326 357 357 328 358 358 359 360
331 332 333 361 362 363 336 337 364 365 366 339 367 368 369 370 342 343 371 371 372 373 374 374 375 375 347 348 349 376 377 378 379 380 380 381 352 353 354 355 382 383 383 384 385 386 387 388 389 360
390 390 391 391 362 363 392 393 364 365 366 394 367 368 369 370 395 396 396 397 398 373 399 399 400 400 401 402 403 403 377 378 379 404 404 405 405 406 406 407 408 409 409 384 385 386 387 388 389 410
411 412 413 413 414 414 392 393 415 416 416 394 417 417 418 419 419 420 420 421 398 422 423 424 425 425 401 402 426 427 427 428 429 429 430 431 432 432 433 433 408 434 434 435 435 436 436 437 438 410
411 439 439 440 440 441 442 442 443 444 445 445 446 447 418 448 449 450 451 421 452 422 423 424 453 453 454 455 426 456 457 458 459 460 461 431 462 462 463 463 464 464 465 465 466 467 467 437 468 468
469 470 470 471 471 441 472 472 443 444 473 473 474 447 475 475 449 476 451 477 478 479 480 480 481 481 454 482 483 484 457 458 459 460 461 485 486 486 487 487 488 489 489 490 490 491 491 492 493 494
495 495 496 497 497 498 498 499 499 500 500 501 474 502 502 503 503 476 504 504 478 479 505 506 506 507 508 482 509 484 510 510 511 511 512 485 513 513 514 514 488 515 516 516 517 518 519 492 493 494
520 521 522 523 524 524 525 525 526 526 527 528 529 529 530 530 531 531 532 533 533 534 505 535 535 507 536 536 509 537 537 538 539 539 512 540 540 541 542 542 543 544 544 545 545 518 519 546 546 547
520 521 522 523 548 549 549 550 551 551 527 528 552 553 554 554 555 555 532 556 557 557 558 559 560 560 561 561 562 562 563 563 564 565 565 566 567 541 568 568 543 569 569 570 570 571 571 572 572 547
573 574 574 575 548 576 577 577 578 579 580 580 552 553 581 581 582 583 583 556 584 584 558 559 585 585 586 587 588 588 589 589 564 590 591 566 592 592 593 594 595 596 596 597 598 599 600 600 601 601
573 602 603 603 604 576 605 606 578 607 607 608 609 609 610 610 611 612 613 614 615 615 616 616 617 617 586 587 618 618 619 620 620 590 591 621 622 622 593 594 595 623 624 597 598 625 625 626 627 627
628 628 629 629 604 630 605 631 631 632 632 608 633 634 635 635 611 612 613 636 636 637 638 638 639 639 640 641 642 643 643 644 645 645 646 621 647 647 648 649 650 623 651 651 652 652 653 654 655 656
657 658 659 660 660 630 661 662 662 663 664 664 633 665 665 666 666 667 668 669 669 637 670 670 671 671 640 641 672 673 674 674 675 676 676 677 677 678 679 649 650 680 680 681 681 682 683 654 655 656
657 658 684 685 686 687 661 688 689 663 690 691 691 692 692 693 694 667 695 695 696 697 698 699 700 701 702 702 672 673 703 704 675 705 705 706 706 678 679 707 708 708 709 709 710 710 683 711 711 712
713 714 684 685 686 687 715 688 716 717 718 719 720 720 721 693 722 722 723 724 724 697 698 699 725 701 726 726 727 728 703 704 729 729 730 730 731 732 733 734 735 736 736 737 737 738 738 739 740 740
713 714 741 741 742 742 715 743 716 744 718 719 745 746 747 747 748 749 749 750 750 751 752 752 725 753 754 754 727 755 756 757 758 759 760 761 731 732 733 734 735 762 763 763 764 765 765 739 766 766
767 767 768 768 769 769 770 770 771 744 772 773 745 774 775 775 748 776 776 777 777 751 778 779 780 780 781 782 783 755 756 784 758 759 760 785 786 787 787 788 789 762 790 791 792 793 794 794 795 795
796 796 797 798 799 800 800 801 801 802 772 773 803 774 804 805 806 806 807 807 808 808 778 779 809 809 781 782 783 810 810 784 811 811 812 785 813 814 815 788 789 816 816 791 792 793 817 818 818 819
820 821 822 798 799 823 824 824 825 802 826 827 828 828 804 829 829 830 830 831 831 832 832 833 834 834 835 836 837 837 838 839 840 840 812 841 813 814 842 843 844 845 845 846 847 848 848 849 850 850
820 821 822 851 851 823 852 853 825 854 826 855 855 856 856 857 858 859 859 860 860 861 862 833 863 864 835 836 865 865 838 839 866 866 867 841 868 868 842 843 844 869 870 846 871 872 873 874 874 875
876 876 877 878 879 880 852 853 881 881 882 882 883 883 884 857 885 885 886 887 887 888 862 889 863 864 890 891 892 892 893 893 894 894 867 895 896 896 897 898 899 869 870 900 871 872 873 901 901 875
902 902 877 878 879 880 903 904 904 905 906 907 907 908 884 909 909 910 886 911 912 888 913 889 914 915 915 891 916 916 917 918 919 919 920 895 921 922 897 898 899 923 924 900 925 925 926 927 928 928
929 930 931 931 932 932 903 933 933 905 906 934 935 936 936 937 937 910 938 938 912 939 939 940 914 941 942 943 943 944 917 945 945 946 947 948 921 922 949 950 950 923 924 951 951 952 952 927 953 953
929 954 954 955 955 956 956 957 958 959 959 960 935 961 961 962 962 963 963 964 964 965 966 967 968 941 969 969 970 970 971 972 972 946 947 948 973 974 949 975 975 976 976 977 977 978 978 979 980 980
981 982 983 984 985 986 987 957 988 989 989 960 990 990 991 992 992 993 994 995 996 997 966 967 968 998 999 1000 1001 1001 971 1002 1003 1003 1004 1004 973 974 1005 1006 1006 1007 1007 1008 1008 1009 1009 979 1010 1010
981 982 983 984 985 986 1011 1012 988 1013 1013 1014 1015 1015 991 1016 1016 993 994 995 996 997 1017 1017 1018 998 999 1019 1019 1020 1020 1002 1021 1022 1022 1023 1024 1024 1005 1025 1025 1026 1026 1027 1028 1028 1029 1030 1030 1031
1032 1033 1033 1034 1035 1035 1011 1036 1037 1037 1038 1039 1039 1040 1041 1041 1042 1042 1043 1044 1045 1046 1047 1047 1048 1049 1049 1050 1050 1051 1052 1053 1053 1054 1055 1056 1056 1057 1057 1058 1058 1059 1060 1027 1061 1061 1029 1062 1062 1063
1032 1064 1065 1034 1066 1066 1067 1036 1068 1069 1038 1070 1071 1040 1072 1072 1073 1074 1074 1044 1045 1046 1075 1075 1048 1076 1076 1077 1077 1051 1052 1078 1079 1054 1080 1080 1081 1082 1082 1083 1083 1059 1060 1084 1084 1085 1085 1086 1086 1063
1087 1087 1065 1088 1088 1089 1067 1090 1068 1069 1091 1070 1071 1092 1093 1094 1073 1095 1096 1097 1098 1099 1099 1100 1101 1101 1102 1103 1103 1104 1104 1078 1079 1105 1105 1106 1107 1107 1108 1109 1109 1110 1110 1111 1112 1113 1113 1114 1115 1115
1116 1117 1118 1118 1119 1120 1121 1090 1122 1123 1091 1124 1125 1125 1093 1094 1126 1095 1096 1097 1098 1127 1127 1100 1128 1129 1102 1130 1131 1132 1133 1133 1134 1134 1135 1135 1136 1137 1138 1139 1140 1140 1141 1111 1112 1142 1143 1144 1145 1145
1146 1117 1147 1147 1119 1120 1121 1148 1122 1123 1149 1150 1150 1151 1151 1152 1126 1153 1153 1154 1155 1155 1156 1157 1158 1129 1159 1159 1131 1160 1161 1162 1163 1164 1164 1165 1136 1137 1138 1139 1166 1167 1141 1168 1169 1142 1170 1144 1171 1172
1146 1173 1173 1174 1175 1176 1176 1148 1177 1178 1179 1179 1180 1180 1181 1182 1182 1183 1183 1154 1184 1185 1156 1157 1158 1186 1186 1187 1187 1160 1161 1162 1163 1188 1189 1190 1190 1191 1191 1192 1166 1167 1193 1168 1169 1194 1170 1195 1195 1172
1196 1197 1198 1198 1175 1199 1200 1200 1177 1201 1201 1202 1202 1203 1204 1205 1205 1206 1206 1207 1184 1185 1208 1209 1209 1210 1210 1211 1211 1212 1213 1213 1214 1188 1189 1215 1216 1216 1217 1192 1218 1219 1219 1220 1220 1221 1222 1223 1224 1224
1225 1197 1226 1227 1228 1199 1229 1230 1230 1231 1231 1232 1233 1203 1204 1234 1234 1235 1236 1207 1237 1238 1208 1239 1240 1240 1241 1242 1242 1243 1243 1244 1244 1245 1245 1215 1246 1246 1247 1247 1218 1248 1249 1249 1250 1221 1222 1223 1251 1251
1225 1252 1226 1253 1228 1254 1254 1255 1255 1256 1256 1232 1233 1257 1258 1259 1259 1235 1260 1261 1237 1238 1262 1262 1263 1263 1241 1264 1265 1266 1267 1267 1268 1268 1269 1269 1270 1271 1271 1272 1272 1248 1273 1274 1250 1275 1275 1276 1276 1277
1278 1252 1279 1253 1280 1281 1281 1282 1282 1283 1284 1285 1285 1257 1258 1286 1286 1287 1260 1261 1288 1289 1289 1290 1291 1291 1292 1264 1265 1266 1293 1294 1295 1295 1296 1297 1297 1298 1299 1299 1300 1301 1273 1302 1302 1303 1303 1304 1305 1277
1306 1306 1279 1307 1307 1308 1308 1309 1310 1310 1284 1311 1312 1312 1313 1314 1314 1287 1315 1315 1288 1316 1316 1317 1317 1318 1319 1320 1320 1321 1321 1294 1322 1322 1323 1323 1324 1325 1325 1326 1300 1327 1327 1328 1328 1329 1329 1304 1305 1330
1331 1331 1332 1332 1333 1334 1334 1309 1335 1335 1336 1311 1337 1337 1313 1338 1338 1339 1339 1340 1340 1341 1341 1342 1342 1318 1319 1343 1343 1344 1345 1345 1346 1346 1347 1347 1348 1348 1349 1349 1350 1350 1351 1351 1352 1352 1353 1354 1354 1330
0 89 76 96 47 77 77 31 78 28 73 75 68 61 9 79 27 26 99 76 86 92 26 21 3 97 38 10 42 9 70 54 24 10 33 44 70 12 26 87 37 8 96 96 82 72 16 7 35 26
73 60 48 17 99 23 54 29 47 54 93 60 67 68 91 49 34 20 93 42 91 97 15 20 88 22 77 20 70 45 75 63 73 7 24 43 71 81 63 85 70 43 99 6 82 96 28 78 38 76
48 68 37 3 67 39 71 46 92 57 65 61 90 91 13 97 74 64 57 29 15 88 62 23 95 58 50 75 14 19 91 93 89 94 3 30 81 93 69 53 1 33 38 78 75 53 76 30 67 41
95 54 43 21 8 32 88 72 83 14 64 21 0 49 61 21 41 33 69 95 13 47 87 84 3 58 75 56 82 96 28 58 53 41 39 95 7 82 85 57 68 50 15 73 20 31 4 83 46 97
10 39 44 47 0 22 19 18 49 64 57 75 55 75 85 72 99 80 58 52 80 78 82 15 51 37 13 12 34 1 5 11 51 54 44 44 94 47 49 30 51 41 65 97 9 71 70 7 19 91
52 41 1 32 86 55 2 22 85 64 29 84 34 77 33 28 94 3 56 72 86 67 85 95 61 23 24 77 66 32 84 65 32 61 22 68 9 74 92 28 31 62 88 91 58 40 69 72 88 2
28 66 79 57 82 71 19 78 54 99 80 22 15 71 47 84 50 20 14 72 65 29 97 78 67 12 59 51 88 96 42 64 89 78 7 82 5 10 26 25 90 99 19 99 60 90 36 88 30 33
95 18 62 65 44 36 88 37 11 21 20 47 12 46 79 50 19 65 16 46 38 65 45 55 6 37 42 7 68 46 19 13 90 68 39 98 68 67 27 5 5 33 50 49 92 61 70 82 82 74
76 59 3 47 82 16 86 29 5 77 14 51 91 59 53 85 89 45 16 26 47 57 43 13 50 54 28 1 85 57 95 23 90 40 37 15 84 92 5 10 66 81 31 92 66 66 53 94 32 97
13 21 74 73 66 72 19 57 49 51 57 71 28 72 47 4 93 61 30 69 64 78 67 0 61 36 31 92 56 21 3 35 71 1 67 91 68 42 69 44 78 44 98 75 34 46 76 76 6 89
46 13 15 4 36 69 85 75 56 93 93 42 15 55 64 57 94 57 49 77 1 77 77 41 81 76 33 20 89 20 38 69 99 96 30 10 32 69 97 27 0 82 12 56 55 39 22 22 85 13
61 15 69 74 55 82 39 30 69 94 46 54 52 14 2 36 29 25 11 64 32 92 59 12 46 17 56 2 81 30 27 5 59 83 65 12 17 22 89 64 96 60 21 28 12 50 61 29 75 11
90 76 31 8 43 0 41 6 18 25 59 48 39 45 10 12 52 38 36 31 26 18 89 9 76 0 40 3 80 21 82 61 79 13 22 46 74 56 98 23 8 12 61 58 29 40 25 82 83 42
15 39 6 15 39 54 73 69 22 21 37 57 14 17 69 85 22 10 65 56 9 58 77 4 77 72 95 45 90 30 41 69 97 6 18 37 23 23 41 46 63 60 43 45 23 41 6 60 93 77
25 50 41 29 56 45 25 80 91 42 25 22 6 66 91 85 21 37 68 75 27 89 39 19 64 69 5 56 47 67 30 45 24 13 7 62 63 90 71 8 80 45 7 68 91 9 88 66 9 59
40 25 10 75 47 25 87 98 96 37 93 5 81 53 77 30 31 57 76 27 63 10 21 53 73 18 72 98 44 92 36 39 9 40 35 10 73 28 22 63 16 93 8 86 12 63 36 52 82 21
95 36 28 96 55 74 58 46 19 21 70 30 84 50 66 88 81 63 46 34 77 70 14 79 22 84 69 74 6 58 62 76 35 16 56 71 94 27 21 16 46 36 52 46 99 64 24 79 88 75
72 14 64 64 85 95 22 49 83 33 0 14 78 15 67 10 65 82 43 30 92 4 49 60 9 33 35 74 0 89 59 89 51 75 65 91 36 12 63 38 26 20 17 24 12 14 21 37 43 85
11 6 95 11 33 81 49 25 23 3 80 74 39 78 81 54 18 30 38 13 77 28 97 98 50 65 37 41 58 35 52 3 40 79 9 65 87 63 48 22 17 29 19 26 39 70 69 48 58 7
7 74 25 21 78 5 83 59 13 33 74 63 36 56 73 1 15 36 59 35 7 17 7 23 32 61 4 26 67 79 37 22 54 59 96 98 55 37 62 52 92 78 57 58 52 52 90 69 71 49
89 41 51 19 3 1 59 4 44 99 7 22 10 24 11 44 53 20 60 55 64 21 82 19 87 64 32 92 28 54 15 19 5 71 35 19 13 78 99 58 62 50 2 45 2 1 6 84 68 47
30 34 3 41 64 90 43 25 98 52 27 49 56 56 39 27 65 11 57 19 59 7 90 67 28 37 32 51 75 12 56 10 4 94 1 88 97 72 26 9 49 69 19 41 48 84 57 88 34 65
80 41 92 24 77 65 15 39 83 23 76 67 79 56 86 91 55 28 50 56 59 30 67 44 44 76 11 56 82 72 26 2 23 74 53 28 45 1 6 50 15 75 52 63 44 29 59 76 14 7
4 11 16 38 39 8 50 74 27 66 22 93 68 81 91 87 23 14 60 46 20 26 61 12 23 57 35 14 80 39 33 43 40 63 94 19 99 84 55 10 21 46 65 95 58 89 4 50 20 71
85 5 57 82 19 80 15 68 32 49 12 74 2 34 14 28 34 37 91 16 20 1 59 37 46 47 97 80 65 72 11 86 72 62 18 11 51 87 4 65 81 27 26 38 80 60 20 19 95 26
86 32 31 99 37 42 7 54 86 83 12 7 86 8 47 43 79 52 56 45 89 65 82 72 81 81 30 6 80 67 48 19 36 91 10 6 95 73 72 48 79 16 23 21 14 39 49 55 55 67
55 20 19 94 98 76 38 9 61 2 62 1 85 43 67 89 58 47 99 15 49 6 24 42 49 24 7 18 97 64 27 5 73 29 0 18 14 3 68 67 9 14 81 32 18 5 5 86 85 54
42 21 19 72 20 64 9 61 3 12 28 79 99 13 45 86 28 11 75 85 14 23 64 87 45 56 88 46 70 8 35 41 93 96 29 51 97 55 95 59 91 30 68 3 29 25 88 58 53 26
11 44 43 81 86 69 10 26 88 94 71 94 75 54 83 53 2 6 40 77 69 37 54 90 84 63 60 60 52 81 69 32 62 45 64 29 36 49 74 17 54 0 49 27 66 74 8 38 77 36
27 0 74 51 90 59 88 93 89 74 65 62 37 19 26 41 16 10 54 42 58 65 80 20 77 73 76 67 96 90 1 37 95 19 14 47 28 44 78 32 41 43 19 35 79 34 46 54 52 30
14 50 15 28 97 25 87 99 33 56 49 69 15 54 19 10 14 37 84 6 21 24 47 42 78 42 22 3 69 10 56 84 28 3 69 53 78 7 14 13 94 46 6 1 22 24 24 15 1 3
55 16 0 78 92 27 81 51 18 90 9 59 37 42 28 1 59 21 36 34 34 87 85 47 49 29 17 11 30 39 37 84 45 50 69 19 90 78 1 10 81 61 45 23 70 90 44 44 88 72
94 5 31 41 41 82 4 25 56 19 10 73 48 61 24 30 27 65 26 31 56 66 90 7 69 86 81 78 69 22 92 33 40 45 37 89 0 52 66 56 22 16 80 83 89 84 26 5 82 21
65 73 58 94 75 73 4 61 9 46 18 92 5 19 19 68 93 27 79 71 52 77 49 91 32 47 85 75 18 91 34 32 12 67 28 7 22 93 72 14 49 63 23 9 77 87 65 13 67 91
3 30 76 5 2 6 9 99 8 81 74 72 66 82 23 89 11 46 62 4 82 51 59 97 19 11 44 58 72 13 11 2 16 23 98 57 71 25 65 65 81 85 44 37 88 22 48 42 32 28
78 37 0 14 33 49 32 13 82 94 79 20 7 44 30 41 16 98 54 80 9 36 93 26 36 66 73 49 5 28 44 40 85 15 65 53 9 56 45 7 8 80 14 79 6 0 26 77 69 88
12 48 90 11 33 60 6 88 0 31 92 15 32 84 81 69 96 98 93 86 38 19 46 77 29 60 53 82 98 30 81 53 1 61 10 54 43 11 10 19 23 70 21 75 72 66 31 66 50 54
41 75 73 16 36 1 86 9 19 72 60 65 99 35 10 39 81 84 71 63 92 31 62 19 10 47 95 52 30 80 9 80 28 83 7 89 33 92 84 6 19 5 66 40 92 69 77 5 44 9
29 83 54 77 69 49 6 61 59 8 66 50 23 82 47 12 48 25 97 15 20 28 30 31 74 68 57 11 41 68 85 94 69 16 23 55 44 27 45 44 41 88 67 58 28 70 13 92 25 73
68 80 48 1 99 86 28 84 93 51 37 26 58 89 83 52 18 76 32 58 12 1 29 78 24 53 20 66 10 86 40 90 61 58 11 68 13 19 91 63 3 1 49 17 27 98 31 55 40 11
54 7 44 24 15 91 6 98 46 25 40 30 58 69 96 17 88 89 45 98 17 4 92 9 34 1 73 48 64 1 74 94 11 3 20 21 6 93 94 47 62 64 80 13 32 56 10 10 44 62
42 24 20 79 60 41 1 30 78 24 99 28 38 92 58 11 49 88 8 82 15 37 8 94 47 74 30 40 50 55 98 31 20 35 35 0 5 22 74 64 34 25 65 7 96 53 3 11 54 78
68 58 21 35 34 49 64 93 63 83 99 22 5 75 16 2 98 86 38 25 89 42 36 9 64 44 75 79 27 19 94 1 63 47 12 91 28 55 52 40 35 57 24 13 4 2 15 58 94 22
6 0 78 9 63 21 52 91 91 80 68 29 23 96 2 75 36 10 30 93 38 59 51 19 49 59 20 88 71 46 86 24 29 19 78 53 44 65 29 81 41 58 8 66 82 78 49 86 58 38
23 75 43 85 64 73 38 61 65 80 35 77 1 40 91 16 57 52 40 18 0 97 65 54 5 64 4 4 91 78 56 41 99 76 86 72 54 80 33 72 99 27 71 47 5 69 62 67 11 0
65 77 11 42 93 55 11 36 32 62 50 83 99 90 30 61 91 12 25 26 97 58 22 35 57 4 76 55 50 2 67 24 18 48 82 93 49 87 66 74 90 2 95 73 23 73 58 39 62 67
55 78 28 37 28 70 56 57 89 40 93 0 1 31 64 42 69 31 34 11 9 57 76 84 22 17 61 57 63 61 31 57 83 15 48 44 60 24 51 89 27 57 45 81 63 5 3 85 73 10
94 12 81 20 89 97 39 67 42 89 47 45 2 80 69 64 59 3 47 31 30 36 76 54 70 49 38 58 40 64 84 70 14 83 1 68 75 23 21 49 60 45 74 21 64 88 79 76 61 31
79 15 5 14 87 45 79 81 80 26 37 82 85 82 76 56 72 3 64 30 73 98 82 83 95 14 69 86 2 70 12 51 19 33 54 2 27 83 6 94 27 0 60 28 7 12 79 4 56 74
44 96 12 58 88 14 13 53 79 6 38 5 4 24 13 63 34 39 65 53 44 95 15 74 94 15 22 6 49 57 68 96 1 65 91 63 76 38 38 51 13 78 62 2 92 98 9 42 29 35
