32 45
0 1 1 2 2 3 4 4 5 6 6 7 8 8 9 10 11 11 12 12 13 14 15 16 17 18 19 19 20 20 21 21 22 22 23 24 25 25 26 26 27 27 28 28 29 29 30 31 31 32
33 34 34 35 35 36 36 37 5 38 38 7 39 39 40 10 41 41 42 42 13 43 15 44 17 45 45 46 47 48 48 49 50 51 23 24 52 52 53 54 54 55 55 56 57 57 30 58 58 32
33 59 59 60 61 62 63 37 64 64 65 66 66 67 40 68 69 70 71 72 72 43 73 44 74 75 76 76 47 77 77 78 50 51 79 80 81 81 82 83 83 84 84 56 85 86 86 87 87 88
89 89 90 60 61 91 63 92 93 93 65 94 94 67 95 68 96 70 97 97 98 98 73 99 74 75 100 101 101 102 102 78 103 104 105 80 106 107 82 108 108 109 110 110 85 111 112 113 114 88
115 115 90 116 116 91 117 118 119 120 121 122 123 124 95 125 96 126 126 127 127 128 128 129 129 130 131 131 132 133 134 135 136 104 105 137 137 107 138 139 139 109 140 141 142 143 112 113 144 144
145 146 147 148 149 149 117 118 119 150 121 122 123 124 151 151 152 153 153 154 154 155 155 156 157 130 158 159 132 133 134 135 136 160 161 161 162 162 138 163 164 165 166 141 142 143 167 167 168 168
145 146 147 148 169 169 170 171 171 150 172 173 174 175 175 176 152 177 178 178 179 179 180 156 157 181 158 182 182 183 184 185 185 160 186 186 187 188 189 163 190 165 166 191 191 192 193 194 194 195
196 197 198 199 199 200 200 201 201 202 202 173 203 203 204 176 205 205 206 207 207 208 209 210 211 212 213 213 214 183 184 215 216 216 217 217 218 188 189 219 190 220 220 221 222 192 193 223 223 195
196 197 198 224 224 225 225 226 226 227 227 228 228 229 230 230 231 232 233 234 234 208 209 235 211 212 236 236 214 237 238 238 239 240 241 241 218 242 242 219 243 244 245 245 222 246 246 247 247 248
249 249 250 251 251 252 253 253 254 255 255 256 256 229 257 257 231 232 233 258 258 259 259 235 260 261 262 262 263 237 264 264 239 240 265 265 266 267 267 268 269 244 270 270 271 272 272 273 273 248
274 274 250 275 275 252 276 276 254 277 278 279 280 281 282 282 283 283 284 285 285 286 287 288 260 261 289 290 263 291 291 292 292 293 293 294 294 295 295 268 269 296 296 297 271 298 299 300 301 302
303 304 305 305 306 307 308 308 309 277 278 279 280 281 310 310 311 312 313 314 315 315 287 288 316 316 289 290 317 317 318 318 319 319 320 321 321 322 323 323 324 324 325 297 326 298 327 300 301 302
303 304 328 328 306 307 329 329 330 331 331 332 332 333 333 334 311 312 313 314 335 336 337 337 338 338 339 340 341 342 343 344 345 345 320 346 346 322 347 348 348 349 325 350 350 351 327 352 352 353
354 354 355 355 356 356 357 357 330 358 359 360 360 361 361 334 362 363 364 365 335 366 367 367 368 368 339 340 341 342 343 344 369 369 370 371 371 372 373 373 374 374 375 376 376 377 377 378 378 353
379 380 380 381 382 383 383 384 385 358 386 387 387 388 389 390 362 363 364 365 391 366 392 393 393 394 394 395 396 397 397 398 398 399 399 400 401 372 402 402 403 403 375 404 404 405 405 406 407 407
379 408 409 409 382 410 410 384 385 411 386 412 413 413 389 390 414 415 415 416 417 418 419 420 420 421 421 395 422 422 423 423 424 425 425 400 401 426 426 427 427 428 428 429 430 431 431 406 432 433
434 435 435 436 437 437 438 438 439 440 440 441 442 443 444 444 445 445 446 416 417 418 419 447 448 448 449 449 450 450 451 452 453 454 455 456 457 458 458 459 459 460 460 429 430 461 462 462 432 433
434 463 463 436 464 465 466 467 439 468 469 441 442 470 471 471 472 473 473 474 474 475 475 447 476 476 477 478 479 480 451 452 453 454 455 481 457 482 483 484 485 486 487 488 489 461 490 491 491 492
493 493 494 495 495 465 466 496 497 468 469 498 498 470 499 500 500 501 502 502 503 504 504 505 506 506 477 478 479 480 507 508 508 509 510 481 511 511 483 484 485 486 487 488 489 512 513 514 515 492
516 517 494 518 518 519 519 496 497 520 521 521 522 522 499 523 524 524 525 525 526 527 528 528 529 529 530 531 531 532 507 533 533 509 534 534 535 536 537 538 538 539 540 541 542 543 513 514 515 544
516 517 545 546 547 547 548 548 549 520 550 550 551 552 553 523 554 555 556 556 526 527 557 558 559 559 530 560 560 532 561 562 562 563 564 564 535 536 537 565 566 539 540 541 567 543 568 569 569 544
570 570 545 546 571 571 572 572 573 573 574 574 551 552 553 575 575 555 576 576 577 577 557 558 578 579 580 580 581 582 561 583 583 563 584 585 586 586 587 565 588 588 589 589 567 590 568 591 592 592
593 594 594 595 596 597 597 598 598 599 599 600 601 602 603 603 604 604 605 606 607 608 608 609 609 579 610 611 611 582 612 613 614 614 584 615 616 616 617 617 618 618 619 620 620 621 621 591 622 623
593 624 624 595 596 625 625 626 626 627 628 628 601 602 629 629 630 631 605 606 607 632 633 633 634 634 610 635 636 637 612 613 638 639 640 615 641 642 643 643 644 644 619 645 646 647 648 649 649 623
650 651 652 653 654 654 655 656 656 627 657 657 658 658 659 660 630 631 661 661 662 663 663 664 665 666 667 635 636 637 668 669 638 639 640 670 641 671 671 672 673 673 674 674 646 647 675 675 676 676
650 651 652 653 677 677 678 679 679 680 680 681 681 682 659 660 683 684 685 686 662 687 688 664 665 666 689 689 690 691 668 669 692 692 693 693 694 694 695 696 697 698 698 699 699 700 701 701 702 703
704 705 706 706 707 708 678 709 709 710 710 711 711 682 712 712 683 684 685 713 713 687 714 714 715 715 716 717 690 691 718 718 719 720 720 721 722 723 695 696 697 724 724 725 726 726 727 728 728 703
704 705 729 730 707 708 731 731 732 733 734 735 736 736 737 737 738 738 739 740 740 741 742 742 743 744 716 717 745 746 747 748 749 749 750 721 722 723 751 751 752 753 754 754 755 755 727 756 757 757
758 758 729 730 759 760 761 761 732 733 734 735 762 762 763 764 765 765 739 766 767 741 768 768 743 744 769 770 770 746 747 771 771 772 750 773 773 774 775 776 776 753 777 777 778 779 780 756 781 781
782 783 784 785 759 760 786 786 787 787 788 788 789 789 763 764 790 790 791 792 767 793 794 795 796 797 769 798 798 799 799 800 801 772 802 803 804 804 775 805 806 806 807 807 778 779 780 808 808 809
782 783 784 785 810 810 811 812 813 814 815 816 816 817 817 818 818 819 819 792 820 820 794 795 796 797 821 821 822 823 823 800 801 824 802 803 825 826 827 805 828 828 829 829 830 831 832 833 833 809
834 834 835 835 836 836 811 812 813 814 815 837 838 839 839 840 840 841 841 842 843 843 844 845 845 846 847 848 822 849 850 851 851 852 853 853 854 826 827 855 855 856 856 857 830 831 832 858 859 859
860 860 861 861 862 863 864 865 866 867 868 837 838 869 869 870 871 872 872 873 874 875 844 876 876 846 847 877 878 849 879 879 880 852 881 882 854 883 883 884 885 886 886 887 888 889 889 858 890 890
891 891 892 893 862 863 864 865 894 867 895 896 897 897 898 870 871 899 899 873 874 900 901 901 902 903 904 877 878 905 906 906 880 907 907 882 908 908 909 910 885 911 912 887 888 913 913 914 915 916
917 917 892 918 918 919 920 920 894 921 895 922 922 923 898 924 924 925 926 927 928 900 929 929 902 903 930 930 931 905 932 933 933 934 935 936 936 937 909 910 938 938 912 939 940 941 942 914 915 916
943 943 944 945 945 946 946 947 948 949 949 950 950 923 951 952 952 925 926 927 928 953 954 955 956 956 957 957 931 958 958 959 959 934 935 960 961 937 962 962 963 963 964 965 940 941 942 966 967 968
969 969 944 970 970 971 972 947 948 973 974 974 975 975 976 976 977 978 979 980 980 953 954 955 981 982 983 983 984 984 985 985 986 987 987 988 961 989 990 990 991 992 964 965 993 994 994 966 967 968
995 996 997 997 998 998 972 999 999 1000 1000 1001 1001 1002 1003 1004 977 978 979 1005 1006 1006 1007 1007 981 982 1008 1009 1010 1010 1011 1011 1012 1012 1013 988 1014 989 1015 1015 991 992 1016 1017 993 1018 1019 1019 1020 1021
1022 996 1023 1024 1025 1025 1026 1027 1027 1028 1029 1030 1031 1002 1003 1004 1032 1032 1033 1005 1034 1035 1035 1036 1037 1038 1008 1009 1039 1039 1040 1040 1041 1042 1013 1043 1044 1045 1046 1046 1047 1047 1016 1048 1048 1018 1049 1049 1020 1021
1022 1050 1050 1024 1051 1051 1052 1052 1053 1028 1029 1030 1054 1054 1055 1056 1057 1058 1059 1060 1034 1061 1061 1062 1037 1038 1063 1064 1064 1065 1066 1066 1041 1042 1067 1043 1044 1045 1068 1069 1069 1070 1071 1072 1072 1073 1073 1074 1074 1075
1076 1076 1077 1077 1078 1078 1079 1080 1053 1081 1082 1083 1083 1084 1055 1056 1057 1058 1059 1060 1085 1086 1086 1062 1087 1088 1089 1090 1091 1065 1092 1092 1093 1093 1094 1095 1096 1097 1097 1098 1099 1099 1071 1100 1101 1101 1102 1103 1104 1104
1105 1106 1107 1107 1108 1108 1079 1109 1110 1081 1082 1111 1111 1112 1112 1113 1114 1114 1115 1116 1085 1117 1117 1118 1087 1119 1089 1090 1091 1120 1120 1121 1121 1122 1094 1095 1123 1123 1124 1098 1125 1126 1126 1100 1127 1127 1102 1103 1128 1129
1105 1106 1130 1131 1132 1132 1133 1109 1134 1134 1135 1136 1136 1137 1137 1113 1138 1138 1115 1139 1140 1141 1141 1118 1142 1119 1143 1144 1144 1145 1146 1146 1147 1122 1148 1149 1150 1151 1124 1152 1125 1153 1153 1154 1155 1156 1157 1158 1128 1129
1159 1159 1130 1160 1161 1162 1162 1163 1163 1164 1164 1165 1166 1166 1167 1168 1168 1169 1170 1139 1140 1171 1171 1172 1173 1174 1143 1175 1175 1176 1176 1177 1147 1178 1148 1149 1150 1179 1180 1181 1182 1183 1184 1154 1155 1185 1157 1186 1186 1187
1188 1189 1190 1160 1161 1191 1192 1193 1194 1194 1195 1165 1196 1197 1197 1198 1199 1200 1170 1201 1201 1202 1203 1203 1173 1204 1204 1205 1206 1207 1207 1177 1208 1178 1209 1209 1210 1179 1180 1181 1182 1183 1184 1211 1212 1185 1213 1214 1215 1187
1188 1189 1190 1216 1216 1191 1192 1217 1218 1218 1219 1220 1220 1221 1222 1222 1199 1200 1223 1224 1225 1225 1226 1227 1227 1228 1229 1205 1206 1230 1230 1231 1231 1232 1232 1233 1210 1234 1235 1236 1237 1237 1238 1211 1212 1239 1239 1214 1215 1240
1241 1242 1243 1243 1244 1245 1246 1217 1247 1247 1219 1248 1248 1249 1249 1250 1251 1251 1223 1252 1253 1254 1226 1255 1256 1256 1229 1257 1257 1258 1258 1259 1260 1260 1261 1261 1262 1263 1235 1236 1264 1265 1238 1266 1267 1268 1269 1269 1270 1240
1241 1242 1271 1272 1273 1245 1246 1274 1274 1275 1275 1276 1276 1277 1277 1278 1278 1279 1280 1252 1253 1254 1281 1281 1282 1282 1283 1284 1284 1285 1285 1259 1286 1287 1287 1288 1262 1263 1289 1289 1264 1265 1290 1290 1267 1268 1291 1291 1292 1292
1293 1293 1271 1272 1273 1294 1294 1295 1295 1296 1297 1297 1298 1298 1299 1300 1300 1279 1280 1301 1302 1302 1303 1303 1304 1305 1283 1306 1307 1307 1308 1309 1310 1311 1312 1312 1313 1314 1314 1315 1316 1316 1317 1318 1319 1319 1320 1321 1321 1322
1323 1324 1324 1325 1325 1326 1327 1327 1328 1328 1329 1330 1330 1331 1299 1332 1332 1333 1334 1334 1335 1335 1336 1336 1304 1305 1337 1337 1338 1338 1308 1309 1310 1311 1339 1339 1313 1340 1340 1315 1341 1341 1317 1318 1342 1342 1320 1343 1344 1344
33 53 99 79 9 95 63 25 27 50 6 60 39 84 17 91 36 29 90 96 17 47 50 11 51 25 22 39 13 90 17 75 37 58 88 32 27 40 8 10 46 34 71 86 52 93 33 78 46 65
79 79 85 13 59 97 4 19 73 91 94 36 93 95 65 76 69 12 33 97 61 26 45 83 9 5 17 58 38 3 87 32 92 74 93 81 65 17 77 67 69 44 99 88 31 56 62 44 48 37
87 98 42 80 16 16 35 80 81 29 70 70 63 99 81 30 15 67 95 14 84 67 68 27 35 64 66 60 21 71 89 44 64 89 16 14 6 6 85 88 4 11 93 35 65 22 89 59 22 73
86 69 17 87 2 95 26 23 73 60 89 85 94 42 71 78 38 93 33 30 16 90 19 10 55 58 90 65 88 65 48 22 62 17 83 89 11 63 22 24 58 54 77 91 6 32 99 20 46 51
67 43 62 81 39 3 25 5 87 5 61 81 49 23 1 56 95 14 81 63 42 41 41 17 7 40 85 73 85 5 64 2 3 45 56 62 44 89 43 13 25 89 27 52 2 54 93 64 45 1
50 29 25 22 5 18 49 50 64 24 4 44 13 83 20 9 45 67 56 24 73 10 18 76 8 12 27 2 86 84 38 21 30 85 32 78 42 42 30 46 48 32 3 61 3 68 95 97 12 74
72 26 79 66 1 89 10 44 95 87 42 84 69 77 72 6 70 82 47 22 24 82 92 87 71 73 73 97 15 77 10 91 32 76 15 18 14 12 21 0 80 60 8 28 74 75 57 22 51 5
40 82 66 77 74 53 55 20 81 18 62 31 56 28 65 3 58 27 9 14 66 39 45 84 34 50 6 81 93 19 9 18 56 3 19 35 41 70 4 1 75 76 42 57 93 60 40 7 40 26
28 74 3 24 17 3 4 96 89 33 16 38 82 22 10 10 89 34 27 47 24 95 76 2 50 10 32 82 51 26 99 80 31 8 76 14 25 39 15 94 41 52 54 24 80 21 77 32 37 98
14 94 25 81 28 18 67 5 44 11 50 65 52 45 88 13 66 50 32 39 41 26 37 1 53 87 42 0 83 36 85 23 35 50 30 78 68 0 35 81 99 46 46 20 31 9 77 24 0 76
10 53 87 22 42 21 94 19 20 91 86 18 25 43 41 71 50 65 23 31 65 87 20 58 63 78 24 44 79 24 27 29 65 10 53 34 75 49 86 47 96 52 30 56 15 40 38 58 99 54
74 65 65 11 26 75 88 19 81 9 30 94 59 90 61 48 83 23 0 87 19 55 24 99 70 91 23 71 19 65 66 11 23 25 68 35 14 75 73 90 61 89 3 34 35 61 8 7 13 30
31 3 51 97 2 72 95 87 80 31 88 3 18 54 8 5 71 39 54 30 40 70 24 22 99 18 72 2 22 72 59 28 69 10 94 44 39 43 13 92 1 3 14 28 67 2 99 95 42 17
2 37 42 91 87 70 44 57 99 67 29 84 10 87 28 82 6 99 39 90 97 20 51 45 19 78 71 7 21 86 99 25 70 94 47 78 73 11 15 36 19 69 82 77 31 9 44 37 1 59
36 48 84 3 13 19 41 19 28 10 7 42 97 17 5 24 52 85 25 98 66 26 44 91 79 35 3 9 93 94 44 50 84 0 1 50 70 8 25 33 75 67 33 61 85 72 96 91 2 13
60 88 91 45 81 27 40 59 22 68 45 91 10 48 64 55 6 27 42 5 92 6 2 68 41 76 40 71 25 20 31 54 38 16 67 26 41 50 71 42 41 85 6 26 2 12 69 75 58 42
11 6 50 13 30 65 87 3 91 64 95 79 58 75 86 58 50 36 92 64 71 2 88 80 85 11 12 14 94 6 94 51 82 71 90 23 29 30 89 29 89 36 47 61 88 32 41 72 7 47
19 52 1 76 85 3 97 34 83 73 93 34 22 22 75 19 63 67 66 76 55 4 37 99 90 76 60 49 54 93 11 62 32 16 37 33 6 62 7 38 22 54 24 47 48 31 87 36 1 19
43 36 6 75 33 25 22 61 26 52 19 12 14 38 97 20 75 8 80 56 29 74 5 19 38 25 50 74 86 82 86 50 12 88 62 89 64 19 61 39 93 31 64 23 5 9 26 0 18 19
7 22 4 57 94 51 25 69 32 51 80 96 89 87 98 64 13 60 25 0 8 78 10 53 98 79 62 12 74 63 37 88 77 20 91 38 83 80 4 68 22 86 69 23 45 17 41 2 20 52
27 2 58 76 94 91 35 7 10 68 59 82 37 41 18 98 10 88 91 49 72 72 5 33 83 78 41 62 4 82 99 56 93 37 85 23 15 78 34 16 38 35 62 76 56 80 36 10 78 54
32 10 7 19 31 43 28 50 12 91 84 92 8 4 6 32 54 13 82 8 66 85 78 64 44 51 18 9 60 17 37 63 54 49 66 67 11 87 53 30 70 61 78 55 8 20 7 12 68 4
33 40 43 9 4 58 10 61 54 21 71 71 72 25 28 92 48 14 22 75 3 13 36 38 72 6 68 59 15 27 56 25 16 17 51 23 81 56 48 34 97 81 15 23 49 34 62 64 21 11
96 73 26 41 1 52 58 84 69 53 86 94 29 64 11 20 84 45 42 50 64 77 66 83 38 3 16 29 79 68 92 3 17 3 24 75 96 81 29 0 69 43 9 61 19 84 0 4 59 24
16 15 31 81 92 93 16 50 20 20 30 49 55 98 41 54 95 95 10 89 64 92 40 60 82 65 68 82 32 23 22 71 13 91 63 71 87 95 47 11 40 27 60 14 66 70 99 38 31 45
38 71 39 83 79 60 66 98 32 89 43 98 56 26 60 13 81 58 87 58 78 26 36 30 95 77 76 51 30 67 82 63 75 58 94 65 41 15 20 22 29 85 22 20 30 31 83 52 88 80
27 44 19 20 64 1 50 68 37 99 25 40 6 12 10 61 20 52 32 0 41 96 98 91 83 81 95 77 92 38 94 61 58 32 36 50 45 89 13 20 78 51 3 65 21 5 87 64 19 63
59 38 47 26 59 22 33 45 6 52 23 51 39 39 96 72 42 75 89 5 62 79 9 39 33 26 37 98 96 38 77 35 57 55 16 90 13 74 53 64 12 79 42 10 59 27 38 55 43 81
92 8 81 92 71 68 44 87 64 3 98 91 19 38 39 72 0 89 18 85 0 46 6 33 15 62 42 59 24 52 96 74 12 66 10 2 58 36 56 38 83 35 41 17 65 9 33 13 10 37
38 30 5 55 59 1 42 87 12 43 21 8 79 52 18 6 62 42 34 50 31 29 66 42 37 92 88 86 33 71 94 96 27 97 60 14 91 38 95 88 69 48 50 80 68 21 2 12 5 89
39 68 66 63 60 65 14 41 86 62 9 27 10 94 75 15 55 73 81 94 16 90 90 7 34 10 1 90 31 10 89 65 49 83 46 93 34 46 27 40 18 90 19 83 84 50 4 59 64 24
52 34 34 25 91 34 91 85 33 69 47 92 98 0 48 73 11 1 19 49 29 15 70 16 26 53 40 68 24 93 17 4 53 23 76 61 26 48 65 48 81 71 24 36 82 0 79 47 74 62
24 83 50 52 7 49 52 68 49 64 51 9 9 78 43 99 16 98 41 25 85 55 50 87 52 62 26 69 21 89 43 86 93 11 8 69 5 10 11 40 61 43 5 43 27 56 91 94 10 80
33 96 16 77 18 24 45 83 4 54 88 87 96 1 70 79 57 52 31 60 82 44 84 61 20 65 11 70 43 37 62 22 14 61 27 65 69 54 8 9 95 44 50 18 76 7 18 76 82 27
16 94 83 65 30 24 93 85 54 47 92 86 40 15 58 43 46 96 99 37 12 91 50 16 1 34 20 18 23 83 55 43 44 54 20 77 62 3 98 13 50 94 30 77 13 38 93 12 25 72
64 12 26 74 71 4 41 65 53 85 11 49 76 82 14 79 81 85 96 72 53 44 51 19 19 79 72 66 99 78 88 70 16 26 48 35 94 99 14 42 88 29 52 58 92 27 39 91 90 80
34 59 45 77 57 66 47 41 61 56 55 1 34 37 7 90 3 56 16 14 40 7 96 13 30 13 81 66 68 94 46 57 25 57 44 46 47 49 36 88 68 85 73 81 77 96 8 77 0 95
84 2 36 31 6 17 50 9 20 58 16 62 63 67 65 12 44 97 0 43 40 93 45 63 17 22 18 78 22 72 48 68 55 65 37 24 24 28 91 12 67 43 97 61 49 54 89 98 27 81
92 74 76 46 75 67 74 74 10 35 89 59 4 83 65 58 66 16 50 58 6 81 66 91 71 67 53 60 95 82 77 47 60 67 47 63 19 93 93 77 63 73 66 2 44 56 65 65 28 50
84 18 78 64 32 26 41 18 99 87 44 53 88 42 69 54 54 78 98 44 41 90 94 5 88 85 91 13 31 40 64 9 76 77 82 74 19 93 89 98 15 6 66 64 47 47 55 55 5 83
88 82 61 23 70 63 44 84 77 80 67 48 2 81 18 58 94 91 72 13 71 34 46 93 41 49 0 64 49 17 26 45 15 99 80 28 16 89 35 61 81 52 51 13 87 94 21 12 76 72
87 80 41 32 48 44 44 55 18 33 52 58 60 7 28 50 40 58 26 3 97 74 40 54 40 57 92 88 41 91 51 33 6 92 26 94 83 33 5 77 49 74 94 45 11 35 41 58 85 34
73 77 58 60 60 41 93 19 27 38 3 9 23 33 40 12 5 72 30 16 26 85 27 87 94 19 74 65 82 57 66 96 40 0 51 55 10 61 31 78 75 99 52 40 22 78 30 52 46 56
32 29 69 91 9 66 66 92 52 64 76 75 19 18 45 44 39 58 42 3 30 51 43 20 3 74 31 40 78 89 66 67 49 74 80 53 81 78 61 93 55 27 29 18 33 18 95 41 6 39
11 41 15 64 43 5 34 76 22 57 98 99 90 80 71 26 93 43 37 50 34 60 52 61 17 66 85 72 95 17 6 4 46 84 91 14 81 42 12 63 0 48 33 38 96 43 0 97 15 83
74 96 16 16 26 31 94 33 6 12 74 22 38 3 59 14 97 10 20 53 28 11 97 51 58 95 58 97 46 54 99 27 80 19 98 73 0 31 64 22 33 38 39 29 80 88 68 17 79 95
96 86 2 84 41 21 14 12 90 21 43 48 20 14 92 30 27 35 1 86 67 94 56 61 1 87 93 19 29 32 62 60 51 40 51 75 20 67 26 95 10 8 93 18 74 39 0 71 36 29
69 44 78 30 26 83 74 53 77 14 73 81 38 86 78 62 70 44 40 71 96 29 62 5 91 60 60 49 77 39 31 21 24 12 10 43 47 39 96 11 41 97 90 94 39 40 56 89 84 11
0 73 34 45 61 72 0 72 22 49 29 55 8 52 49 91 43 62 54 44 27 65 11 83 4 56 56 90 29 67 36 69 9 71 11 86 54 44 11 7 42 16 37 77 84 77 97 56 50 91
72 74 46 28 68 84 95 46 97 38 42 61 76 40 17 52 34 46 73 56 26 44 78 16 97 2 48 84 40 82 27 45 38 61 1 72 42 14 59 33 41 57 47 59 98 80 21 73 30 5
