44 49
0 1 2 3 4 5 5 6 7 8 8 9 10 10 11 12 13 14 14 15 16 17 18 19 19 20 21 21 22 23 24 25 26 27 28 28 29 30 30 31 32 32 33 33 34 35 35 36 37 37
0 1 2 3 4 38 39 39 7 40 40 9 41 42 11 12 43 43 44 15 16 17 18 45 45 20 46 46 22 23 47 25 26 48 48 49 29 50 50 51 51 52 52 53 54 54 55 56 57 58
59 60 60 61 61 38 62 63 64 65 66 66 67 42 68 69 69 70 44 71 71 72 73 74 75 75 76 76 77 78 47 79 79 80 81 49 82 82 83 84 84 85 85 53 86 87 88 56 57 58
59 89 89 90 90 91 62 63 64 65 92 92 67 93 94 94 95 70 96 96 97 98 73 74 99 99 100 101 101 78 102 102 103 80 104 105 105 106 83 107 107 108 108 109 86 87 88 110 111 112
113 114 115 115 116 91 117 118 119 120 121 122 122 93 123 124 125 126 126 127 97 98 128 128 129 129 100 130 130 131 131 132 133 134 104 135 135 106 136 136 137 138 138 109 139 139 140 140 111 112
113 141 141 142 143 144 144 118 119 120 121 145 146 147 148 124 125 149 150 127 151 151 152 153 154 155 155 156 156 157 157 132 133 134 158 158 159 160 161 162 137 163 164 165 166 166 167 167 168 168
169 170 170 142 143 171 172 173 173 174 174 175 146 147 148 176 176 149 150 177 178 179 152 153 154 180 180 181 182 182 183 183 184 185 186 187 159 160 161 162 188 188 164 189 189 190 191 191 192 193
194 195 196 197 198 171 199 200 201 202 202 175 203 203 204 204 205 206 206 177 178 179 207 208 208 209 210 181 211 212 212 213 213 185 186 187 214 214 215 216 216 217 217 218 218 190 219 220 192 193
194 221 196 197 198 222 199 200 223 223 224 224 225 225 226 226 205 227 227 228 229 229 207 230 230 209 210 231 211 232 233 234 235 236 236 237 237 238 215 239 239 240 241 242 243 244 219 220 245 246
247 221 248 249 249 222 250 250 251 252 252 253 254 255 256 257 257 258 259 259 260 261 261 262 263 264 265 231 266 232 233 267 235 268 269 269 270 238 271 272 273 240 241 242 243 244 274 275 245 276
277 277 248 278 279 279 280 280 251 281 281 253 254 255 256 282 283 283 284 285 260 286 287 287 263 264 288 289 290 291 291 267 292 293 293 294 270 295 295 272 273 296 296 297 297 298 274 275 299 276
300 300 301 301 302 303 303 304 304 305 305 306 306 307 308 309 309 310 310 285 311 286 312 313 314 315 288 289 290 316 316 317 318 318 319 319 320 320 321 321 322 323 324 324 325 325 326 327 299 328
329 329 330 330 331 332 333 334 335 336 337 338 338 307 308 339 339 340 341 342 311 343 312 313 314 315 344 344 345 346 346 347 347 348 349 350 351 351 352 352 322 323 353 354 354 355 356 327 357 328
358 358 359 360 331 332 333 334 361 336 337 362 363 364 365 365 366 340 341 367 368 343 369 369 370 371 372 373 345 374 375 375 376 348 349 350 377 377 378 379 379 380 380 381 381 355 356 382 357 383
384 384 359 360 385 386 387 388 361 389 389 362 363 364 390 390 366 391 391 367 368 392 392 393 370 371 372 394 394 395 396 397 398 398 399 400 400 401 378 402 403 404 405 406 406 407 408 382 409 383
410 411 411 412 412 386 387 413 413 414 415 415 416 417 417 418 418 419 420 420 421 421 422 423 423 424 425 426 426 395 427 397 428 428 429 429 430 401 431 402 403 404 432 433 433 407 434 434 435 435
410 436 437 437 438 439 440 441 442 442 443 444 416 445 445 446 447 448 449 450 450 451 452 453 453 454 425 455 456 457 427 458 459 459 460 461 461 462 431 463 464 464 432 465 466 466 467 467 468 468
469 470 471 471 438 439 440 441 472 472 473 444 474 474 475 446 447 448 449 476 476 451 452 477 477 454 478 455 456 479 479 480 480 481 481 482 483 483 484 485 486 487 487 465 488 488 489 489 490 490
469 470 491 492 493 494 495 495 496 497 473 498 498 499 500 500 501 501 502 503 504 505 505 506 506 507 508 508 509 509 510 510 511 511 512 482 513 514 484 485 486 515 516 516 517 518 519 520 521 522
523 523 491 524 493 525 525 526 496 497 527 528 529 499 530 530 531 532 502 503 504 533 534 534 535 507 536 536 537 538 539 540 541 541 542 542 513 514 543 543 544 515 545 545 517 518 519 520 521 522
546 547 547 524 548 548 549 526 550 550 527 528 551 551 552 552 531 553 553 554 554 533 555 555 556 556 557 558 537 538 539 540 559 559 560 560 561 562 562 563 564 564 565 566 566 567 568 568 569 569
570 571 571 572 572 573 549 574 574 575 576 577 578 579 579 580 581 581 582 582 583 584 584 585 586 586 557 558 587 588 589 589 590 591 592 592 561 593 594 563 595 595 596 596 597 567 598 598 599 599
570 600 600 601 601 573 602 603 604 575 605 577 606 606 607 580 608 609 610 610 583 611 612 585 613 613 614 615 587 616 617 617 618 591 619 620 621 622 594 623 624 625 625 626 627 627 628 628 629 630
631 632 632 633 633 634 635 603 636 636 605 637 638 638 607 639 640 609 641 642 642 611 612 643 643 644 614 645 645 616 646 646 618 647 619 620 648 622 649 623 650 650 651 652 653 654 654 655 629 630
656 656 657 658 659 634 635 660 660 661 662 662 663 663 664 639 640 665 641 666 667 667 668 668 669 644 670 671 672 673 674 675 675 676 676 677 648 678 679 680 681 682 682 652 653 683 684 655 685 685
686 687 657 658 688 688 689 689 690 690 691 691 692 692 664 693 694 694 695 666 696 697 698 699 669 700 670 671 701 673 702 703 703 704 704 677 705 678 679 680 706 706 707 708 709 683 684 710 711 712
686 687 713 713 714 714 715 716 717 718 718 719 720 721 721 693 722 723 723 724 725 697 698 726 726 727 727 728 701 729 702 730 730 731 732 733 705 734 734 735 736 737 737 708 709 738 738 710 739 712
740 740 741 742 743 743 715 716 717 744 744 719 720 745 746 747 722 748 748 749 725 750 751 751 752 753 753 754 754 729 755 755 756 757 732 733 758 758 759 735 736 760 761 761 762 762 763 764 739 765
766 766 741 742 767 768 768 769 770 771 771 772 772 745 746 747 773 774 774 749 775 775 776 776 777 777 778 779 779 780 781 781 756 757 782 783 783 784 759 785 785 760 786 787 788 788 763 764 789 790
791 791 792 793 793 794 795 796 770 797 798 799 800 801 802 802 773 803 804 804 805 806 807 807 808 809 778 810 810 811 811 812 813 813 814 814 815 784 816 816 817 817 786 818 818 819 820 821 789 790
822 823 823 824 825 825 795 796 826 797 798 799 800 801 827 828 828 803 829 829 830 806 831 831 808 809 832 832 833 834 834 835 836 836 837 838 839 839 840 841 841 842 842 843 844 819 820 821 845 846
847 848 849 849 850 850 851 852 852 853 854 855 855 856 827 857 858 858 859 860 830 861 862 862 863 864 865 865 833 866 866 835 867 867 837 838 868 869 840 870 871 872 873 874 844 875 876 876 845 846
847 848 877 877 878 879 879 880 880 853 854 881 881 882 882 857 883 884 859 860 885 886 886 887 863 888 889 890 890 891 892 893 894 894 895 896 896 869 897 898 871 872 873 874 899 900 900 901 901 902
903 903 904 904 905 905 906 907 908 908 909 909 910 910 911 911 883 884 912 912 913 913 914 914 915 888 916 917 918 919 892 920 921 921 895 922 923 923 897 898 924 924 925 925 926 926 927 928 929 902
930 931 931 932 932 933 934 907 935 935 936 937 938 939 940 941 941 942 943 944 945 946 947 948 949 950 916 951 918 919 952 920 953 953 954 955 956 956 957 957 958 959 960 961 961 962 963 928 929 964
965 965 966 967 968 933 934 969 970 971 971 937 972 939 940 973 973 974 943 944 945 946 947 948 949 975 976 951 977 978 952 979 980 980 954 955 981 982 983 983 958 959 984 985 985 962 963 986 986 964
987 987 988 967 989 989 990 969 970 991 991 992 972 993 994 995 995 974 996 997 997 998 998 999 999 975 976 1000 977 1001 1002 979 1003 1003 1004 1005 981 982 1006 1006 1007 1007 984 1008 1008 1009 1009 1010 1011 1011
1012 1012 988 1013 1014 1014 1015 1015 1016 1016 1017 1018 1018 993 994 1019 1020 1020 1021 1021 1022 1022 1023 1023 1024 1024 1025 1000 1026 1001 1027 1027 1028 1028 1004 1029 1029 1030 1030 1031 1031 1032 1032 1033 1033 1034 1034 1035 1035 1036
1037 1037 1038 1013 1039 1040 1041 1042 1042 1043 1017 1044 1045 1046 1047 1048 1049 1050 1050 1051 1052 1052 1053 1054 1054 1055 1056 1057 1057 1058 1059 1059 1060 1061 1062 1063 1063 1064 1065 1066 1066 1067 1068 1069 1069 1070 1070 1071 1071 1036
1072 1072 1073 1073 1074 1040 1041 1075 1076 1077 1078 1044 1045 1046 1047 1048 1049 1079 1080 1051 1081 1082 1053 1083 1084 1085 1056 1086 1086 1058 1087 1088 1060 1061 1062 1089 1090 1064 1065 1091 1091 1067 1092 1092 1093 1094 1094 1095 1096 1097
1098 1098 1099 1099 1074 1100 1100 1075 1076 1077 1078 1101 1102 1103 1103 1104 1105 1079 1106 1106 1081 1107 1107 1083 1084 1085 1108 1108 1109 1109 1087 1088 1110 1110 1111 1089 1112 1112 1113 1113 1114 1115 1115 1116 1093 1117 1118 1119 1096 1120
1121 1121 1122 1123 1124 1125 1126 1127 1128 1128 1129 1129 1102 1130 1130 1104 1131 1132 1132 1133 1134 1134 1135 1136 1136 1137 1138 1138 1139 1139 1140 1141 1142 1142 1111 1143 1144 1144 1145 1145 1114 1146 1146 1116 1147 1147 1118 1119 1148 1120
1149 1149 1122 1123 1124 1125 1126 1127 1150 1151 1151 1152 1152 1153 1153 1154 1131 1155 1155 1133 1156 1157 1157 1158 1158 1137 1159 1159 1160 1161 1161 1141 1162 1163 1164 1165 1165 1166 1166 1167 1168 1168 1169 1170 1170 1171 1172 1173 1148 1174
1175 1176 1177 1178 1178 1179 1180 1180 1150 1181 1182 1182 1183 1183 1184 1185 1186 1187 1187 1188 1188 1189 1190 1191 1192 1193 1193 1194 1160 1195 1196 1196 1162 1163 1164 1197 1197 1198 1199 1167 1200 1201 1202 1203 1203 1171 1172 1173 1204 1204
1175 1176 1177 1205 1205 1179 1206 1207 1208 1181 1209 1209 1210 1210 1211 1185 1212 1212 1213 1213 1214 1189 1190 1191 1215 1216 1216 1194 1217 1217 1218 1219 1219 1220 1221 1222 1223 1198 1199 1224 1200 1201 1202 1225 1225 1226 1227 1228 1229 1230
1231 1231 1232 1232 1233 1233 1206 1207 1208 1234 1235 1236 1236 1237 1211 1238 1239 1240 1240 1241 1242 1242 1243 1244 1215 1245 1245 1246 1247 1248 1249 1250 1251 1220 1221 1222 1223 1252 1252 1224 1253 1253 1254 1255 1256 1257 1227 1258 1229 1230
1259 1259 1260 1260 1261 1262 1262 1263 1263 1234 1235 1264 1264 1265 1265 1238 1239 1266 1267 1268 1269 1270 1243 1244 1271 1271 1272 1246 1247 1248 1249 1250 1251 1273 1273 1274 1274 1275 1275 1276 1277 1278 1254 1255 1256 1257 1279 1258 1280 1280
1281 1282 1282 1283 1283 1284 1285 1286 1287 1288 1288 1289 1290 1290 1291 1292 1293 1266 1267 1268 1269 1270 1294 1295 1296 1296 1272 1297 1297 1298 1298 1299 1299 1300 1300 1301 1302 1302 1303 1276 1277 1278 1304 1305 1306 1307 1308 1309 1309 1310
1281 1311 1311 1312 1312 1284 1285 1286 1287 1313 1313 1314 1315 1316 1316 1292 1293 1317 1318 1318 1319 1319 1294 1295 1320 1320 1321 1322 1323 1324 1324 1325 1326 1326 1327 1301 1328 1329 1329 1330 1330 1331 1332 1305 1306 1307 1308 1333 1334 1310
1335 1335 1336 1336 1337 1337 1338 1338 1339 1339 1340 1314 1341 1341 1342 1342 1343 1344 1344 1345 1345 1346 1346 1347 1348 1348 1321 1322 1323 1349 1349 1325 1350 1350 1351 1351 1328 1352 1352 1353 1353 1331 1332 1354 1354 1355 1356 1356 1334 1357
66 11 9 4 84 80 99 10 14 32 75 22 76 49 69 39 66 4 2 40 48 3 41 82 3 64 15 56 85 84 42 48 79 89 12 21 94 97 61 16 37 14 87 22 72 37 13 6 93 62
9 97 22 15 6 16 83 75 34 31 62 82 9 29 94 24 60 24 35 52 50 76 94 7 73 52 96 79 29 13 46 99 39 84 98 21 58 44 42 37 6 83 69 86 82 43 44 15 56 62
70 91 18 66 84 3 42 51 1 1 23 39 19 64 3 36 35 95 14 28 2 9 25 67 39 17 43 67 28 44 82 99 67 84 17 49 67 53 99 56 83 78 49 84 18 76 97 9 26 15
12 97 48 93 98 33 52 50 77 14 89 38 77 28 80 41 99 4 23 17 65 73 54 73 26 18 1 53 77 76 60 87 56 17 46 26 92 94 96 4 86 44 39 53 35 25 86 26 4 80
99 36 95 89 85 29 42 78 31 32 69 47 37 48 63 61 84 27 97 23 21 1 0 38 55 35 7 57 19 52 42 71 35 19 21 61 16 94 19 67 32 13 75 38 40 78 19 32 73 81
76 69 53 99 63 56 6 77 91 73 45 98 86 62 41 63 64 13 84 66 20 19 38 0 55 75 13 47 62 36 96 86 84 88 26 15 86 74 77 96 43 0 99 39 56 1 87 4 29 4
36 85 74 17 3 35 94 45 83 59 32 61 65 62 11 66 17 22 84 23 21 25 43 89 83 30 32 23 72 81 44 40 59 14 64 87 0 35 68 48 39 10 29 89 63 76 66 49 40 72
24 81 86 32 28 53 86 98 45 55 78 5 80 49 11 43 78 46 98 46 73 35 53 46 51 6 83 14 4 6 98 31 77 19 90 86 40 39 47 63 37 43 13 96 62 76 56 5 33 19
42 40 69 84 65 81 38 61 92 28 39 80 35 63 79 99 93 5 46 93 52 11 38 2 64 12 12 9 53 59 41 64 25 2 35 21 36 64 83 96 92 86 0 75 27 7 22 32 83 8
49 77 50 48 96 68 43 14 25 43 63 17 63 33 30 53 1 72 39 83 93 55 17 96 69 83 3 90 17 28 87 35 49 92 71 15 92 73 30 55 98 43 73 87 14 59 14 22 23 0
11 76 75 87 76 67 19 66 54 54 7 17 43 84 51 33 50 90 71 44 98 3 53 87 33 8 58 8 68 78 11 62 49 39 64 18 87 66 57 81 43 85 62 82 35 82 58 77 64 48
60 37 68 1 9 71 81 6 37 24 98 71 21 51 3 51 15 35 12 85 31 22 4 24 16 26 24 63 56 41 29 5 84 59 70 76 94 64 54 4 95 80 40 98 42 4 53 56 30 10
28 92 39 17 65 7 95 37 16 42 83 61 52 15 84 19 0 18 32 15 16 8 76 35 42 82 4 41 88 96 22 44 92 70 65 80 28 23 36 87 69 56 97 62 54 58 45 67 41 8
40 52 93 74 79 81 8 20 69 45 62 63 3 24 25 93 83 20 69 10 41 65 25 54 84 48 43 91 6 95 27 37 13 36 79 98 37 48 85 43 26 7 76 99 39 24 81 72 59 54
96 64 11 20 93 49 71 14 66 46 9 43 40 69 9 97 85 98 39 83 16 33 18 58 98 16 52 38 33 79 68 63 98 76 76 53 99 40 52 67 84 56 48 40 86 45 53 47 11 90
20 6 5 44 14 80 32 97 82 24 68 89 4 70 79 11 37 72 71 87 13 63 33 15 66 49 34 94 27 5 75 27 77 50 2 71 17 89 46 67 87 12 81 30 85 64 71 30 60 41
27 78 54 51 21 5 51 88 94 47 71 90 61 48 10 98 65 38 47 99 87 81 13 1 90 26 41 5 3 37 6 23 89 79 35 47 65 69 28 78 22 23 47 9 80 20 99 28 54 7
15 3 22 78 17 81 80 24 2 93 40 19 50 30 38 47 56 10 37 43 62 8 30 81 53 29 58 22 76 79 22 13 60 93 35 48 89 53 39 4 7 26 41 83 31 70 92 49 59 87
60 2 15 23 48 31 40 21 22 39 58 70 49 68 93 78 62 68 6 83 80 72 29 28 39 1 10 93 53 76 98 0 33 13 76 29 41 92 36 47 59 98 53 93 32 2 85 6 20 62
12 10 68 41 83 87 23 15 50 69 13 72 67 91 78 59 87 25 32 1 52 55 66 62 79 26 34 3 47 8 25 36 83 79 52 91 89 19 86 46 5 63 47 72 21 95 11 40 46 32
76 62 67 50 49 82 1 39 81 57 89 78 77 61 96 96 16 22 5 84 84 29 68 93 26 26 97 69 86 60 15 95 29 70 52 7 35 85 33 34 9 87 87 18 70 57 84 21 3 70
38 35 45 13 9 32 44 65 21 87 37 34 63 39 8 38 23 31 87 51 35 84 28 58 60 17 15 20 17 16 87 77 14 82 30 37 97 30 61 7 13 48 15 73 6 0 42 30 55 97
23 97 50 61 31 14 38 73 62 81 41 68 49 86 59 76 20 6 90 20 4 25 2 32 21 48 10 69 12 74 80 18 97 58 69 68 54 81 92 14 6 56 75 61 21 10 31 7 18 89
28 69 40 93 35 2 48 93 29 41 12 8 40 89 94 97 30 71 55 22 81 81 72 23 84 40 82 84 44 56 49 25 8 13 98 86 31 59 53 32 37 88 89 49 49 91 71 18 80 9
72 15 24 53 24 72 83 67 62 80 54 54 52 42 22 85 45 79 5 12 27 24 21 9 51 94 77 77 14 26 77 65 2 63 68 70 21 90 76 89 80 87 75 50 69 72 18 91 12 58
75 62 20 44 9 16 22 10 8 74 13 98 95 49 34 45 84 31 60 21 86 22 4 92 98 44 41 9 39 44 27 85 34 8 29 99 54 96 88 42 45 89 71 88 62 17 82 12 83 24
76 90 91 52 63 72 79 73 20 53 89 62 20 40 56 62 72 30 38 5 58 83 62 80 10 72 31 64 15 96 72 60 88 64 60 1 29 92 85 74 2 69 96 68 83 68 28 18 18 99
69 46 31 26 39 22 71 11 11 53 83 65 75 69 99 47 88 91 83 16 15 56 40 7 83 51 70 71 50 14 51 72 49 11 99 69 68 84 24 93 98 27 54 65 85 96 88 88 98 44
19 61 91 64 5 58 3 82 4 74 62 74 81 39 27 98 83 73 82 58 25 87 35 17 20 67 67 15 12 14 70 63 71 58 38 78 26 17 0 54 75 24 64 64 85 80 73 16 28 63
77 51 67 16 43 54 40 84 74 92 74 74 83 27 68 35 89 44 4 38 75 45 6 54 71 59 87 62 43 79 25 1 85 7 66 39 99 62 56 89 11 46 58 79 59 53 47 79 43 98
92 91 84 61 23 82 99 75 18 28 76 18 60 19 73 87 35 37 66 37 64 93 90 49 73 50 45 20 11 40 48 75 26 67 57 77 98 9 41 94 12 37 47 0 56 94 33 0 35 12
4 86 84 86 73 9 99 9 71 69 36 82 89 6 82 34 57 15 41 65 78 45 54 89 17 57 33 7 54 74 33 99 96 73 39 6 2 38 49 96 97 37 10 85 73 70 66 55 37 31
40 8 70 28 36 63 94 82 81 17 88 16 23 89 68 32 44 76 29 22 85 28 71 22 35 79 54 42 55 49 73 22 23 78 16 16 6 94 49 77 63 0 94 1 92 51 86 63 16 44
27 99 22 14 3 36 72 18 42 85 58 77 72 2 65 35 38 8 69 89 81 69 12 79 20 30 22 34 61 81 41 35 1 68 92 43 6 52 69 91 77 96 84 39 17 39 72 47 39 41
13 7 68 58 1 19 73 97 3 64 32 20 22 24 69 30 88 56 77 40 32 31 28 16 54 16 53 15 0 12 81 59 52 55 43 85 78 12 98 54 9 95 80 61 45 96 96 90 78 47
46 3 47 77 70 75 43 12 96 74 38 62 96 65 8 27 27 51 41 47 76 70 33 69 38 42 64 2 98 87 55 55 17 93 75 52 74 32 35 86 63 14 27 51 97 94 89 9 73 8
86 37 66 89 60 13 63 41 50 73 28 52 24 91 39 76 32 5 21 31 27 65 36 61 83 85 95 54 62 95 7 87 25 71 91 67 4 52 79 11 70 98 88 24 24 30 14 23 87 94
13 50 27 50 70 37 36 98 2 43 42 42 83 31 75 32 29 35 70 10 13 62 93 56 23 54 58 4 66 18 48 43 43 63 43 66 27 12 52 40 52 99 1 87 41 93 69 89 7 46
91 33 66 54 89 91 57 1 71 92 21 16 26 83 59 76 19 15 33 4 60 60 56 82 27 46 38 76 81 56 38 33 1 66 79 15 74 27 18 24 27 67 33 2 27 50 8 1 12 41
6 52 60 43 37 82 30 62 74 90 20 98 8 89 96 75 55 35 39 81 64 11 94 6 11 71 26 0 6 3 36 4 64 39 52 84 62 20 12 10 40 78 45 90 58 76 66 52 8 33
57 62 36 45 65 53 18 42 62 64 35 61 70 57 77 20 96 59 12 77 54 43 97 55 87 56 85 3 82 5 50 68 82 45 50 11 60 7 39 54 11 8 89 98 40 6 38 36 3 39
3 16 12 91 56 44 20 15 65 72 39 53 29 49 57 56 9 18 20 9 92 14 75 52 71 76 36 22 12 17 85 12 97 2 43 57 25 34 36 68 4 64 93 36 97 95 46 28 90 60
9 73 63 41 35 15 12 59 20 84 17 88 20 48 61 64 39 63 74 89 25 51 76 52 74 82 95 51 70 74 32 88 80 98 67 15 7 26 21 47 12 34 32 89 81 42 65 49 93 63
90 43 50 64 55 97 70 88 25 50 42 30 57 23 57 5 2 65 36 84 79 32 41 86 53 18 96 92 11 0 17 66 36 46 60 44 56 78 32 30 37 50 96 27 10 35 13 50 13 66
68 88 69 31 0 60 42 13 14 41 20 93 98 43 38 98 18 43 34 82 32 30 53 0 87 57 3 20 70 26 13 22 9 45 43 46 92 81 25 9 14 67 21 16 12 28 61 93 84 24
91 40 44 86 22 1 87 4 84 30 40 79 97 39 58 84 95 76 47 54 9 68 42 99 13 96 18 68 92 79 70 57 15 59 65 85 54 31 3 57 4 49 6 48 84 8 32 19 45 3
53 3 78 18 49 91 41 6 97 79 77 54 23 72 70 18 4 53 79 48 73 25 36 93 21 99 97 72 87 58 10 7 90 28 73 2 49 96 96 64 90 23 62 73 8 10 76 20 65 66
71 65 94 66 97 39 64 80 51 24 59 36 60 74 59 1 94 53 16 98 77 51 65 71 61 97 8 45 53 78 47 80 52 87 63 15 64 18 47 83 81 90 56 37 56 0 97 68 42 87
15 87 86 81 9 36 53 43 32 11 99 38 88 92 87 25 79 54 71 57 21 13 11 89 9 3 74 0 82 45 62 15 74 70 42 84 46 84 95 6 81 81 76 6 24 40 24 41 29 88
49 49 42 39 51 8 94 6 73 71 79 58 13 51 96 96 27 78 44 58 6 83 81 5 58 84 35 21 32 69 2 59 2 39 74 64 97 90 71 64 87 19 62 61 53 2 5 60 25 53
