15 1
0 1 2 3 3 4 4 5 6 7 7 8 9 10 10 11 11 12 12 13 14 14 15 15 16 17 18 18 19 20 20 21 21 22 23 24 24 25 25 26 26 27 27 28 29 30 30 31 31 32
0 1 2 33 33 34 34 35 6 36 36 8 9 37 38 39 39 40 41 13 42 43 44 44 16 45 46 47 19 48 49 50 50 22 23 51 52 53 53 54 55 55 56 56 29 57 58 59 59 32
60 60 61 61 62 62 63 35 64 64 65 66 67 67 38 68 69 40 41 70 42 43 71 71 72 45 46 47 73 73 49 74 74 75 75 51 52 76 76 54 77 77 78 79 79 57 80 81 82 82
83 84 85 85 86 87 88 89 89 90 91 66 92 92 93 93 69 94 94 95 96 96 97 98 98 99 100 100 101 101 102 103 104 105 106 107 107 108 108 109 110 110 78 111 112 112 80 81 113 113
83 114 114 115 86 87 88 116 116 117 91 118 118 119 120 120 121 121 122 95 123 123 97 124 125 126 127 127 128 129 129 103 104 105 130 130 131 132 132 109 133 134 134 111 135 135 136 136 137 137
138 139 140 115 141 142 143 144 145 117 146 147 148 119 149 150 151 152 122 153 154 154 155 124 125 126 156 156 128 157 158 159 159 160 161 161 162 163 164 165 165 166 167 168 168 169 170 171 172 172
138 139 140 173 174 142 175 144 176 176 146 147 148 177 149 150 151 152 178 153 179 179 180 181 181 182 182 183 183 157 184 185 185 160 186 186 162 163 164 187 187 166 167 188 189 169 170 171 190 191
192 193 193 173 174 194 175 195 196 197 198 199 200 200 201 202 203 203 204 204 205 206 180 207 208 208 209 210 211 212 184 213 213 214 215 215 216 216 217 218 219 220 221 188 222 223 224 224 225 191
226 226 227 228 229 230 230 195 196 197 198 231 232 233 201 234 235 236 237 238 238 206 239 207 240 241 241 210 211 212 242 243 243 214 244 244 245 245 217 218 219 220 221 246 222 223 247 248 225 249
250 250 227 228 229 251 251 252 253 254 255 231 232 233 256 234 235 257 237 258 258 259 239 260 261 261 262 262 263 263 242 264 265 265 266 267 268 269 270 270 271 271 272 273 273 274 275 248 276 249
277 278 279 280 280 281 281 252 282 254 283 283 284 284 285 286 286 257 287 288 289 289 290 260 291 292 293 293 294 294 295 264 296 297 266 267 268 269 298 299 299 300 272 301 302 302 275 303 276 304
277 278 279 305 306 306 307 307 282 308 308 309 309 310 285 311 311 312 287 313 313 314 315 315 291 292 316 317 317 318 318 319 296 297 320 320 321 321 298 322 322 300 323 324 324 325 326 326 327 304
328 329 329 305 330 331 332 333 334 335 335 336 336 310 337 337 338 338 339 340 340 314 341 342 342 343 316 344 344 345 345 319 346 346 347 348 349 349 350 351 351 352 352 353 353 354 354 355 356 357
328 358 358 359 330 331 332 333 360 361 362 362 363 363 364 364 365 366 339 367 367 368 341 369 369 370 371 372 372 373 374 375 376 376 347 377 377 378 350 379 379 380 380 381 382 383 383 355 356 357
384 384 385 385 386 387 388 388 360 361 389 390 390 391 392 392 365 393 394 395 396 368 397 397 398 370 399 400 400 373 374 375 401 401 402 403 403 378 404 405 406 407 407 381 382 408 408 409 410 411
412 412 413 414 386 415 416 417 417 418 419 420 420 421 421 422 423 393 394 395 396 424 425 425 426 427 399 428 429 429 430 431 432 432 433 433 434 434 404 405 406 435 436 436 437 438 439 409 410 411
440 440 413 414 441 415 416 442 442 418 419 443 443 444 444 445 423 446 447 448 448 424 449 449 426 450 450 451 452 453 454 431 455 455 456 457 457 458 458 459 460 461 462 463 463 438 439 464 465 466
467 468 468 469 470 470 471 471 472 472 473 473 474 475 476 445 477 477 447 478 478 479 480 480 481 482 482 451 452 453 454 483 483 484 485 485 486 487 488 459 489 461 490 490 491 492 492 464 465 466
493 493 494 469 495 495 496 496 497 498 498 499 474 475 500 500 501 502 503 504 504 479 505 505 481 506 507 507 508 509 510 511 511 484 512 512 486 487 488 513 489 514 514 515 516 516 517 518 519 519
520 520 521 521 522 522 523 524 497 525 525 499 526 526 527 528 501 502 503 529 529 530 530 531 531 532 532 533 508 509 510 534 534 535 536 536 537 538 538 539 539 540 541 515 542 543 517 518 544 545
546 546 547 547 548 548 523 524 549 549 550 550 551 551 527 528 552 552 553 553 554 554 555 556 556 557 558 559 560 561 561 562 562 535 563 564 537 565 565 566 567 567 541 568 542 569 569 570 570 545
571 572 572 573 573 574 574 575 576 576 577 578 578 579 580 581 581 582 583 583 584 584 555 585 585 557 586 559 560 587 588 589 590 591 591 564 592 592 593 593 594 594 595 596 596 597 597 598 599 599
571 600 600 601 602 602 603 604 605 605 577 606 607 579 608 609 610 582 611 612 612 613 614 614 615 616 586 617 618 618 588 589 590 619 619 620 620 621 622 623 624 625 595 626 626 627 628 598 629 630
631 632 633 601 634 635 603 604 636 636 637 637 607 638 608 609 610 639 611 640 641 613 642 643 643 616 644 645 646 646 647 648 648 649 649 650 650 621 622 651 624 625 652 653 653 627 654 654 629 630
631 632 633 655 634 635 656 657 658 659 659 660 660 638 661 662 662 663 663 640 641 664 642 665 666 667 644 645 668 669 647 670 670 671 671 672 673 673 674 651 675 676 677 677 678 678 679 680 681 682
683 683 684 655 685 686 656 657 658 687 688 688 689 689 661 690 691 692 693 693 694 694 695 665 666 667 696 697 668 669 698 698 699 700 700 701 701 702 674 703 675 676 704 704 705 705 679 680 681 682
706 707 707 708 685 686 709 709 710 711 711 712 712 713 713 690 691 714 715 716 717 717 695 718 719 719 696 697 720 721 722 722 723 723 724 725 726 726 727 727 728 729 729 730 731 732 732 733 734 734
706 735 735 736 737 737 738 739 710 740 741 741 742 742 743 744 745 714 746 716 747 748 749 750 751 752 753 754 720 721 755 755 756 756 757 725 758 759 760 760 728 761 762 730 763 764 765 765 766 766
767 768 769 736 770 771 771 739 772 773 774 775 775 776 743 744 777 777 746 778 747 748 749 750 751 752 753 754 779 780 781 781 782 783 757 784 785 759 786 787 788 761 789 790 763 764 791 792 793 793
767 768 769 794 795 795 796 796 772 773 797 797 798 798 799 799 800 800 801 778 802 802 803 804 805 805 806 806 779 807 807 808 782 783 809 784 785 810 810 787 788 811 789 790 812 812 791 813 813 814
815 816 817 794 818 819 819 820 820 821 822 823 824 824 825 825 826 826 801 827 827 828 828 804 829 830 831 831 832 832 833 808 834 834 809 835 835 836 837 838 838 839 839 840 841 842 843 844 844 814
815 816 845 845 818 846 846 847 848 821 822 823 849 850 851 852 853 854 855 856 856 857 858 858 829 859 859 860 861 861 833 862 862 863 863 864 864 836 837 865 866 867 868 868 841 842 843 869 869 870
871 872 872 873 874 874 875 847 848 876 876 877 877 850 851 852 853 854 855 878 878 879 880 881 882 882 883 884 885 886 886 887 888 889 890 891 892 892 893 865 866 894 894 895 896 896 897 898 899 899
871 900 900 901 901 902 903 904 905 906 906 907 907 908 909 910 911 912 912 913 913 879 880 914 914 915 915 884 885 916 916 887 888 889 890 891 917 918 918 919 920 920 921 895 922 922 897 898 923 923
924 925 926 926 927 902 903 904 905 928 928 929 929 908 909 910 930 930 931 932 933 934 935 936 936 937 937 938 938 939 940 941 942 942 943 943 917 944 944 919 945 945 946 946 947 948 949 949 950 950
951 925 952 952 927 953 954 955 956 956 957 958 958 959 959 960 960 961 961 932 933 934 935 962 963 964 964 965 965 939 940 941 966 967 968 968 969 969 970 970 971 972 972 973 947 974 974 975 975 976
951 977 978 979 979 953 954 955 980 980 981 981 982 983 983 984 984 985 985 986 987 987 988 962 963 989 990 991 992 992 993 993 966 994 995 995 996 997 998 998 971 999 999 1000 1000 1001 1002 1003 1004 976
1005 1006 978 1007 1007 1008 1008 1009 1009 1010 1011 1012 1013 1013 1014 1015 1015 1016 1017 1018 1018 1019 988 1020 1020 989 990 1021 1021 1022 1023 1023 1024 994 1025 1025 996 997 1026 1026 1027 1027 1028 1028 1029 1030 1002 1003 1031 1032
1005 1006 1033 1033 1034 1034 1035 1036 1036 1010 1011 1012 1037 1038 1039 1040 1041 1016 1042 1042 1043 1044 1045 1046 1046 1047 1047 1048 1049 1050 1051 1052 1024 1053 1053 1054 1055 1056 1057 1058 1059 1059 1060 1061 1029 1030 1062 1062 1031 1063
1064 1065 1066 1066 1067 1068 1035 1069 1069 1070 1070 1071 1071 1038 1039 1040 1041 1072 1073 1074 1043 1044 1045 1075 1076 1077 1078 1078 1049 1050 1079 1052 1080 1081 1082 1082 1055 1056 1057 1058 1083 1084 1060 1061 1085 1086 1086 1087 1087 1063
1088 1065 1089 1090 1067 1091 1092 1093 1093 1094 1094 1095 1096 1097 1097 1098 1099 1072 1073 1100 1101 1102 1102 1103 1076 1077 1104 1104 1105 1106 1079 1107 1080 1081 1108 1109 1110 1110 1111 1111 1083 1112 1112 1113 1085 1114 1114 1115 1116 1117
1088 1118 1089 1090 1119 1091 1120 1121 1121 1122 1122 1095 1096 1123 1123 1098 1099 1124 1125 1100 1101 1126 1126 1103 1127 1127 1128 1129 1105 1130 1130 1131 1131 1132 1108 1133 1134 1135 1135 1136 1137 1138 1138 1113 1139 1139 1140 1115 1116 1117
1141 1118 1142 1142 1119 1143 1120 1144 1145 1145 1146 1147 1148 1148 1149 1149 1150 1124 1125 1151 1152 1152 1153 1154 1154 1155 1156 1129 1157 1158 1158 1159 1159 1132 1160 1133 1134 1161 1161 1136 1137 1162 1162 1163 1164 1164 1140 1165 1166 1166
1141 1167 1167 1168 1169 1143 1170 1171 1172 1172 1146 1147 1173 1173 1174 1174 1150 1175 1175 1151 1176 1176 1153 1177 1178 1179 1156 1180 1181 1182 1182 1183 1183 1184 1185 1185 1186 1186 1187 1187 1188 1189 1189 1190 1191 1191 1192 1165 1193 1193
1194 1194 1195 1196 1169 1197 1170 1171 1198 1199 1199 1200 1200 1201 1201 1202 1202 1203 1203 1204 1204 1205 1205 1177 1206 1179 1207 1207 1181 1208 1209 1210 1210 1184 1211 1211 1212 1213 1213 1214 1215 1215 1216 1190 1217 1217 1192 1218 1218 1219
1220 1220 1195 1196 1221 1197 1222 1222 1223 1224 1225 1225 1226 1226 1227 1227 1228 1229 1230 1230 1231 1232 1233 1234 1206 1235 1235 1236 1236 1208 1237 1237 1238 1238 1239 1239 1240 1241 1241 1214 1242 1242 1216 1243 1243 1244 1244 1245 1245 1246
1247 1247 1248 1249 1221 1250 1251 1251 1223 1224 1252 1253 1253 1254 1254 1255 1228 1229 1256 1256 1231 1257 1233 1234 1258 1259 1259 1260 1261 1262 1263 1263 1264 1264 1265 1266 1240 1267 1267 1268 1268 1269 1270 1270 1271 1271 1272 1273 1273 1246
1274 1275 1248 1276 1276 1277 1277 1278 1278 1279 1280 1281 1282 1283 1283 1284 1285 1286 1287 1288 1288 1257 1289 1290 1258 1291 1291 1260 1261 1262 1292 1292 1293 1294 1265 1266 1295 1296 1297 1297 1298 1299 1299 1300 1301 1302 1272 1303 1304 1304
1305 1275 1306 1306 1307 1308 1309 1309 1310 1311 1280 1281 1282 1312 1312 1284 1285 1286 1287 1313 1314 1315 1316 1290 1317 1318 1319 1320 1320 1321 1322 1323 1293 1324 1325 1325 1326 1296 1327 1328 1329 1330 1330 1300 1301 1302 1331 1303 1332 1333
1305 1334 1335 1335 1307 1308 1336 1336 1310 1311 1337 1337 1338 1338 1339 1339 1340 1340 1341 1341 1314 1315 1316 1342 1342 1318 1319 1343 1343 1321 1322 1323 1344 1324 1345 1345 1326 1346 1346 1328 1329 1347 1347 1348 1348 1349 1349 1350 1332 1333
45 54 66 75 10 67 49 83 18 59 95 59 93 94 28 3 70 55 64 10 21 32 28 79 21 28 55 78 56 29 58 31 43 43 58 43 96 79 61 36 0 66 35 15 49 66 42 56 3 94
74 89 18 51 96 44 62 50 54 5 1 0 24 49 99 67 80 17 14 36 49 26 36 57 99 99 58 34 37 11 8 98 13 65 61 39 20 54 50 64 1 40 81 46 58 74 87 28 58 82
32 56 86 58 97 36 75 56 59 25 90 96 32 62 7 68 21 62 93 95 82 24 84 90 26 93 26 89 34 61 51 88 12 84 62 48 93 30 33 32 26 51 97 86 50 49 80 58 66 62
5 57 80 88 37 40 99 22 56 6 24 33 11 97 49 4 16 9 45 61 55 48 8 71 22 59 59 25 33 82 95 71 15 9 6 74 16 94 82 22 97 83 91 84 89 96 10 20 8 83
13 78 41 62 53 99 89 39 41 78 94 17 87 27 96 92 37 45 50 90 83 82 77 73 21 95 29 8 80 3 99 99 85 87 81 92 89 59 63 86 56 95 38 94 62 7 86 54 37 45
11 64 48 14 48 70 86 54 8 68 68 88 25 93 74 22 30 81 66 39 90 90 80 74 41 68 9 41 38 17 80 25 54 27 61 77 77 8 38 25 79 35 17 7 15 1 52 53 29 73
14 36 41 90 32 19 90 65 15 74 98 11 73 53 6 93 15 20 36 24 20 29 58 57 94 8 88 14 29 52 47 91 18 57 62 92 46 75 17 39 39 74 41 29 28 70 36 67 12 8
84 21 82 28 78 37 83 65 32 26 43 55 47 77 57 32 30 18 34 43 74 37 2 29 26 31 28 88 88 23 81 76 30 53 2 17 35 81 56 66 89 19 68 2 40 47 20 50 91 87
19 80 32 29 74 49 62 17 71 37 93 21 63 73 62 3 75 87 76 31 29 89 5 84 79 88 12 1 29 13 19 88 30 32 46 45 15 20 85 83 22 23 29 49 93 35 44 89 59 82
47 90 5 56 78 41 82 36 53 48 8 69 33 85 18 7 75 6 98 40 87 47 33 4 13 57 46 18 57 76 84 9 40 67 21 84 60 13 63 41 39 14 30 79 30 89 84 89 61 12
16 6 56 65 9 51 11 95 91 63 19 2 11 9 95 76 43 25 6 66 15 99 92 25 99 16 50 42 13 71 24 17 74 85 83 86 96 77 76 55 51 35 87 94 24 72 29 59 27 89
39 65 51 62 44 44 14 19 91 7 62 92 48 84 56 78 60 24 21 60 63 54 43 32 80 50 2 37 99 37 29 60 19 73 79 25 24 23 99 20 24 88 18 49 47 92 96 73 69 20
47 54 48 57 40 77 59 72 60 21 36 91 31 45 5 39 55 6 67 61 78 20 44 80 9 69 16 99 71 59 83 29 20 85 82 87 68 81 65 71 84 71 61 91 21 53 88 91 9 68
95 1 27 51 52 68 32 9 67 94 18 45 93 57 42 18 28 61 21 63 70 1 19 49 35 19 12 80 12 98 80 70 73 10 35 10 22 69 72 46 34 95 48 86 22 38 76 2 69 12
88 42 74 58 20 33 11 16 67 7 95 88 84 46 87 25 21 34 9 62 67 90 72 11 47 44 24 93 70 48 57 44 57 14 89 96 72 28 18 56 70 63 4 48 59 95 89 58 29 25
66 51 6 75 47 27 8 62 3 43 70 92 70 34 60 6 71 53 24 1 24 4 37 8 50 22 55 54 39 28 98 60 14 50 2 57 53 93 12 57 34 27 39 9 95 61 5 36 99 71
47 75 51 93 70 46 98 63 26 45 54 10 11 20 92 42 56 98 93 46 29 3 29 87 8 9 35 84 3 52 30 78 39 33 61 65 46 73 20 61 82 56 45 31 28 96 42 59 92 40
24 46 76 43 46 47 73 47 51 82 10 86 80 24 93 59 12 14 84 96 19 88 85 51 99 52 97 41 15 38 44 20 91 82 96 54 39 52 2 87 40 81 22 29 44 7 39 8 93 96
60 77 48 74 59 24 48 52 69 57 35 35 42 20 31 43 14 39 13 95 88 74 87 65 4 14 96 99 9 4 91 45 15 91 16 35 72 80 33 29 74 20 15 22 67 78 22 27 84 92
30 27 62 95 79 26 31 33 21 49 98 19 53 93 13 94 40 49 79 52 93 48 48 29 4 83 68 26 56 58 3 24 0 40 96 77 83 34 67 2 97 5 14 78 22 80 84 14 14 43
68 65 66 8 17 65 54 19 30 1 69 82 30 2 88 90 48 92 24 86 66 27 10 34 19 43 7 3 92 92 2 58 31 46 94 87 56 45 47 94 4 88 97 73 38 98 48 87 11 2
98 96 5 36 70 18 14 45 68 13 38 48 59 71 51 49 54 24 19 46 20 8 6 75 61 21 72 32 5 3 17 22 20 31 32 99 43 57 4 85 30 3 55 5 21 96 87 74 65 4
56 88 37 78 48 51 43 12 32 33 71 72 61 75 78 38 97 73 57 33 44 10 23 58 47 29 66 55 32 98 20 49 73 32 30 85 15 91 13 1 44 51 5 91 87 19 55 37 51 93
64 40 76 89 61 69 90 1 50 14 76 11 4 89 99 99 58 95 5 45 32 50 6 74 49 5 52 65 55 90 91 81 1 49 64 11 23 7 83 94 1 37 83 87 42 89 73 10 40 55
64 40 80 99 3 31 73 49 38 37 33 34 10 1 33 5 85 86 98 24 26 34 60 52 44 45 27 51 72 98 24 75 63 83 49 74 85 47 43 92 73 6 86 29 69 36 13 53 90 72
84 75 8 19 35 90 81 29 85 25 64 49 22 32 55 82 34 66 99 65 28 73 56 91 48 4 98 59 82 72 16 32 97 93 68 32 80 79 0 35 36 20 43 33 87 60 74 42 76 0
18 24 75 21 11 91 1 6 52 10 39 42 36 12 60 49 55 1 83 86 57 59 81 16 43 69 76 37 59 90 97 97 53 75 36 82 96 46 98 76 24 72 51 96 40 95 60 6 37 51
15 51 67 7 67 0 67 12 60 1 97 43 26 23 57 90 1 61 67 76 3 39 23 45 1 57 97 66 41 13 36 2 43 34 76 99 4 80 19 98 17 85 86 12 57 77 46 25 92 27
94 13 62 83 44 0 50 97 48 70 67 5 7 26 70 13 15 13 48 86 10 46 98 74 4 8 95 1 51 96 97 48 77 74 53 23 49 86 64 12 50 97 81 19 16 53 5 36 69 97
51 44 42 32 50 56 77 64 11 51 70 68 13 50 68 85 74 88 17 26 83 5 23 94 30 95 40 44 77 3 67 96 44 21 10 82 67 29 58 85 77 33 6 15 28 53 72 22 29 49
80 33 35 76 31 95 73 38 20 43 35 59 77 47 43 93 67 85 9 67 99 7 98 74 71 45 48 3 83 87 59 96 19 58 40 33 0 73 90 53 30 78 37 32 41 60 61 96 37 67
75 89 90 46 43 53 13 6 37 47 40 34 92 8 25 59 48 95 94 75 12 11 82 61 83 8 46 88 70 15 57 69 67 0 52 66 1 32 49 64 18 73 53 26 42 78 60 10 36 44
15 69 9 99 74 91 4 68 59 64 96 96 85 16 75 62 61 36 23 93 86 37 26 78 96 81 33 21 69 30 55 55 62 52 1 50 31 97 58 29 39 79 36 84 88 14 64 96 57 9
85 54 35 15 64 68 29 93 20 17 31 6 5 22 35 16 62 68 62 12 12 29 32 10 70 85 53 59 8 17 9 90 15 80 49 43 2 61 62 95 73 47 16 98 79 10 19 97 35 83
24 43 50 88 7 19 1 83 48 86 77 51 27 75 92 72 55 0 38 83 86 85 33 14 32 43 76 79 7 2 55 32 94 99 70 13 72 60 24 90 11 71 39 9 41 43 1 99 11 80
87 34 88 45 50 72 23 63 45 57 49 17 98 10 58 85 5 18 72 60 97 14 67 8 46 60 83 43 21 85 46 31 79 71 38 7 66 57 2 52 23 26 52 51 14 46 33 73 21 57
27 79 5 42 76 44 1 93 79 79 60 9 96 36 50 81 24 74 53 25 97 89 19 45 75 75 35 84 73 86 49 89 47 5 0 85 38 26 42 32 72 40 99 90 78 80 36 38 45 17
86 26 63 47 20 14 12 57 51 18 61 45 52 81 65 62 90 57 22 78 97 42 43 58 35 49 38 85 94 21 84 85 36 32 36 30 14 78 0 84 42 6 86 84 50 11 33 70 18 76
88 20 98 7 18 56 38 90 25 73 8 83 71 24 70 67 18 10 70 46 36 40 25 19 29 29 36 67 56 33 48 29 68 27 94 73 12 64 44 57 55 77 36 78 13 49 37 95 7 80
54 69 66 45 43 83 34 50 18 34 53 81 39 99 37 24 84 58 35 37 81 29 15 74 15 11 12 48 12 23 6 41 11 31 39 39 95 71 64 95 18 80 68 66 1 15 31 96 87 12
52 8 76 56 70 59 39 80 50 21 70 56 79 93 63 19 66 88 95 57 43 23 0 99 34 90 19 98 42 19 11 94 77 57 44 49 27 81 25 24 14 4 99 60 20 99 68 64 79 49
36 92 94 45 37 78 1 38 49 94 13 58 95 86 70 73 67 21 27 56 91 32 4 30 62 55 25 14 59 99 96 41 86 59 71 87 40 72 73 29 19 5 92 49 36 61 83 30 73 28
95 86 52 23 73 95 64 45 78 49 94 25 14 21 28 68 90 50 10 54 81 70 69 73 27 16 22 89 57 86 60 73 71 56 81 12 6 5 50 95 25 82 98 20 14 62 81 22 85 38
32 45 32 27 89 35 85 72 95 27 12 74 27 86 78 74 97 57 26 27 8 78 75 57 95 21 65 91 61 71 47 12 61 85 47 82 31 80 43 82 85 84 97 45 61 65 50 76 24 82
21 45 43 29 1 51 8 90 90 21 78 51 81 12 74 82 29 47 33 57 60 0 62 84 14 2 5 99 57 15 19 37 12 78 90 36 64 35 60 38 56 82 41 68 53 22 8 6 25 8
85 46 57 9 57 80 33 10 72 39 61 49 75 91 7 69 33 36 73 76 48 65 56 35 66 70 82 82 34 29 57 63 3 62 50 18 28 15 67 2 43 54 90 21 48 81 56 35 54 21
17 27 54 82 10 0 55 78 99 91 97 22 22 98 76 69 91 5 63 80 68 2 34 30 90 71 11 70 42 36 35 15 64 89 26 56 40 5 89 30 99 15 55 13 54 5 11 91 22 73
50 35 18 46 46 65 29 65 49 90 97 44 89 33 70 35 86 10 56 14 92 44 92 91 93 60 3 4 30 37 85 46 7 78 34 35 70 88 18 49 53 34 0 39 73 53 60 83 19 29
80 82 75 4 52 19 55 55 68 79 42 55 8 44 84 9 15 90 58 66 42 73 76 12 46 94 87 27 21 47 14 43 84 29 63 84 43 80 45 22 26 48 22 52 49 63 64 93 34 46
60 85 75 28 23 36 79 37 76 36 29 96 91 64 51 0 50 93 15 39 36 51 65 93 44 89 76 41 6 89 90 71 61 41 6 15 36 20 74 98 54 88 25 19 10 83 20 80 3 66
