11 43
0 0 1 1 2 3 4 5 5 6 7 7 8 8 9 9 10 11 11 12 12 13 13 14 15 16 16 17 18 19 19 20 20 21 21 22 22 23 24 24 25 25 26 26 27 28 28 29 30 30
31 31 32 33 33 3 34 35 36 36 37 38 39 40 40 41 42 42 43 44 45 46 47 47 15 48 48 17 18 49 50 51 52 52 53 54 55 55 56 56 57 58 59 59 27 60 61 29 62 62
63 63 64 64 65 65 34 66 66 67 37 38 68 68 69 41 70 71 71 44 72 46 73 73 74 74 75 76 76 49 50 51 77 77 53 54 78 79 79 80 81 58 82 83 83 60 61 84 84 85
86 86 87 87 88 88 89 90 91 92 93 93 94 95 69 96 97 98 99 99 72 100 101 102 103 103 75 104 104 105 105 106 107 108 109 109 78 110 110 80 81 111 112 113 113 114 114 115 116 85
117 117 118 118 119 120 89 90 91 92 121 122 94 123 124 125 97 98 126 127 128 128 101 129 129 130 130 131 132 132 133 106 107 134 134 135 136 136 137 138 138 111 112 139 139 140 140 115 141 141
142 143 144 144 119 120 145 146 146 147 121 148 148 123 124 125 149 150 126 127 151 152 152 153 154 155 156 131 157 157 133 158 158 159 160 135 161 161 137 162 163 163 164 165 166 166 167 168 168 169
170 143 171 172 172 173 145 174 175 147 176 176 177 178 179 179 149 180 181 182 151 183 184 185 154 155 156 186 186 187 188 189 190 159 191 191 192 192 193 193 194 194 164 165 195 195 167 196 196 197
170 198 198 199 199 173 200 200 175 201 201 202 177 203 203 204 204 180 181 182 205 183 184 185 206 207 207 208 208 187 188 189 209 209 210 210 211 212 213 214 215 216 217 218 219 220 220 221 221 197
222 223 223 224 224 225 226 227 228 229 229 202 230 231 231 232 233 233 234 234 205 235 235 236 206 237 238 239 239 240 241 242 243 244 244 245 211 212 213 214 215 216 217 218 219 246 247 247 248 249
222 250 250 251 251 252 226 227 228 253 253 254 254 255 255 232 256 256 257 258 258 259 260 236 261 261 238 262 262 240 241 242 243 263 263 245 264 265 266 266 267 268 268 269 270 270 271 271 272 249
273 274 275 276 277 252 278 279 280 281 282 282 283 283 284 284 285 285 257 286 287 259 260 288 289 289 290 291 291 292 293 293 294 295 295 296 296 265 297 297 267 298 298 299 299 300 300 301 272 302
273 274 303 276 277 304 278 279 280 281 305 306 307 308 308 309 309 310 310 286 311 312 312 288 313 313 290 314 315 292 316 317 294 318 319 320 321 321 322 323 323 324 324 325 326 326 327 328 328 302
329 330 303 331 332 304 333 334 335 335 305 306 307 336 336 337 338 339 340 341 311 342 342 343 343 344 345 345 315 346 347 317 348 318 319 349 350 350 351 351 352 353 354 325 355 355 327 356 357 357
329 358 359 331 360 360 333 334 361 362 363 364 364 365 365 337 338 339 340 341 366 366 367 368 369 344 370 370 371 346 347 372 373 373 374 349 375 375 376 377 377 353 354 378 378 379 379 356 380 380
381 358 382 383 384 384 385 385 361 362 386 386 387 388 389 390 391 392 393 393 394 395 396 368 397 398 399 400 371 401 401 402 402 403 374 404 404 405 405 406 406 407 408 409 409 410 411 411 412 412
381 413 382 383 414 414 415 415 416 416 417 417 387 388 389 390 418 392 419 419 394 395 396 420 397 398 399 400 421 422 423 424 425 425 426 426 427 427 428 429 430 407 408 431 432 433 434 434 435 436
437 437 438 439 440 441 442 443 443 444 444 445 446 446 447 448 418 449 450 450 451 451 452 452 453 453 454 454 421 422 423 424 455 456 456 457 457 458 458 429 430 459 459 431 460 433 461 461 435 436
462 462 438 439 463 441 442 464 465 465 466 445 467 467 447 448 468 449 469 470 470 471 472 473 473 474 475 476 477 477 478 479 455 480 480 481 482 483 483 484 484 485 485 486 460 487 488 488 489 489
490 490 491 491 463 492 492 464 493 493 466 494 494 495 496 496 497 497 469 498 498 471 499 500 500 501 475 476 502 502 478 479 503 503 504 504 482 505 505 506 507 507 508 486 509 509 510 510 511 512
513 514 514 515 515 516 517 517 518 519 519 520 521 521 522 523 524 525 526 526 527 528 499 529 529 501 530 530 531 532 532 533 534 534 535 535 536 536 537 506 538 538 539 540 541 541 542 542 511 543
544 545 545 546 546 516 547 547 518 548 548 549 549 550 522 523 551 525 552 552 527 553 553 554 554 555 556 557 557 558 558 559 559 560 561 561 562 563 563 564 565 566 539 540 567 568 569 569 570 543
544 571 572 573 574 575 576 576 577 578 579 580 580 550 581 582 551 583 583 584 584 585 585 586 586 587 556 588 588 589 590 590 591 592 592 593 562 594 595 564 565 566 596 596 597 568 598 599 599 600
601 571 572 573 574 575 602 602 577 578 579 603 604 604 581 605 605 606 606 607 607 608 609 609 610 587 611 612 612 589 613 613 591 614 615 593 616 617 595 618 618 619 619 620 597 621 622 623 624 624
625 626 626 627 628 629 629 630 631 631 632 603 633 633 634 635 636 636 637 638 639 608 640 641 642 643 644 645 645 646 647 647 648 614 649 649 616 617 650 650 651 652 652 653 653 621 622 623 654 654
625 655 655 627 628 656 657 630 658 659 632 660 660 661 634 635 662 663 637 638 639 664 640 641 642 643 644 665 666 646 667 668 669 670 671 672 673 674 674 675 651 676 676 677 677 678 678 679 680 680
681 681 682 683 684 656 657 685 658 659 686 687 688 688 689 689 662 663 690 691 692 664 693 694 695 695 696 696 666 697 667 668 669 670 671 672 698 699 699 700 701 702 703 703 704 704 705 679 706 706
707 707 682 683 684 708 709 709 710 710 711 687 712 712 713 714 714 715 716 691 692 717 717 694 718 718 719 719 720 697 721 722 723 724 724 725 698 726 727 700 701 702 728 729 730 731 732 732 733 734
735 735 736 737 738 738 739 740 740 741 711 742 743 744 713 745 746 715 716 747 748 748 749 750 751 751 752 753 753 754 754 722 755 756 756 725 757 757 727 758 758 759 760 729 730 731 761 762 762 734
763 764 764 737 765 765 739 766 766 741 767 767 743 744 768 745 746 769 769 770 771 771 772 750 773 774 775 775 776 777 778 778 755 779 779 780 780 781 781 782 783 784 760 785 786 787 788 788 789 789
763 790 790 791 792 792 793 794 795 796 796 797 798 799 800 801 801 802 802 770 803 803 772 804 804 774 805 806 807 777 808 809 810 810 811 811 812 812 813 782 814 784 815 785 786 787 816 817 818 818
819 820 820 821 822 822 793 794 823 823 824 797 798 799 800 825 826 827 827 828 828 829 829 830 830 831 805 806 807 832 832 809 833 833 834 835 836 837 838 838 814 839 815 840 840 841 816 817 842 842
843 844 844 821 845 845 846 846 847 847 848 848 849 850 851 825 852 852 853 854 854 855 856 857 858 858 859 860 861 862 863 863 864 865 834 866 836 867 867 868 869 839 870 871 872 873 874 874 875 875
843 876 877 877 878 879 880 881 881 882 883 884 884 850 851 885 885 886 853 887 888 888 856 857 889 889 859 860 861 890 890 891 864 892 892 866 893 894 895 896 869 897 870 898 872 873 899 900 900 901
902 902 903 903 878 879 904 905 905 882 883 906 907 908 909 910 910 886 911 887 912 913 914 914 915 916 916 917 918 919 919 891 920 921 922 922 923 894 895 896 924 924 925 898 926 927 928 929 930 930
931 932 932 933 934 935 904 936 937 937 938 906 907 908 909 939 939 940 941 942 942 913 943 944 945 946 946 917 947 948 949 950 951 921 952 953 923 954 955 955 956 957 925 958 958 927 928 929 959 960
931 961 961 933 934 962 962 936 963 963 964 964 965 966 967 967 968 968 941 969 969 970 943 944 945 971 971 972 947 948 949 950 951 973 952 953 974 975 976 976 956 957 977 977 978 979 979 980 980 960
981 982 983 983 984 984 985 985 986 986 987 987 965 966 988 989 990 991 992 992 993 970 994 994 995 995 996 972 997 998 998 999 1000 973 1001 1001 974 975 1002 1003 1004 1004 1005 1006 978 1007 1008 1008 1009 1009
981 982 1010 1010 1011 1012 1013 1014 1015 1015 1016 1017 1018 1018 988 989 990 991 1019 1019 993 1020 1020 1021 1022 1023 996 1024 997 1025 1026 1026 1000 1027 1028 1028 1029 1029 1002 1030 1031 1032 1005 1006 1033 1007 1034 1034 1035 1035
1036 1037 1037 1038 1038 1012 1013 1014 1039 1039 1016 1017 1040 1040 1041 1042 1043 1043 1044 1045 1045 1046 1046 1021 1022 1047 1047 1024 1048 1048 1049 1050 1050 1051 1051 1052 1052 1053 1053 1030 1031 1032 1054 1055 1056 1057 1058 1058 1059 1060
1061 1062 1063 1063 1064 1064 1065 1065 1066 1066 1067 1068 1069 1069 1070 1042 1071 1072 1073 1074 1075 1076 1076 1077 1077 1078 1079 1079 1080 1080 1049 1081 1082 1083 1083 1084 1084 1085 1085 1086 1086 1087 1054 1055 1056 1057 1088 1089 1089 1060
1061 1090 1091 1091 1092 1092 1093 1094 1095 1096 1096 1068 1097 1097 1070 1098 1098 1072 1073 1074 1099 1099 1100 1101 1101 1102 1102 1103 1104 1105 1105 1081 1082 1106 1107 1108 1108 1109 1109 1110 1110 1087 1111 1111 1112 1113 1114 1114 1115 1115
1116 1090 1117 1118 1119 1120 1093 1094 1095 1121 1122 1123 1124 1125 1125 1126 1127 1128 1128 1129 1130 1131 1100 1132 1132 1133 1134 1134 1104 1135 1136 1136 1137 1137 1107 1138 1138 1139 1140 1140 1141 1142 1142 1143 1143 1113 1144 1145 1146 1146
1147 1148 1117 1118 1119 1149 1149 1150 1150 1121 1122 1123 1124 1151 1152 1126 1153 1153 1154 1154 1130 1131 1155 1156 1156 1133 1157 1158 1158 1135 1159 1160 1161 1161 1162 1163 1164 1164 1165 1165 1141 1166 1166 1167 1168 1169 1144 1170 1170 1171
1147 1148 1172 1172 1173 1174 1175 1175 1176 1176 1177 1178 1178 1151 1152 1179 1179 1180 1181 1182 1183 1184 1155 1185 1185 1186 1187 1188 1188 1189 1190 1160 1191 1192 1162 1163 1193 1193 1194 1195 1196 1196 1197 1167 1168 1169 1198 1198 1199 1171
1200 1201 1201 1202 1202 1174 1203 1203 1204 1204 1177 1205 1205 1206 1207 1208 1208 1180 1181 1182 1209 1184 1210 1211 1211 1186 1187 1212 1213 1189 1190 1214 1191 1192 1215 1215 1216 1217 1194 1195 1218 1218 1197 1219 1220 1221 1221 1222 1222 1223
1200 1224 1224 1225 1225 1226 1226 1227 1227 1228 1228 1229 1229 1206 1230 1230 1231 1231 1232 1232 1209 1233 1233 1234 1234 1235 1235 1236 1213 1237 1238 1239 1239 1240 1240 1241 1216 1217 1242 1243 1244 1245 1246 1219 1220 1247 1247 1248 1248 1249
1250 1251 1252 1252 1253 1254 1254 1255 1256 1256 1257 1258 1259 1259 1260 1260 1261 1261 1262 1262 1263 1264 1265 1265 1266 1267 1268 1236 1269 1237 1238 1270 1270 1271 1271 1241 1272 1272 1242 1273 1244 1245 1274 1275 1276 1277 1278 1278 1279 1249
1250 1251 1280 1281 1281 1282 1283 1255 1284 1285 1257 1258 1286 1287 1287 1288 1289 1289 1290 1291 1263 1264 1292 1292 1293 1267 1294 1294 1269 1295 1296 1297 1297 1298 1299 1299 1300 1301 1301 1273 1302 1302 1274 1275 1276 1303 1303 1304 1305 1306
1307 1308 1308 1309 1310 1282 1283 1311 1284 1312 1312 1313 1314 1315 1316 1288 1317 1317 1290 1291 1318 1318 1319 1319 1293 1320 1321 1322 1322 1295 1296 1323 1324 1325 1325 1326 1327 1328 1329 1329 1330 1331 1331 1332 1333 1334 1334 1335 1305 1306
1336 1336 1337 1309 1338 1338 1339 1340 1340 1341 1342 1342 1314 1315 1343 1343 1344 1344 1345 1346 1346 1347 1347 1348 1349 1349 1321 1350 1350 1351 1352 1352 1324 1353 1353 1326 1327 1328 1354 1354 1330 1355 1355 1332 1333 1356 1356 1335 1357 1357
16 57 73 5 46 21 51 79 29 37 35 87 55 54 56 38 24 5 94 21 41 28 95 68 34 98 71 96 95 90 21 54 6 3 80 58 56 52 3 5 9 64 55 25 35 10 58 7 63 36
2 49 53 40 36 0 51 51 26 10 1 73 37 5 44 96 53 96 34 31 54 94 80 3 6 85 2 61 63 75 2 11 87 12 30 44 33 45 99 73 73 30 25 64 70 68 67 86 38 42
91 31 60 46 44 73 14 46 37 2 44 57 2 74 69 66 90 58 15 0 12 19 2 98 94 78 42 68 25 97 25 34 92 38 93 63 10 54 85 37 89 33 69 97 53 80 5 57 90 28
35 21 42 0 67 95 22 13 79 35 42 74 54 35 88 99 66 22 64 48 38 48 38 88 6 55 91 27 89 53 50 32 18 45 22 17 7 14 45 43 19 10 60 0 96 82 5 31 23 80
77 81 39 16 12 92 58 35 89 41 23 8 68 68 93 40 72 74 7 99 86 73 87 43 1 84 5 24 11 67 48 24 77 3 1 54 1 67 99 53 36 2 90 57 29 99 53 28 29 46
73 44 59 39 26 95 53 49 36 85 46 72 43 5 54 56 52 44 4 58 0 53 23 16 7 33 5 77 97 45 89 65 53 47 71 34 48 28 16 76 97 98 37 54 26 68 53 50 96 79
5 42 0 12 41 0 40 86 62 4 54 23 39 48 6 55 53 12 59 11 67 18 7 99 14 23 62 53 98 43 35 84 19 17 94 55 55 55 17 86 35 55 24 55 8 52 75 99 40 85
18 88 73 17 90 33 94 93 59 2 61 55 94 44 77 65 23 94 63 61 36 50 41 89 98 54 86 72 12 78 73 61 84 84 12 99 17 79 27 35 8 27 22 47 42 77 49 96 38 49
7 40 22 87 95 29 8 31 37 77 68 65 21 36 99 79 99 82 50 81 44 5 88 42 71 54 30 33 4 69 45 59 38 76 43 76 24 52 94 53 9 44 12 15 69 65 49 96 7 66
83 82 9 2 36 52 7 13 96 63 63 22 87 61 63 85 64 19 6 22 23 84 17 35 63 1 67 48 44 21 4 71 36 96 93 36 7 93 65 22 90 15 54 18 43 47 52 1 0 46
87 56 62 52 81 46 13 46 26 14 19 57 15 81 77 22 9 19 78 61 51 53 62 7 49 76 16 61 16 6 20 83 80 0 66 13 56 9 61 83 71 98 51 44 6 77 16 20 68 10
8 95 63 71 89 32 64 40 95 19 59 20 93 30 43 71 39 68 87 71 85 77 63 56 94 61 61 22 77 65 92 45 10 31 3 7 36 93 73 22 57 21 32 56 70 3 35 60 40 57
54 50 75 57 65 39 50 4 96 95 96 60 85 0 85 6 27 63 14 98 74 79 31 72 29 16 63 30 25 32 83 96 90 71 15 92 14 98 8 35 28 22 91 5 47 11 3 65 28 47
18 59 49 41 98 13 72 99 86 41 28 40 57 39 54 6 83 95 86 52 84 18 57 33 10 6 40 43 14 12 19 4 48 25 84 51 61 80 79 24 44 89 32 66 72 40 98 51 74 69
76 40 97 6 56 37 23 44 47 11 58 6 57 18 16 6 68 94 73 81 24 43 21 87 93 58 54 43 18 81 98 5 76 1 21 22 52 71 19 36 41 18 2 28 25 92 70 45 65 33
16 70 32 29 64 62 91 41 86 80 32 49 15 48 96 76 17 99 5 12 10 50 97 12 3 75 17 99 7 69 7 61 17 90 77 24 73 44 49 69 65 22 10 84 56 44 32 47 41 78
98 26 79 26 15 75 43 4 54 8 28 46 91 94 92 14 49 62 24 75 45 72 45 38 55 26 14 30 59 52 60 69 3 60 83 48 50 15 59 18 70 75 76 27 75 84 46 22 27 13
77 90 90 53 7 11 99 30 72 58 34 60 28 25 32 17 53 36 6 23 8 89 32 29 48 70 67 26 35 26 30 16 72 41 66 28 87 19 70 46 41 29 0 53 73 11 91 72 4 38
22 69 59 30 92 46 51 91 95 9 89 73 39 40 75 13 96 52 66 81 7 27 8 98 41 6 12 21 95 68 70 20 3 2 57 85 73 30 15 95 77 55 87 1 94 35 63 17 49 62
71 49 25 13 89 18 39 2 52 54 7 60 33 71 61 11 65 97 33 87 74 55 5 20 94 15 41 47 84 74 42 26 39 68 7 67 60 0 72 37 40 28 34 21 12 14 25 77 79 37
97 94 98 18 74 97 92 51 34 97 70 21 37 29 81 30 90 43 59 95 68 99 4 32 17 77 38 37 51 83 36 47 48 70 21 75 95 44 39 19 92 90 27 13 20 41 37 83 12 67
11 94 30 52 12 43 60 20 24 62 14 64 25 36 84 17 4 65 71 5 62 14 32 17 51 95 69 2 41 23 10 0 97 11 42 1 54 42 87 18 13 96 36 23 80 52 58 5 20 22
95 50 51 5 84 12 52 33 69 93 53 17 0 87 57 81 20 17 94 90 15 89 2 63 33 33 67 58 45 69 44 3 87 63 49 54 88 73 7 35 5 20 71 92 81 86 25 89 1 35
6 78 58 80 30 6 99 82 57 97 38 45 91 70 63 29 9 98 0 74 55 92 65 55 80 38 33 46 65 45 37 20 84 15 9 73 92 36 49 66 36 85 87 76 24 43 44 14 3 91
92 58 43 29 7 4 62 58 14 65 92 74 78 57 8 26 83 63 42 28 44 66 56 65 41 23 43 72 61 87 27 23 23 20 98 60 7 98 42 42 86 41 98 84 19 54 99 69 79 89
13 6 5 32 32 28 93 63 14 77 23 7 84 87 49 76 95 94 80 72 11 82 19 19 79 48 71 70 69 65 98 15 31 85 40 64 99 55 75 74 26 39 87 24 57 34 18 94 81 46
68 81 3 88 38 48 32 75 31 15 56 76 9 15 68 7 54 9 90 51 48 78 16 8 61 61 79 82 26 91 75 64 16 20 75 96 45 85 38 78 75 52 70 15 88 66 39 8 70 78
64 73 41 73 92 19 33 94 74 87 59 40 56 23 26 83 62 28 61 9 33 14 93 59 51 99 13 78 81 6 56 97 26 41 21 42 83 31 82 73 83 26 82 2 82 97 4 3 31 86
79 17 35 97 19 24 63 51 58 75 92 21 18 91 76 59 52 26 68 46 62 85 10 55 48 11 14 89 19 10 97 49 98 66 81 6 21 66 3 11 12 44 72 12 78 88 48 27 61 33
45 27 71 4 34 18 76 38 90 10 29 18 68 29 45 87 90 60 39 61 26 65 14 71 29 28 47 94 47 85 67 76 65 82 59 57 89 1 80 46 7 59 64 75 54 95 98 65 94 30
83 6 25 26 48 36 76 85 34 29 80 9 31 71 72 14 9 4 84 22 53 55 44 89 17 32 10 55 75 49 26 49 98 1 7 94 2 30 56 82 76 87 64 37 67 45 23 89 1 56
90 9 41 39 25 60 86 99 40 4 50 87 88 20 62 40 87 20 78 55 12 34 43 60 95 51 1 74 6 14 8 0 36 91 94 71 66 76 52 56 62 75 23 86 33 71 68 45 55 63
64 52 98 15 13 37 60 53 82 70 42 10 40 2 83 94 7 53 48 33 91 33 2 66 53 13 30 71 3 3 71 41 47 89 39 57 68 49 69 31 51 71 22 96 16 97 67 49 71 16
37 14 23 25 23 70 90 11 90 54 6 78 70 65 39 6 69 63 53 43 2 59 44 12 53 32 15 79 12 95 61 75 8 19 17 21 74 16 90 79 58 85 37 99 73 41 47 74 7 45
22 67 52 52 65 8 93 99 55 34 44 42 83 88 74 47 76 27 3 47 10 2 66 70 87 71 72 66 87 51 29 12 93 42 81 62 46 38 1 85 73 45 4 33 69 84 67 6 46 81
97 62 3 82 50 12 7 45 53 27 63 10 58 93 10 43 46 9 37 38 35 73 75 7 93 39 51 17 89 8 72 53 62 96 62 43 13 46 58 19 24 49 13 96 22 49 58 99 62 25
67 87 21 37 72 12 42 20 32 91 28 40 20 61 27 71 28 56 45 11 37 8 34 69 95 6 96 33 82 55 68 56 8 31 50 66 54 74 34 94 46 71 7 48 7 35 98 98 28 0
73 29 39 26 10 31 0 99 13 64 49 65 76 90 7 32 89 51 59 95 4 16 8 47 93 77 78 90 51 18 68 35 12 79 58 70 87 75 4 40 14 39 74 78 51 81 88 7 80 45
37 59 73 10 80 13 19 92 69 54 64 82 6 27 91 19 67 5 52 80 60 65 95 47 66 72 66 63 39 2 93 46 93 59 48 25 72 23 27 71 30 53 45 10 84 26 54 32 49 73
77 45 62 41 91 90 65 5 53 60 51 89 50 69 99 91 47 87 29 97 94 10 69 1 29 79 54 24 61 95 5 9 3 5 84 89 32 21 55 71 89 30 89 7 81 89 1 57 69 93
25 92 41 8 84 48 87 94 50 51 23 15 52 12 54 74 13 1 49 49 13 99 74 5 16 50 53 76 94 68 68 72 12 89 0 78 72 54 41 37 6 4 28 75 34 11 48 97 53 91
80 83 89 92 61 33 55 22 58 13 67 32 16 41 14 75 30 40 12 91 35 68 1 47 40 91 0 93 3 77 98 12 26 1 56 25 47 80 33 5 58 46 42 1 33 54 26 22 49 24
68 97 87 42 7 34 58 78 93 15 47 24 34 81 94 15 54 90 38 3 31 19 61 52 69 32 36 96 6 0 3 56 58 25 67 65 85 57 42 42 45 8 46 21 57 28 77 19 0 8
35 63 77 77 79 34 90 83 11 59 93 24 45 29 44 27 56 54 7 12 84 3 27 16 82 6 81 3 5 31 85 21 63 25 43 50 95 62 29 54 32 40 74 99 94 68 95 11 65 46
74 62 39 91 54 16 9 92 40 67 0 75 67 95 78 97 28 15 26 27 91 58 45 79 99 74 10 78 3 82 82 55 83 61 46 74 22 95 2 87 20 68 68 7 88 50 56 69 43 39
86 27 52 70 13 39 4 64 25 49 55 3 11 5 93 17 19 55 80 77 12 80 69 68 12 33 54 18 78 59 48 27 48 0 49 54 2 59 77 61 7 90 45 23 14 15 41 35 21 55
92 62 63 33 93 30 75 97 85 33 44 99 47 17 80 65 69 60 87 1 87 8 33 74 43 39 8 50 97 28 12 92 53 45 86 13 5 8 98 84 82 50 22 44 38 48 8 41 43 27
54 93 83 54 32 6 59 61 74 21 21 33 3 72 30 69 41 78 2 3 40 90 35 78 92 55 75 24 14 41 89 92 28 77 48 31 78 51 2 4 59 71 59 94 35 52 17 30 63 59
55 24 96 35 93 29 19 80 46 72 53 85 33 81 4 51 99 95 91 37 21 97 15 4 71 7 10 96 83 77 88 30 17 18 83 99 53 62 29 42 36 92 75 49 95 48 79 42 79 32
76 0 42 41 1 42 68 33 59 52 28 44 59 77 76 40 46 70 98 51 69 74 97 32 19 42 61 89 99 17 52 41 77 38 95 45 53 21 71 16 76 14 23 3 88 37 97 0 46 91
