30 28
0 1 1 2 3 3 4 5 5 6 7 7 8 8 9 10 10 11 12 13 14 15 16 17 17 18 18 19 20 20 21 22 22 23 24 24 25 25 26 26 27 27 28 29 30 30 31 31 32 33
0 34 34 35 36 37 4 38 39 39 40 40 41 41 9 42 42 11 12 13 14 15 43 44 45 46 46 19 47 47 48 48 49 49 50 51 51 52 52 53 54 55 28 29 56 56 57 58 59 33
60 60 61 35 36 62 62 38 63 64 65 65 66 66 67 68 68 69 70 71 72 72 43 44 45 73 74 75 75 76 76 77 77 78 78 79 80 80 81 81 54 55 82 82 83 84 57 58 59 85
86 86 87 88 89 90 90 91 91 64 92 93 94 95 95 96 96 69 70 97 97 98 98 99 99 73 74 100 101 101 102 102 103 104 104 79 105 105 106 107 107 108 109 109 83 110 110 111 111 85
112 112 87 88 113 113 114 115 116 117 92 93 118 118 119 120 120 121 121 122 122 123 123 124 125 126 127 100 128 129 130 131 103 132 133 134 135 135 106 136 137 108 138 138 139 139 140 141 141 142
143 143 144 144 145 146 114 115 116 117 147 147 148 149 119 150 150 151 152 152 153 153 154 124 125 126 155 156 128 157 130 131 158 158 133 159 159 160 161 136 137 162 163 164 165 166 140 167 168 169
170 170 171 171 145 172 172 173 174 174 175 175 176 149 177 177 178 151 179 180 180 181 154 182 183 183 155 184 185 157 186 187 187 188 189 190 190 160 161 191 192 192 163 164 165 166 193 193 168 169
194 195 195 196 196 197 198 199 199 200 200 201 176 202 202 203 204 205 179 206 207 181 208 209 210 211 212 184 185 213 186 214 215 215 189 216 217 217 218 191 219 220 221 222 223 224 224 225 226 226
194 227 228 228 229 197 198 230 231 232 232 201 233 234 235 203 204 205 236 237 207 238 238 209 210 211 212 239 240 240 241 214 242 242 243 216 244 244 218 245 219 246 221 222 223 247 248 248 249 249
250 227 251 251 229 252 252 230 231 253 253 254 254 234 235 255 255 256 257 237 258 259 260 260 261 261 262 239 263 264 241 265 266 266 243 267 268 269 270 245 271 246 272 273 273 247 274 275 276 277
250 278 278 279 279 280 281 282 282 283 284 284 285 285 286 287 287 256 257 288 258 259 289 290 290 291 262 292 263 264 293 265 294 295 296 297 268 269 270 298 298 299 299 300 301 301 274 275 276 302
303 304 305 305 306 280 281 307 308 309 309 310 310 311 312 312 313 314 314 288 315 316 316 317 318 291 319 319 320 321 322 322 323 295 296 297 324 324 325 325 326 327 327 300 328 328 329 330 330 302
331 304 332 332 306 333 333 307 334 335 336 336 337 337 338 338 313 339 339 340 315 341 342 317 318 343 344 344 320 321 345 346 323 347 348 348 349 350 351 352 352 353 353 354 354 355 329 356 356 357
331 358 359 359 360 361 362 362 334 335 363 363 364 365 366 367 367 368 369 370 371 372 342 373 374 343 375 375 376 376 345 346 377 347 378 379 349 380 351 381 382 383 384 384 385 386 387 388 388 357
389 358 390 391 392 361 393 394 394 395 395 396 397 365 366 398 399 368 369 370 371 372 400 373 374 401 402 402 403 404 405 406 406 407 407 379 408 380 409 381 382 410 410 411 385 386 387 412 413 414
389 415 390 391 392 416 393 417 418 418 419 396 397 420 421 421 399 422 422 423 424 425 426 426 427 428 429 430 403 404 405 431 432 433 433 434 435 436 437 438 438 439 439 411 440 440 441 412 413 414
442 443 444 445 445 416 446 417 447 447 448 448 449 449 450 451 451 452 452 423 424 425 453 453 454 428 429 430 455 455 456 431 457 458 459 434 435 436 437 460 461 461 462 463 464 464 465 466 466 467
468 443 469 469 470 470 446 471 472 473 474 474 475 475 450 476 477 478 479 479 480 480 481 481 454 482 483 483 484 485 456 486 457 458 459 487 488 489 489 460 490 491 462 492 492 493 465 494 495 467
468 496 497 498 499 499 500 471 472 473 501 501 502 503 503 476 477 478 504 505 506 507 508 508 509 509 510 511 512 485 513 486 514 515 516 487 488 517 517 518 490 491 519 520 521 521 522 522 495 523
524 524 497 498 525 526 500 527 528 528 529 530 502 531 532 533 534 534 535 505 506 507 536 536 537 537 538 511 512 539 513 540 514 541 516 542 543 544 545 518 546 546 547 520 548 548 549 550 550 523
551 552 553 554 525 526 555 527 556 556 529 530 557 531 532 533 558 559 535 560 561 562 562 563 564 564 538 565 566 539 567 540 568 541 569 542 543 544 545 570 571 571 547 572 573 574 549 575 575 576
551 552 553 554 577 578 555 579 580 581 582 583 557 584 585 585 558 559 586 586 561 587 587 563 588 589 590 565 566 591 567 592 593 594 569 595 596 597 598 598 599 600 601 572 573 602 602 603 603 576
604 605 605 606 577 578 607 579 608 581 582 583 609 609 610 611 611 612 613 614 614 615 616 617 588 589 590 618 619 620 621 592 593 622 622 595 596 597 623 623 599 600 601 624 625 626 627 627 628 629
604 630 630 606 631 631 607 632 608 633 633 634 634 635 610 636 636 612 613 637 638 615 616 617 639 640 640 641 619 620 621 642 643 644 644 645 645 646 646 647 647 648 648 624 625 649 649 650 628 629
651 652 653 654 654 655 655 632 656 657 658 659 660 660 661 661 662 662 663 664 638 665 666 667 667 668 668 641 669 670 671 642 643 672 672 673 673 674 675 675 676 677 677 678 679 679 680 680 681 682
651 652 653 683 684 684 685 686 687 657 658 659 688 688 689 690 690 691 663 664 692 665 666 693 693 694 695 696 669 670 671 697 698 699 700 700 701 674 702 702 676 703 704 678 705 706 707 707 681 682
708 708 709 709 710 710 685 686 687 711 712 713 713 714 689 715 715 691 716 716 717 717 718 719 719 694 720 696 721 722 722 697 698 723 724 724 725 726 727 728 729 703 730 731 731 706 732 732 733 734
735 735 736 736 737 738 739 740 741 711 742 742 743 714 744 744 745 746 747 747 748 749 749 750 751 751 720 752 753 754 755 756 757 723 758 759 725 726 727 728 760 760 730 761 762 762 763 763 764 734
765 765 766 766 737 738 739 740 767 768 768 769 743 770 770 771 772 746 773 773 748 774 775 750 776 777 778 752 753 754 779 756 757 780 758 781 781 782 783 784 784 785 785 786 786 787 787 788 764 789
790 791 792 792 793 794 794 795 767 796 796 769 797 798 798 771 772 799 799 800 801 801 775 802 776 777 803 803 804 804 779 805 806 780 807 807 808 808 783 809 809 810 811 811 812 813 814 788 815 816
790 791 817 817 793 818 819 795 820 820 821 822 797 823 823 824 824 825 826 800 827 828 828 829 829 830 831 832 833 834 834 805 806 835 836 837 838 839 839 840 841 842 842 843 812 813 844 844 815 816
845 845 846 847 848 848 819 849 850 850 821 851 852 852 853 853 854 825 855 855 827 856 856 857 858 830 831 832 833 859 859 860 860 861 836 837 862 863 864 840 841 865 865 843 866 866 867 867 868 869
870 870 846 847 871 871 872 849 873 873 874 851 875 876 877 878 854 879 880 881 881 882 882 883 858 884 885 885 886 887 887 888 888 861 889 889 862 863 864 890 890 891 891 892 892 893 893 894 894 869
895 896 896 897 897 898 872 899 899 900 874 901 875 876 877 878 902 902 880 903 904 905 905 883 906 906 907 907 886 908 908 909 909 910 911 912 913 914 915 915 916 916 917 917 918 919 920 920 921 922
895 923 923 924 924 925 925 926 926 900 927 927 928 929 930 930 931 932 933 933 904 934 935 935 936 937 938 938 939 939 940 940 941 941 911 942 913 914 943 944 944 945 945 946 918 919 947 947 921 922
948 949 949 950 951 951 952 953 953 954 955 956 928 929 957 958 931 932 959 959 960 961 962 963 936 964 964 965 965 966 966 967 967 968 968 942 969 970 943 971 972 973 974 946 975 975 976 976 977 978
948 979 980 950 981 982 952 983 983 954 955 956 984 985 985 958 986 987 987 988 960 961 962 989 990 991 991 992 993 993 994 994 995 995 996 996 997 970 998 971 972 999 974 1000 1001 1002 1003 1003 977 978
1004 1005 980 1006 981 982 1007 1008 1009 1010 1010 1011 984 1012 1013 1014 986 1015 1015 988 1016 1016 1017 989 1018 1018 1019 1020 1021 1021 1022 1023 1024 1025 1026 1026 997 1027 998 1028 1028 999 1029 1000 1001 1002 1030 1031 1031 1032
1004 1005 1033 1006 1034 1035 1007 1008 1036 1037 1037 1038 1039 1039 1013 1014 1040 1041 1041 1042 1043 1044 1044 1045 1046 1046 1019 1020 1047 1048 1048 1023 1024 1049 1049 1050 1051 1027 1052 1052 1053 1053 1029 1054 1055 1056 1056 1057 1057 1032
1058 1058 1059 1060 1061 1035 1062 1062 1036 1063 1064 1038 1065 1065 1066 1067 1067 1068 1069 1042 1043 1070 1071 1045 1072 1072 1073 1073 1047 1074 1074 1075 1076 1076 1077 1077 1051 1078 1078 1079 1080 1080 1081 1054 1082 1082 1083 1083 1084 1084
1085 1085 1059 1060 1061 1086 1087 1087 1088 1063 1064 1089 1089 1090 1091 1092 1092 1068 1069 1093 1094 1070 1071 1095 1096 1096 1097 1097 1098 1099 1099 1075 1100 1100 1101 1102 1102 1103 1103 1104 1104 1105 1106 1106 1107 1107 1108 1109 1109 1110
1111 1111 1112 1112 1113 1086 1114 1115 1088 1116 1116 1117 1118 1118 1091 1119 1120 1120 1121 1121 1094 1122 1123 1123 1124 1125 1125 1126 1127 1127 1128 1128 1129 1130 1101 1131 1132 1132 1133 1133 1134 1105 1135 1136 1136 1137 1108 1138 1139 1139
1140 1140 1141 1141 1142 1142 1114 1143 1143 1144 1145 1117 1146 1146 1147 1148 1149 1150 1150 1151 1152 1153 1153 1154 1155 1155 1156 1126 1157 1158 1158 1159 1129 1130 1160 1131 1161 1162 1163 1163 1164 1164 1135 1165 1165 1166 1166 1138 1167 1167
1168 1168 1169 1169 1170 1170 1171 1171 1172 1172 1145 1173 1173 1174 1147 1148 1149 1175 1176 1176 1152 1177 1178 1154 1179 1180 1181 1181 1157 1182 1182 1159 1183 1183 1184 1185 1161 1186 1186 1187 1187 1188 1188 1189 1190 1191 1192 1192 1193 1193
1194 1195 1195 1196 1196 1197 1198 1198 1199 1199 1200 1200 1201 1174 1202 1202 1203 1204 1204 1205 1205 1177 1178 1206 1179 1180 1207 1208 1208 1209 1210 1211 1211 1212 1184 1185 1213 1214 1215 1216 1217 1218 1219 1189 1190 1191 1220 1221 1221 1222
1194 1223 1223 1224 1224 1225 1226 1227 1227 1228 1228 1229 1201 1230 1231 1231 1203 1232 1233 1234 1234 1235 1235 1206 1236 1237 1207 1238 1239 1209 1210 1240 1241 1212 1242 1242 1243 1214 1215 1216 1217 1218 1244 1244 1245 1245 1220 1246 1246 1222
1247 1247 1248 1248 1249 1225 1250 1250 1251 1252 1253 1253 1254 1230 1255 1256 1257 1232 1233 1258 1259 1259 1260 1260 1261 1237 1262 1238 1239 1263 1263 1240 1241 1264 1265 1265 1243 1266 1267 1268 1269 1269 1270 1270 1271 1271 1272 1272 1273 1273
1274 1274 1275 1275 1276 1276 1277 1277 1278 1252 1279 1280 1280 1281 1255 1256 1257 1282 1283 1258 1284 1285 1285 1286 1261 1287 1262 1288 1288 1289 1290 1290 1291 1264 1292 1293 1294 1295 1267 1268 1296 1297 1297 1298 1299 1300 1301 1301 1302 1302
1303 1303 1304 1305 1306 1307 1308 1308 1278 1309 1279 1310 1310 1281 1311 1311 1312 1282 1283 1313 1314 1315 1315 1316 1316 1287 1317 1318 1319 1319 1320 1320 1291 1321 1292 1293 1294 1295 1322 1322 1296 1323 1324 1325 1299 1300 1326 1327 1327 1328
1329 1330 1330 1305 1306 1331 1331 1332 1332 1309 1333 1333 1334 1334 1335 1335 1312 1336 1336 1313 1314 1337 1338 1338 1339 1339 1317 1340 1340 1341 1341 1342 1342 1321 1343 1343 1344 1344 1345 1345 1346 1346 1324 1325 1347 1348 1348 1349 1350 1350
28 40 98 79 11 81 95 34 55 86 39 5 83 91 34 70 68 79 73 47 31 58 21 64 7 97 10 31 48 68 41 72 48 35 88 95 9 84 7 36 96 82 81 66 57 78 54 89 43 25
57 60 62 69 96 78 99 51 51 40 99 79 72 12 4 99 97 76 99 88 64 32 61 93 80 8 28 54 82 13 25 18 24 90 54 8 28 36 13 99 35 79 98 76 83 14 57 95 57 80
10 8 40 71 75 33 98 82 92 18 43 66 11 33 58 75 96 9 37 0 99 83 35 28 79 20 39 73 73 1 32 86 22 88 90 43 71 14 64 57 60 3 84 12 46 82 72 41 91 95
20 39 61 91 23 61 83 33 85 24 77 38 11 96 84 49 33 7 4 26 57 29 60 51 82 2 33 43 75 77 49 14 26 24 89 84 98 59 13 37 80 54 37 18 6 38 99 62 38 70
10 72 23 43 20 41 80 47 33 70 53 64 16 78 59 70 90 99 85 85 89 42 95 62 47 48 36 17 66 43 91 65 90 69 75 87 96 33 13 75 87 19 42 44 94 4 75 44 45 57
86 97 97 86 13 83 23 96 59 20 68 26 89 96 47 20 72 54 97 73 41 36 30 52 76 25 6 42 86 23 48 57 55 20 5 57 55 55 52 93 59 69 14 83 29 90 35 38 26 64
92 6 72 72 30 19 65 69 66 21 42 53 52 64 32 55 62 68 56 88 83 88 69 73 43 87 76 15 13 75 93 94 86 99 99 46 93 97 10 32 88 64 92 67 30 72 80 84 66 75
41 34 3 45 45 20 1 93 95 22 50 81 72 31 57 80 27 20 12 1 42 56 86 45 4 44 63 9 30 43 52 75 32 72 99 65 53 83 56 33 66 50 61 36 19 35 55 19 88 50
26 1 63 54 52 57 99 28 94 11 40 0 48 33 4 82 95 11 91 85 82 92 21 93 85 94 91 33 39 91 60 14 1 64 86 17 83 87 17 66 46 79 12 96 38 48 83 95 15 46
5 5 62 25 17 2 20 48 84 86 70 38 48 58 69 37 28 84 24 67 74 94 7 59 22 11 17 62 84 11 99 64 62 68 28 81 16 85 0 11 83 75 41 95 37 19 7 99 26 17
23 69 98 66 10 83 7 69 25 1 68 50 29 64 51 45 89 40 19 92 2 97 49 5 74 68 86 84 75 90 65 92 95 75 6 80 42 68 39 8 61 16 61 14 57 88 84 1 2 56
44 60 54 84 93 53 66 14 59 1 85 65 54 65 42 39 68 81 90 23 86 81 89 74 49 42 62 46 8 52 13 73 99 94 67 74 46 80 11 29 89 6 77 84 91 51 51 73 7 25
80 15 49 86 73 75 31 34 84 62 14 44 41 66 4 76 11 18 81 69 87 42 95 25 7 27 98 59 97 27 49 75 15 45 49 50 76 72 73 23 33 50 3 34 34 30 65 85 72 12
20 75 35 17 82 64 88 84 37 14 61 41 17 41 73 54 43 77 57 36 49 70 47 31 99 67 82 65 92 31 51 38 15 71 65 13 48 57 30 75 25 94 85 69 14 75 50 43 8 11
43 0 50 6 41 23 25 91 24 35 94 67 27 68 48 76 18 36 59 15 11 47 55 33 36 18 29 3 83 23 13 13 11 3 91 73 28 73 29 96 77 0 3 13 43 89 14 8 34 35
11 93 31 32 40 14 27 30 58 5 28 51 82 90 5 45 82 6 3 45 66 35 87 45 34 43 98 33 18 55 24 38 31 74 90 77 65 33 70 7 2 97 37 2 89 78 62 86 71 98
87 33 42 99 64 48 61 12 25 29 68 72 16 86 75 87 39 39 3 18 28 17 49 32 96 21 6 35 25 69 34 25 9 76 8 47 42 8 15 0 86 49 62 37 28 49 25 94 26 85
93 69 55 88 5 47 10 9 32 34 43 36 28 8 58 49 33 33 51 86 46 17 67 43 57 76 85 61 25 35 49 0 9 37 58 93 98 30 54 98 93 86 39 60 64 45 21 61 44 48
37 34 53 69 37 65 17 89 88 90 44 67 39 59 20 13 55 0 14 11 3 69 8 24 12 41 47 58 95 3 40 12 44 98 45 39 12 74 90 41 32 20 49 6 57 6 55 99 65 51
66 75 41 56 7 53 97 50 54 98 15 48 54 51 56 10 39 30 60 7 74 57 55 5 55 71 55 42 13 96 66 55 91 5 34 8 91 74 27 18 69 11 83 64 21 16 49 93 72 58
62 99 11 58 13 99 7 96 4 16 77 76 66 13 65 56 42 45 3 77 84 48 20 85 90 61 59 44 90 26 97 20 49 22 53 76 47 85 71 35 15 65 34 75 32 11 57 78 62 97
23 46 31 33 72 20 52 8 29 54 35 61 78 38 98 70 0 71 24 54 27 11 63 49 11 88 6 0 13 8 7 75 23 37 14 85 82 38 96 25 31 36 15 68 9 39 15 10 33 51
28 75 25 83 45 62 4 84 37 39 66 16 55 47 44 6 98 16 83 43 47 8 87 97 66 80 34 13 0 82 54 8 53 61 69 0 30 82 76 69 49 98 59 95 16 61 91 37 26 67
66 64 44 24 51 34 66 73 71 98 72 47 42 53 27 19 23 51 20 64 46 88 16 14 92 59 21 79 12 18 25 40 93 90 9 18 63 78 9 5 58 51 97 47 15 41 79 43 59 57
71 34 31 9 17 54 59 0 47 74 99 72 13 71 21 30 0 35 48 7 80 52 75 63 6 2 76 66 98 94 50 36 13 80 74 0 74 20 69 18 48 23 28 44 34 55 16 58 79 88
10 12 30 83 75 50 93 28 68 59 80 65 71 71 31 77 7 71 73 71 94 51 87 69 15 89 92 15 46 90 58 99 89 21 32 1 71 50 91 44 54 65 18 70 42 83 44 78 28 69
91 14 31 43 3 55 66 89 62 13 49 65 48 7 54 21 27 81 32 11 89 54 65 14 92 32 40 47 98 57 79 33 20 45 24 77 43 23 25 69 65 17 10 56 43 78 6 86 21 36
38 78 45 1 95 56 36 72 67 61 72 81 3 51 56 74 53 21 90 21 35 7 7 26 65 0 99 60 36 83 93 33 16 22 37 46 42 45 67 59 25 6 15 65 25 57 16 44 19 32
37 32 12 72 53 54 24 72 54 76 44 88 25 64 32 92 5 5 22 15 12 66 85 95 45 75 26 65 31 74 87 12 52 51 42 61 74 88 84 30 75 88 72 72 15 56 46 10 83 68
77 51 12 31 94 41 89 24 70 91 56 53 99 80 15 35 72 50 77 39 76 11 22 2 55 70 77 55 25 7 0 30 11 78 9 94 78 93 12 2 18 59 16 28 33 29 82 49 83 6
77 72 31 58 21 65 91 62 30 98 25 31 96 8 19 11 69 49 50 82 64 65 70 84 85 57 74 94 20 14 90 68 64 41 58 93 96 28 43 52 5 97 21 34 12 55 92 92 16 52
34 59 59 48 6 12 83 58 13 17 96 5 45 92 94 47 76 53 1 85 49 87 78 85 88 61 46 76 16 3 75 4 58 84 61 22 44 97 57 54 22 37 59 31 87 87 53 52 69 43
21 39 50 46 15 49 4 29 50 51 46 97 43 16 46 44 82 86 76 44 7 91 15 67 46 50 11 40 66 32 0 99 36 97 61 81 97 80 91 99 92 9 82 46 64 20 77 30 91 88
13 91 90 41 18 38 43 61 97 61 30 11 92 59 25 83 36 97 69 51 64 0 43 53 97 59 74 21 46 92 56 95 51 58 4 12 58 79 35 90 72 43 65 15 53 51 21 32 8 78
26 50 9 1 1 96 0 64 69 50 31 18 7 83 58 25 29 42 25 61 99 30 0 46 11 59 21 39 52 50 71 6 89 39 26 82 50 66 30 62 46 65 80 57 85 92 38 90 66 27
24 58 35 96 79 30 77 5 36 64 51 70 51 18 19 91 21 56 58 99 58 45 89 13 65 88 43 84 87 96 45 44 94 66 92 6 46 34 5 65 72 70 65 9 53 88 71 76 49 71
71 43 77 14 12 17 98 13 35 48 26 17 5 39 50 72 96 33 46 34 17 53 68 33 3 30 48 8 32 60 16 92 20 73 72 18 87 72 94 81 0 82 3 98 70 55 20 72 80 31
89 96 56 64 26 71 41 85 77 31 95 54 39 46 17 55 67 49 61 58 12 10 7 25 17 38 51 20 11 4 45 55 36 77 18 22 3 49 54 79 0 94 16 78 74 32 33 44 73 1
58 44 15 2 29 62 46 19 78 16 20 26 66 33 10 30 66 83 88 95 40 6 76 13 96 14 66 92 6 33 69 95 73 17 20 71 96 39 15 93 6 68 28 91 77 12 48 48 37 19
44 49 31 96 51 87 73 74 62 0 60 19 50 82 87 96 38 95 39 82 5 9 88 41 65 65 3 98 70 99 81 38 31 30 34 80 77 46 67 22 15 79 53 6 46 80 46 59 71 9
87 4 32 33 0 49 23 78 82 80 76 66 28 29 18 88 25 23 24 14 13 26 9 36 84 57 99 26 89 92 50 79 69 54 31 61 32 99 17 58 59 16 24 47 61 11 9 45 4 63
46 81 11 52 78 96 88 13 36 71 1 85 40 13 4 87 18 53 58 24 74 8 93 84 0 74 78 98 12 37 53 4 19 39 30 55 97 28 1 7 23 56 22 22 53 70 63 66 54 43
30 62 3 73 43 41 5 70 93 69 91 74 34 14 17 94 6 69 63 21 19 62 30 66 38 39 39 60 77 51 81 64 45 42 34 73 70 11 66 41 81 62 49 48 98 86 27 26 20 20
5 26 84 82 59 89 22 22 71 96 5 40 50 34 56 70 42 30 66 91 68 8 85 32 81 51 85 31 47 3 19 17 59 15 15 36 71 86 72 96 15 38 22 47 98 30 40 83 7 9
65 3 49 58 94 78 11 54 94 59 95 95 97 34 77 60 90 17 98 46 71 8 74 2 7 26 9 54 41 41 62 0 63 30 25 45 93 47 52 91 34 31 97 95 47 81 21 22 38 94
24 8 4 60 89 56 58 68 79 99 82 85 96 34 29 22 32 9 20 83 50 13 39 71 64 79 82 22 24 94 8 75 41 50 46 95 96 69 57 92 15 75 66 57 73 86 91 99 98 2
4 73 25 18 17 37 79 21 93 15 11 21 9 63 89 30 60 31 5 41 90 35 17 99 86 17 36 5 54 48 5 36 46 51 21 65 18 40 51 83 25 43 14 25 41 25 54 23 3 54
55 39 97 25 14 85 22 22 96 13 93 15 5 16 82 92 62 34 42 60 98 7 87 8 19 32 84 72 46 50 82 47 4 97 87 3 59 61 43 68 44 38 62 21 98 45 3 81 83 31
21 41 56 96 70 8 73 28 70 88 98 24 40 98 26 59 38 76 8 40 13 33 13 75 1 10 78 11 24 10 26 37 94 3 78 0 50 37 32 33 10 2 80 73 61 88 76 73 99 92
70 56 13 86 57 90 46 63 51 8 41 70 28 38 43 35 44 51 80 82 51 92 81 86 6 9 39 47 38 4 53 5 38 55 46 86 74 62 21 48 75 35 98 0 55 39 94 46 98 24
