16 22
0 0 1 2 3 3 4 4 5 6 6 7 8 8 9 10 11 12 13 14 15 16 17 17 18 18 19 19 20 20 21 21 22 22 23 23 24 25 26 27 28 29 29 30 30 31 31 32 32 33
34 35 36 2 37 37 38 39 39 40 40 7 41 41 42 10 11 12 13 14 43 16 44 45 46 46 47 47 48 49 50 51 51 52 53 54 54 25 26 27 28 55 56 56 57 58 58 59 60 33
34 61 36 62 62 63 38 64 64 65 65 66 67 67 42 68 69 69 70 70 43 71 44 45 72 73 74 74 48 49 50 75 76 77 53 78 79 80 81 81 82 83 84 85 57 86 86 59 87 88
89 61 90 91 91 63 92 92 93 93 94 66 95 95 96 96 97 98 99 100 100 71 101 102 72 73 103 103 104 105 105 75 76 77 106 78 79 80 107 107 82 83 84 108 108 109 109 110 87 88
89 111 111 112 112 113 113 114 115 115 94 116 116 117 117 118 118 98 99 119 120 121 101 102 122 123 123 124 124 125 126 127 127 128 129 129 130 131 132 133 133 134 135 136 137 137 138 110 139 139
140 140 141 142 142 143 143 144 145 145 146 147 147 148 149 149 150 151 152 119 153 121 154 155 155 156 157 158 159 125 126 160 160 161 162 162 163 131 132 164 164 134 135 165 166 166 138 167 168 168
169 169 141 170 171 171 172 144 173 173 146 174 174 148 175 175 150 151 176 176 153 177 154 178 178 156 157 158 159 179 179 180 180 161 181 182 163 183 184 185 186 186 187 165 188 189 189 190 191 192
193 193 194 170 195 195 196 197 198 198 199 200 200 201 201 202 203 203 204 205 205 177 206 206 207 208 208 209 210 211 212 213 214 215 181 182 216 183 217 185 218 219 220 220 188 221 221 190 191 222
223 223 194 224 224 225 196 197 226 227 228 228 229 230 230 202 231 232 204 233 234 234 235 235 207 236 236 209 210 211 212 213 214 215 237 238 238 239 217 240 218 219 241 242 242 243 244 244 245 222
246 246 247 247 248 225 249 249 226 250 250 251 229 252 253 253 231 232 254 233 255 256 257 258 259 260 260 261 261 262 263 264 264 265 237 266 266 239 267 240 268 269 269 270 271 272 272 273 245 274
275 276 277 278 279 279 280 281 281 282 282 251 283 284 285 286 286 287 287 288 288 256 257 258 259 289 290 290 291 292 263 293 293 265 294 295 295 296 267 297 297 298 298 270 271 299 300 301 302 303
304 276 277 305 305 306 307 307 308 308 309 310 283 284 285 311 312 312 313 314 315 315 316 317 318 289 319 319 291 292 320 321 321 322 294 323 323 296 324 325 325 326 326 327 328 299 300 301 302 303
304 329 330 330 331 331 332 332 333 333 334 310 335 336 336 337 338 338 313 339 339 340 340 317 318 341 341 342 342 343 320 344 344 322 345 346 346 347 324 348 349 349 350 327 328 351 352 353 353 354
355 355 356 357 357 358 359 359 360 360 334 361 361 362 363 337 364 365 366 367 368 369 369 370 371 371 372 372 373 373 374 374 375 375 376 377 378 379 379 348 380 381 350 382 383 351 352 384 384 354
385 386 356 387 388 388 389 390 390 391 391 392 393 393 363 394 364 365 366 367 368 395 396 397 398 398 399 399 400 400 401 402 403 404 376 377 405 406 406 407 380 381 408 408 383 409 409 410 410 411
385 386 412 413 413 414 414 415 415 416 416 392 417 417 418 394 419 419 420 420 421 421 396 397 422 422 423 424 425 426 401 402 403 427 428 428 405 429 430 430 431 432 433 434 434 435 435 436 437 437
438 439 412 440 440 441 442 443 444 445 446 447 447 448 418 449 450 450 451 452 453 454 454 455 455 456 457 424 425 426 458 458 459 427 460 460 461 462 462 463 431 432 464 465 465 466 467 436 468 468
438 439 469 469 470 441 442 443 444 445 446 471 471 448 472 449 473 473 451 452 453 474 474 475 476 477 457 478 479 480 481 482 459 483 483 484 485 485 486 463 487 488 464 489 490 466 491 491 492 492
493 494 495 496 497 497 498 499 499 500 500 501 501 502 503 504 505 505 506 507 508 509 509 475 476 477 510 478 479 480 481 482 511 512 513 484 514 514 486 515 516 488 517 489 490 518 518 519 520 520
493 494 495 496 521 521 498 522 523 524 525 526 526 502 503 504 527 528 506 507 508 529 530 531 532 533 533 534 535 535 536 536 511 537 513 538 538 539 539 515 516 540 517 541 541 542 543 543 544 544
545 546 547 548 548 549 550 522 551 524 525 552 553 553 554 555 556 528 557 558 559 529 560 531 561 561 562 563 564 564 565 566 566 537 567 567 568 568 569 570 570 540 571 572 573 542 574 575 575 576
545 577 547 578 579 549 550 580 551 581 581 582 583 583 584 555 556 585 557 558 559 586 560 587 588 589 589 563 590 591 591 592 593 594 594 595 595 596 596 597 597 598 571 572 599 599 600 601 602 603
604 577 605 578 579 606 607 580 608 608 609 582 610 610 584 611 611 585 612 613 613 614 614 587 615 615 616 616 590 617 617 592 593 618 618 619 620 620 621 622 623 598 624 624 625 625 600 601 602 603
604 626 626 627 627 628 607 629 630 630 609 631 631 632 632 633 634 634 612 635 636 636 637 637 638 639 639 640 640 641 642 643 643 644 644 619 645 646 646 622 623 647 648 649 650 650 651 651 652 652
653 654 654 655 655 628 656 656 657 658 659 659 660 661 661 633 662 662 663 663 664 665 665 666 638 667 667 668 668 641 642 669 670 671 671 672 672 673 674 674 675 647 648 676 677 678 678 679 679 680
653 681 681 682 683 684 684 685 657 658 686 687 687 688 688 689 690 691 692 692 664 693 694 666 695 696 696 697 698 699 700 669 670 701 702 703 703 673 704 704 675 705 706 676 677 707 708 709 709 680
710 710 711 682 712 712 713 713 714 715 686 716 717 718 718 689 690 691 719 720 721 693 694 722 723 724 725 697 698 699 726 727 727 701 728 728 729 730 730 731 732 705 733 733 734 734 708 735 736 737
738 739 711 740 741 741 742 742 714 715 743 744 717 745 745 746 746 747 719 720 721 748 749 722 723 724 750 751 751 752 726 753 754 754 755 756 757 757 758 758 732 759 759 760 760 761 762 762 736 763
738 739 764 740 765 765 766 766 767 768 768 744 769 769 770 771 771 747 772 773 773 748 749 774 774 775 750 776 776 752 777 778 778 779 755 756 780 781 781 782 782 783 784 785 785 786 786 787 787 763
788 788 789 789 790 791 791 792 792 793 794 795 795 796 796 797 798 798 772 799 800 801 802 803 803 775 804 805 805 806 777 807 807 779 808 808 780 809 809 810 811 811 784 812 812 813 813 814 815 815
816 817 818 819 820 821 822 823 823 793 824 824 825 826 827 827 828 828 829 829 800 801 802 830 830 831 804 832 833 833 834 835 836 837 837 838 839 840 841 842 842 843 843 844 844 845 845 846 846 847
816 817 818 819 820 821 822 848 849 849 850 851 825 826 852 852 853 853 854 855 855 856 857 857 858 859 859 832 860 860 834 835 836 861 861 838 839 840 841 862 862 863 864 864 865 866 867 867 868 847
869 870 871 872 872 873 873 848 874 874 850 851 875 875 876 876 877 877 878 878 879 856 880 881 882 882 883 883 884 884 885 885 886 886 887 888 888 889 889 890 891 863 892 893 865 866 894 894 895 895
869 870 871 896 896 897 898 899 899 900 901 902 903 903 904 904 905 906 907 908 909 909 880 881 910 910 911 912 913 913 914 915 915 916 916 917 918 918 919 890 891 920 920 893 921 921 922 922 923 923
924 924 925 925 926 897 927 927 928 928 901 929 929 930 930 931 932 906 907 908 933 934 935 936 937 938 911 939 940 940 914 941 941 942 943 917 944 944 919 945 945 946 947 948 948 949 949 950 950 951
952 952 953 953 954 954 955 956 957 957 958 959 959 960 961 961 932 962 963 964 965 934 966 936 937 967 968 939 969 969 970 971 972 972 943 973 973 974 974 975 976 946 947 977 978 979 979 980 980 981
982 982 983 984 985 985 955 986 987 988 958 989 990 960 991 991 992 992 963 964 965 993 966 994 995 967 996 997 998 998 970 999 1000 1001 1001 1002 1003 1004 1005 975 1006 1006 1007 977 1008 1008 1009 1010 1010 981
1011 1011 983 1012 1012 1013 1013 986 1014 988 1015 989 1016 1016 1017 1018 1019 1019 1020 1021 1021 993 1022 994 995 1023 996 1024 1025 1026 1026 999 1027 1028 1028 1002 1029 1004 1005 1030 1031 1031 1032 1033 1034 1034 1009 1035 1035 1036
1037 1037 1038 1039 1039 1040 1041 1041 1014 1042 1015 1043 1044 1044 1017 1018 1045 1046 1046 1047 1048 1048 1022 1049 1050 1023 1051 1024 1052 1052 1053 1053 1027 1054 1055 1055 1029 1056 1056 1057 1057 1058 1032 1059 1060 1061 1061 1062 1062 1036
1063 1063 1038 1064 1065 1040 1066 1066 1067 1068 1068 1043 1069 1069 1070 1070 1045 1071 1072 1072 1073 1073 1074 1049 1075 1076 1077 1078 1079 1079 1080 1080 1081 1054 1082 1082 1083 1083 1084 1084 1085 1058 1086 1059 1060 1087 1087 1088 1089 1089
1090 1090 1091 1064 1092 1093 1094 1094 1067 1095 1095 1096 1096 1097 1098 1099 1100 1100 1101 1102 1102 1103 1104 1104 1075 1076 1077 1078 1105 1105 1106 1106 1081 1107 1108 1108 1109 1109 1110 1110 1085 1111 1112 1112 1113 1113 1114 1088 1115 1115
1116 1117 1091 1118 1092 1093 1119 1119 1120 1121 1122 1123 1123 1097 1098 1099 1124 1125 1125 1126 1126 1127 1127 1128 1129 1130 1130 1131 1132 1132 1133 1134 1134 1107 1135 1136 1137 1138 1139 1139 1140 1140 1141 1142 1142 1143 1143 1144 1144 1145
1116 1117 1146 1118 1147 1148 1148 1149 1150 1121 1151 1151 1152 1152 1153 1153 1124 1154 1155 1156 1157 1158 1158 1128 1129 1159 1159 1131 1160 1160 1133 1161 1161 1162 1162 1136 1137 1138 1163 1164 1165 1165 1141 1166 1167 1168 1169 1169 1170 1171
1172 1172 1146 1173 1173 1174 1174 1149 1150 1175 1175 1176 1177 1178 1178 1179 1179 1154 1155 1156 1157 1180 1181 1181 1182 1183 1184 1185 1186 1186 1187 1187 1188 1188 1189 1189 1190 1190 1163 1191 1191 1192 1193 1166 1167 1168 1194 1194 1170 1171
1195 1195 1196 1197 1198 1199 1199 1200 1200 1201 1202 1176 1177 1203 1203 1204 1205 1206 1207 1207 1208 1208 1209 1209 1182 1183 1184 1185 1210 1210 1211 1212 1213 1213 1214 1215 1216 1216 1217 1217 1218 1192 1193 1219 1220 1221 1222 1223 1223 1224
1225 1225 1196 1197 1198 1226 1227 1228 1229 1201 1202 1230 1231 1231 1232 1204 1205 1206 1233 1234 1235 1236 1237 1238 1239 1240 1240 1241 1242 1243 1211 1212 1244 1245 1246 1215 1247 1247 1248 1248 1249 1249 1250 1250 1220 1221 1251 1252 1252 1224
1253 1254 1255 1255 1256 1226 1227 1257 1229 1258 1258 1259 1260 1261 1262 1262 1263 1264 1233 1234 1235 1236 1237 1238 1239 1265 1265 1241 1242 1243 1266 1267 1267 1245 1246 1268 1269 1269 1270 1270 1271 1271 1272 1273 1273 1274 1251 1275 1275 1276
1253 1277 1278 1278 1256 1279 1279 1257 1280 1281 1282 1259 1260 1261 1283 1283 1263 1264 1284 1284 1285 1285 1286 1286 1287 1287 1288 1289 1289 1290 1266 1291 1291 1292 1292 1268 1293 1294 1294 1295 1296 1297 1297 1298 1298 1274 1299 1299 1300 1276
1301 1277 1302 1302 1303 1303 1304 1305 1280 1281 1282 1306 1307 1308 1309 1310 1310 1311 1311 1312 1312 1313 1313 1314 1315 1315 1316 1316 1317 1317 1318 1319 1320 1321 1322 1323 1323 1324 1324 1295 1325 1326 1327 1328 1328 1329 1329 1330 1300 1331
1301 1332 1332 1333 1333 1334 1304 1305 1335 1335 1336 1306 1307 1308 1309 1337 1337 1338 1338 1339 1340 1340 1341 1314 1342 1342 1343 1343 1344 1344 1318 1319 1320 1321 1345 1345 1346 1347 1347 1348 1325 1326 1349 1349 1350 1350 1351 1352 1352 1331
21 54 27 85 13 81 36 40 5 71 60 54 77 4 68 46 63 83 53 61 56 78 48 58 33 68 17 15 46 76 97 59 92 9 82 1 40 54 40 70 63 60 47 83 87 98 64 58 88 72
74 31 72 29 19 79 79 1 99 68 10 35 85 59 69 2 28 56 99 83 96 80 55 54 50 25 70 75 46 36 52 34 27 57 41 20 4 20 25 99 59 73 96 70 10 13 47 8 74 99
31 3 97 90 9 39 65 58 62 70 7 4 61 22 24 71 16 65 39 38 62 96 7 52 91 0 19 18 8 85 2 93 9 66 41 86 10 88 72 35 60 64 61 82 14 8 66 29 61 25
6 3 56 49 30 93 38 29 90 86 39 7 24 55 85 22 27 6 35 40 85 60 52 74 63 32 25 63 59 66 61 1 78 18 77 73 79 48 99 74 61 81 49 60 84 25 89 88 45 74
26 13 25 26 55 24 99 86 35 72 69 86 37 53 94 28 0 87 31 78 34 73 11 23 79 44 55 54 68 85 63 79 1 62 21 91 47 77 87 48 65 3 5 3 92 26 7 18 72 92
31 5 35 23 33 2 23 50 96 25 14 1 41 52 97 75 50 56 3 87 55 85 81 98 44 48 42 4 49 42 87 5 67 58 60 74 95 26 34 91 54 7 58 21 89 74 95 99 63 22
75 52 98 25 62 31 28 84 83 67 28 2 17 89 25 97 28 22 24 58 90 40 68 30 80 2 78 1 13 23 48 70 75 26 91 50 31 75 19 22 7 17 6 17 53 40 41 89 94 57
87 1 30 36 38 6 71 67 97 52 59 73 89 90 57 50 16 1 34 16 44 38 46 22 91 3 11 45 66 3 35 1 96 34 95 13 67 39 60 59 14 7 61 53 65 26 40 10 36 1
84 73 35 40 95 30 64 35 92 38 94 90 34 87 71 15 10 68 90 37 81 23 6 24 54 40 14 16 14 77 20 63 8 59 63 50 23 59 38 35 16 99 1 64 86 11 53 59 50 27
64 9 27 55 23 62 11 40 82 9 58 58 88 89 33 51 10 61 14 85 80 59 84 64 2 65 77 39 64 16 40 50 40 75 0 98 51 47 37 52 37 69 43 92 80 42 69 87 51 51
23 59 5 52 82 60 71 54 52 58 51 68 44 76 96 65 22 74 77 3 9 46 12 62 30 9 53 50 62 4 1 8 51 31 67 30 75 23 61 58 96 55 5 3 31 13 88 58 56 77
12 85 27 53 74 15 44 25 44 5 22 27 97 97 62 28 38 63 94 66 73 16 65 62 47 34 77 22 49 54 98 35 50 6 41 49 17 48 24 70 42 44 3 93 54 88 72 63 2 18
13 47 34 72 29 26 91 36 70 64 64 96 68 57 88 46 67 37 98 77 4 46 82 18 77 91 43 33 77 34 67 43 6 8 90 44 85 42 84 34 37 75 13 17 23 38 89 59 99 90
66 0 6 47 52 11 44 98 83 97 22 19 19 70 88 23 54 67 15 81 97 91 90 58 90 36 19 65 3 83 61 48 13 75 35 52 87 64 36 75 99 51 94 85 75 66 34 56 86 72
5 39 90 79 43 74 24 38 74 81 21 24 47 5 57 52 21 36 65 77 72 70 73 27 24 96 30 56 18 79 31 98 94 50 46 27 98 12 23 64 60 65 16 94 80 77 95 7 74 39
12 76 89 71 74 82 37 10 44 45 37 47 10 84 68 8 7 49 48 44 26 94 77 85 75 47 86 50 87 70 73 83 97 13 65 30 56 21 96 0 26 94 0 42 66 92 59 12 80 41
61 94 67 43 84 41 72 69 20 82 7 83 97 42 78 63 25 77 58 20 63 73 40 44 75 87 93 96 39 6 97 68 56 38 20 2 87 10 50 61 58 95 10 33 49 69 0 44 40 23
15 17 1 61 11 4 85 39 14 75 90 13 4 66 79 64 18 62 58 28 24 36 8 37 36 86 39 89 25 5 92 70 51 5 40 45 24 97 9 34 43 10 87 74 98 70 40 37 64 83
87 16 58 93 56 89 7 99 8 33 25 77 99 96 36 9 76 24 18 6 35 57 16 61 19 61 95 6 40 85 30 81 80 94 42 6 20 56 66 97 7 93 49 5 6 20 89 68 94 74
49 13 24 34 34 36 29 60 26 11 30 20 23 46 40 51 63 72 8 45 1 82 14 63 9 81 12 55 26 35 69 7 29 8 49 16 4 79 23 72 89 27 42 87 87 49 18 32 26 50
54 52 86 19 17 21 22 88 83 12 15 83 32 48 81 61 17 42 42 25 72 4 12 72 37 11 19 7 64 96 82 19 14 27 88 25 97 47 76 16 18 2 43 8 71 50 50 16 51 77
32 23 14 26 62 63 6 83 45 58 9 31 79 31 29 23 34 26 35 70 72 77 93 82 94 81 77 94 98 55 25 24 60 31 71 24 51 66 24 68 43 56 89 65 70 34 73 39 33 62
60 82 14 68 4 25 24 7 34 43 53 64 88 51 61 11 37 98 60 69 90 93 1 33 69 45 62 67 97 18 62 98 69 7 72 61 77 59 17 67 8 44 9 79 68 7 17 23 5 86
79 74 42 62 78 30 67 46 39 0 78 19 5 35 6 96 64 0 16 66 47 52 75 72 67 78 41 41 9 69 53 75 46 55 23 97 85 22 85 27 55 81 70 52 61 19 2 65 22 31
32 40 38 21 85 29 37 69 94 11 3 6 74 20 59 3 75 81 34 77 86 85 61 62 56 4 99 46 10 80 31 35 57 88 34 63 73 12 60 16 96 37 48 59 64 25 31 67 26 6
44 6 21 67 1 73 21 42 34 33 96 12 88 55 99 28 52 69 34 51 74 75 56 73 54 4 48 69 9 76 14 4 48 3 30 47 75 95 45 71 90 72 37 54 26 44 90 26 28 36
32 24 56 60 87 25 86 64 8 29 52 71 69 19 6 21 98 73 79 73 25 3 13 49 62 55 34 3 16 70 55 66 50 22 13 94 68 34 37 9 98 87 88 44 3 48 69 86 10 78
81 34 44 9 75 25 79 23 19 48 78 52 65 55 9 41 78 2 40 60 84 52 89 98 20 70 52 52 31 98 9 8 46 50 14 47 29 83 73 93 7 0 70 33 96 38 45 12 56 61
66 82 66 44 74 52 0 8 48 63 76 27 45 11 22 73 91 2 41 60 49 96 85 81 25 39 10 18 40 46 91 85 30 19 71 12 58 52 56 2 24 45 92 49 99 96 20 34 75 50
14 54 4 95 36 36 71 43 52 8 97 21 9 17 1 48 15 75 58 39 47 73 3 57 61 80 90 71 67 62 78 21 71 45 14 97 63 14 26 24 80 85 19 80 6 66 79 33 51 42
21 34 52 93 27 85 49 60 65 30 72 0 9 46 21 28 14 53 74 46 96 34 50 84 16 94 45 93 62 86 24 37 76 11 40 16 71 18 89 96 43 67 91 56 53 60 62 6 16 88
81 51 83 30 31 3 20 87 8 13 13 35 49 97 76 9 62 90 58 41 27 18 9 39 67 33 3 23 39 55 94 9 59 17 36 8 92 73 90 4 83 78 37 51 15 78 34 31 50 37
56 94 31 35 69 32 88 16 68 12 77 56 62 5 38 98 65 25 96 37 47 97 32 21 27 3 50 79 29 42 88 41 86 92 12 92 35 98 49 86 67 65 63 28 25 52 49 24 23 70
57 79 92 87 66 97 21 74 66 45 5 77 96 58 1 21 14 82 95 93 96 26 5 63 61 83 21 21 10 61 88 30 48 59 3 73 50 27 99 35 32 75 24 60 75 8 30 90 79 22
40 66 95 65 89 51 90 52 91 47 24 78 87 28 25 64 94 59 77 63 6 98 59 28 90 1 30 20 75 86 24 0 55 9 99 77 58 0 86 95 53 98 76 61 21 88 99 85 42 8
42 12 96 73 7 28 57 1 64 8 21 22 81 24 49 53 8 54 57 9 4 86 37 93 25 22 12 60 41 92 16 44 23 86 52 63 64 97 60 95 79 3 69 60 17 96 15 87 94 78
72 9 22 54 87 38 74 37 68 50 5 64 4 13 60 98 83 18 65 48 32 86 63 71 53 35 79 88 90 17 36 54 39 44 75 25 60 94 74 75 71 20 98 25 48 37 71 52 53 38
77 16 87 77 43 14 96 51 11 27 84 77 40 46 67 37 23 56 87 11 71 5 10 93 21 35 38 75 17 80 44 23 98 84 34 76 52 12 50 82 23 9 25 9 89 80 21 57 99 46
94 80 60 53 49 41 69 8 93 18 20 23 20 38 83 88 30 27 8 36 94 53 33 61 21 35 95 50 87 59 73 72 48 13 2 32 11 1 36 18 33 18 68 75 22 92 56 82 64 65
45 23 3 22 83 44 95 84 33 36 0 23 85 73 72 62 96 24 88 18 19 90 75 13 68 9 8 67 1 60 35 85 5 74 67 17 33 15 83 50 8 24 59 49 88 80 40 63 36 74
87 13 63 65 8 90 77 66 36 48 64 48 7 66 80 86 93 18 71 11 64 62 94 79 24 77 11 0 10 85 74 84 57 27 58 81 58 78 86 19 56 94 36 41 76 94 9 41 13 81
90 26 34 79 74 63 99 80 30 12 18 58 2 9 20 44 39 60 21 82 6 73 67 34 21 95 55 78 60 92 70 67 50 3 94 99 93 90 32 96 28 72 34 36 93 52 54 28 7 51
82 2 99 83 29 28 81 32 95 77 48 2 17 5 15 31 85 37 60 22 29 8 7 94 14 50 99 28 79 21 43 78 48 61 41 95 17 44 11 97 15 71 72 73 93 51 20 3 55 13
76 13 71 88 24 52 22 16 75 6 45 70 45 51 10 21 54 59 54 83 38 59 20 56 48 87 68 59 64 24 73 29 86 8 85 52 75 92 39 44 3 27 46 53 80 11 94 40 71 20
22 9 9 24 51 81 69 82 21 65 34 37 64 82 83 47 68 9 80 5 61 13 91 56 37 55 38 96 46 20 40 31 19 68 46 77 7 97 75 83 94 95 4 40 19 40 79 5 58 32
87 44 38 98 80 37 55 87 83 98 53 24 28 71 61 79 59 80 14 57 96 79 74 0 68 82 36 35 14 27 80 51 89 27 92 6 50 75 82 26 97 1 6 7 87 1 60 67 43 54
70 81 23 99 35 71 37 20 41 82 53 92 34 26 30 68 65 58 12 90 43 20 32 54 96 66 37 98 99 1 58 48 1 98 3 41 49 74 41 15 38 84 13 86 21 81 48 91 70 45
80 51 87 58 97 82 52 31 34 51 22 30 7 92 31 1 51 97 85 29 56 12 62 88 48 89 43 13 97 98 49 14 89 25 60 4 73 38 53 37 73 7 62 14 2 35 55 94 39 2
27 89 13 1 82 50 89 10 80 19 89 54 10 29 31 77 63 71 34 92 25 10 40 94 87 38 10 59 99 26 74 12 92 22 73 81 66 38 26 9 13 72 7 71 28 59 88 13 67 18
55 82 53 29 99 96 43 82 50 79 79 66 96 53 53 87 78 58 39 53 81 37 42 60 9 94 39 83 54 92 31 59 26 49 96 9 27 45 15 94 76 58 64 73 32 3 18 3 24 48
