33 12
0 0 1 2 2 3 4 4 5 6 6 7 7 8 8 9 9 10 10 11 12 13 13 14 15 15 16 17 17 18 18 19 20 21 21 22 22 23 23 24 25 25 26 27 28 28 29 30 31 32
33 34 34 35 35 3 36 36 5 37 37 38 38 39 39 40 40 41 41 11 42 42 43 44 44 45 45 46 46 47 48 49 20 50 50 51 51 52 53 24 54 55 55 27 56 56 29 30 57 32
33 58 59 60 61 62 62 63 64 65 66 66 67 68 69 70 70 71 71 72 73 74 74 75 76 77 77 78 79 47 48 49 80 81 82 82 83 52 84 84 54 85 86 86 87 88 89 89 57 90
91 58 59 60 61 92 93 94 64 65 95 96 67 68 97 98 98 99 99 72 73 100 100 75 76 101 102 102 79 103 104 104 80 105 105 106 83 107 108 109 110 85 111 112 112 88 113 114 114 115
91 116 117 117 118 92 93 94 119 120 95 96 121 122 97 123 123 124 124 125 126 126 127 128 129 101 130 131 132 133 133 134 135 135 136 136 137 107 108 109 110 138 139 140 141 142 113 143 144 115
145 116 146 146 147 147 148 149 119 120 150 150 121 122 151 152 152 153 154 125 155 155 127 128 129 156 130 157 132 158 159 134 160 161 162 163 163 164 164 165 166 166 139 140 141 142 167 143 144 168
145 169 169 170 171 171 148 149 172 173 173 174 175 176 177 177 178 178 154 179 180 180 181 182 183 183 184 157 185 158 159 186 160 161 162 187 188 189 189 165 190 191 192 192 193 193 167 194 194 195
196 197 198 170 199 199 200 200 201 202 203 174 175 176 204 205 205 206 206 179 207 207 181 208 208 209 184 210 210 211 211 186 212 213 214 187 215 216 217 218 190 191 219 220 220 221 222 223 223 195
196 197 198 224 225 226 226 227 201 202 203 228 228 229 230 230 231 232 232 233 233 234 234 235 236 209 237 238 239 239 240 240 212 213 241 241 215 216 217 242 242 243 243 244 244 221 245 246 247 247
248 248 249 250 225 251 252 227 253 253 254 254 255 229 256 256 231 257 257 258 259 260 260 235 261 261 237 238 262 263 263 264 265 265 266 266 267 267 268 269 269 270 271 271 272 272 245 246 273 273
274 274 249 250 275 251 276 277 278 279 279 280 281 282 282 283 284 285 285 258 286 287 288 289 290 290 291 291 262 292 292 264 293 293 294 295 296 297 268 298 298 270 299 300 301 302 302 303 304 304
305 306 307 307 275 308 276 277 278 309 309 280 281 310 311 283 284 312 313 313 286 287 288 289 314 315 316 316 317 317 318 318 319 320 294 295 296 297 321 322 323 323 299 324 301 325 326 303 327 328
305 329 329 330 330 308 331 332 333 333 334 335 336 310 311 337 337 312 338 339 340 341 342 342 314 343 343 344 345 346 346 347 348 320 349 350 351 352 352 322 353 354 355 324 356 357 326 358 327 328
359 359 360 360 361 361 331 332 362 362 363 335 364 364 365 365 366 367 338 339 340 341 368 368 369 370 371 344 345 372 373 373 348 374 349 350 351 375 375 376 353 354 355 377 356 357 378 358 379 380
381 382 382 383 383 384 385 385 386 387 363 388 389 390 391 391 366 367 392 392 393 393 394 395 369 370 371 396 397 398 398 399 400 374 401 401 402 402 403 404 404 405 405 377 406 406 407 408 408 380
381 409 409 410 410 384 411 411 386 387 412 388 389 390 413 413 414 415 416 416 417 417 394 395 418 419 419 396 397 420 420 399 400 421 422 422 423 423 403 424 425 426 427 428 428 429 407 430 431 431
432 433 434 435 435 436 437 438 438 439 412 440 440 441 442 443 414 415 444 444 445 446 446 447 418 448 449 450 450 451 451 452 453 454 455 456 456 457 458 458 425 426 427 459 459 429 460 430 461 461
432 433 434 462 462 436 437 463 464 439 465 465 466 466 442 443 467 468 469 469 445 470 470 471 472 448 449 473 474 474 475 452 453 454 455 476 477 477 478 478 479 480 481 481 482 482 460 483 483 484
485 486 487 488 488 489 489 463 464 490 490 491 491 492 493 493 467 468 494 495 496 497 498 471 472 499 499 473 500 500 475 501 502 502 503 504 505 506 507 508 479 509 509 510 511 511 512 513 513 514
485 486 515 515 516 517 517 518 518 519 520 520 521 492 522 523 524 525 494 495 496 526 498 527 528 529 529 530 530 531 531 532 532 533 533 504 505 506 507 508 534 535 536 537 537 538 512 539 540 514
541 541 542 542 516 543 543 544 545 545 546 547 521 548 548 523 524 525 549 550 550 526 551 527 528 552 552 553 554 554 555 556 557 558 558 559 559 560 560 561 534 535 536 562 563 564 564 539 565 565
566 567 567 568 568 569 570 571 572 573 574 547 575 575 576 577 577 578 549 579 580 580 551 581 581 582 583 553 584 585 555 556 557 586 587 588 588 589 590 591 592 593 593 562 594 595 596 596 597 597
598 598 599 599 600 569 570 571 572 573 574 601 601 602 576 603 604 605 606 607 608 609 609 610 611 611 583 612 584 585 613 614 614 586 587 615 616 589 617 591 618 618 619 620 594 595 621 621 622 623
624 625 626 627 628 629 630 630 631 632 633 633 634 635 635 603 636 605 606 607 608 637 637 638 638 639 639 640 641 642 642 643 643 644 645 615 646 646 617 647 647 648 619 649 650 651 651 652 652 623
624 625 653 627 628 629 654 654 631 655 655 656 656 657 658 659 636 660 661 662 663 663 664 665 666 667 667 640 641 668 669 669 670 644 671 672 672 673 674 675 676 677 677 649 650 678 678 679 680 680
681 681 653 682 683 684 684 685 685 686 687 688 688 657 689 659 690 660 661 662 691 691 664 665 692 693 693 694 694 668 695 696 697 697 671 698 698 673 674 675 699 700 701 702 703 704 704 679 705 706
707 708 709 682 710 710 711 712 712 686 687 713 713 714 689 715 716 717 717 718 718 719 719 720 692 721 722 723 724 724 695 696 725 725 726 726 727 728 728 729 699 700 701 702 730 731 732 733 705 706
707 708 709 734 734 735 711 736 736 737 738 738 739 740 740 715 716 741 741 742 742 743 744 720 745 721 722 723 746 747 748 749 750 750 751 751 727 752 753 754 755 756 756 757 730 758 732 733 759 759
760 760 761 762 762 763 764 765 765 737 766 766 767 768 769 770 770 771 771 772 772 773 744 774 745 775 776 777 746 747 748 778 779 780 781 782 782 752 783 754 755 784 785 757 786 758 787 787 788 788
789 789 761 790 790 763 764 791 792 793 794 795 767 768 769 796 796 797 798 799 799 773 800 800 801 775 776 777 802 803 803 778 804 780 805 806 807 808 783 809 810 810 785 811 812 813 814 814 815 816
817 818 819 819 820 820 821 822 792 793 794 795 823 823 824 825 825 797 826 826 827 827 828 828 829 829 830 830 802 831 832 832 804 833 805 834 807 808 835 809 836 837 837 811 812 813 838 839 840 816
817 818 841 841 842 843 844 822 845 845 846 846 847 848 849 849 850 850 851 852 852 853 854 854 855 855 856 857 858 859 860 860 861 833 862 834 863 863 864 864 836 865 866 867 868 869 869 839 840 870
871 872 872 873 873 843 844 874 875 875 876 876 847 848 877 877 878 878 851 879 879 880 880 881 881 882 882 857 858 859 883 883 861 884 862 885 886 886 887 887 888 865 866 867 889 890 890 891 891 870
892 893 893 894 895 895 896 897 898 898 899 899 900 900 901 901 902 902 903 903 904 905 905 906 906 907 908 909 909 910 911 912 912 884 913 914 914 915 916 917 917 918 919 919 889 920 920 921 921 922
892 923 923 894 924 925 896 897 926 926 927 928 928 929 929 930 931 931 932 932 904 933 934 935 935 907 936 936 937 910 938 939 940 941 913 942 942 915 943 943 944 918 945 945 946 947 947 948 949 922
950 951 952 953 953 925 954 954 955 956 956 957 957 958 958 930 959 960 960 961 961 933 962 963 963 964 964 965 937 966 938 939 940 941 967 968 969 970 970 971 944 972 973 973 974 975 976 948 977 978
979 951 980 981 981 982 982 983 983 984 985 986 986 987 987 988 989 990 990 991 992 992 962 993 994 994 995 965 996 997 997 998 998 999 967 1000 969 1001 1001 971 1002 972 1003 1004 974 975 976 1005 977 978
979 1006 980 1007 1008 1008 1009 1010 1010 984 985 1011 1011 1012 1012 988 989 1013 1013 991 1014 1015 1016 1016 1017 1018 995 1019 996 1020 1021 1021 1022 999 1023 1000 1024 1024 1025 1025 1002 1026 1003 1027 1028 1029 1029 1005 1030 1030
1031 1031 1032 1033 1034 1035 1035 1036 1037 1037 1038 1039 1039 1040 1041 1042 1043 1044 1045 1046 1046 1015 1047 1047 1017 1048 1049 1049 1050 1051 1051 1052 1022 1053 1023 1054 1054 1055 1056 1057 1058 1058 1059 1027 1028 1060 1061 1061 1062 1062
1063 1064 1032 1033 1034 1065 1065 1036 1066 1066 1038 1067 1067 1068 1041 1069 1043 1044 1045 1070 1071 1071 1072 1073 1073 1048 1074 1074 1075 1075 1076 1052 1077 1053 1078 1078 1079 1055 1056 1080 1080 1081 1081 1082 1083 1060 1084 1084 1085 1085
1063 1064 1086 1086 1087 1087 1088 1088 1089 1090 1090 1091 1091 1068 1092 1069 1093 1093 1094 1070 1095 1096 1072 1097 1097 1098 1099 1100 1100 1101 1076 1102 1102 1103 1103 1104 1104 1105 1106 1107 1107 1108 1109 1082 1083 1110 1110 1111 1111 1112
1113 1114 1115 1116 1117 1117 1118 1119 1119 1120 1121 1121 1122 1122 1092 1123 1124 1125 1094 1126 1126 1096 1127 1128 1129 1098 1130 1130 1131 1101 1132 1133 1134 1134 1135 1136 1136 1105 1106 1137 1138 1108 1109 1139 1140 1140 1141 1141 1142 1112
1143 1114 1115 1116 1144 1145 1146 1146 1147 1148 1149 1150 1150 1151 1151 1123 1124 1152 1152 1153 1153 1154 1127 1128 1129 1155 1156 1157 1131 1158 1132 1133 1159 1159 1135 1160 1161 1161 1162 1137 1138 1163 1163 1164 1164 1165 1166 1166 1167 1167
1143 1168 1169 1169 1144 1145 1170 1170 1147 1148 1149 1171 1172 1172 1173 1173 1174 1174 1175 1175 1176 1177 1178 1179 1180 1180 1156 1157 1181 1158 1182 1182 1183 1184 1184 1185 1186 1187 1162 1188 1188 1189 1190 1190 1191 1192 1193 1194 1194 1195
1196 1197 1198 1198 1199 1200 1201 1202 1203 1204 1205 1206 1206 1207 1208 1209 1210 1211 1211 1212 1212 1177 1178 1179 1213 1214 1215 1215 1216 1216 1217 1217 1183 1218 1219 1185 1186 1187 1220 1221 1222 1189 1223 1223 1191 1192 1224 1224 1225 1195
1196 1197 1226 1226 1199 1200 1201 1227 1203 1204 1205 1228 1229 1207 1208 1209 1210 1230 1231 1232 1232 1233 1233 1234 1213 1235 1235 1236 1237 1238 1239 1239 1240 1218 1219 1241 1241 1242 1220 1221 1243 1244 1245 1246 1247 1248 1249 1250 1251 1251
1252 1253 1253 1254 1255 1255 1256 1227 1257 1258 1259 1228 1229 1260 1260 1261 1261 1230 1231 1262 1263 1263 1264 1234 1265 1266 1267 1267 1237 1238 1268 1268 1240 1269 1269 1270 1270 1271 1271 1272 1243 1244 1245 1246 1247 1248 1249 1273 1273 1274
1252 1275 1275 1254 1276 1277 1256 1278 1257 1258 1279 1279 1280 1281 1282 1283 1284 1284 1285 1262 1286 1286 1264 1287 1287 1266 1288 1288 1289 1289 1290 1290 1291 1291 1292 1292 1293 1293 1294 1295 1296 1297 1297 1298 1299 1300 1301 1302 1302 1274
1303 1303 1304 1304 1276 1277 1305 1278 1306 1307 1307 1308 1308 1281 1282 1283 1309 1310 1285 1311 1311 1312 1313 1314 1314 1315 1316 1317 1318 1318 1319 1320 1321 1322 1322 1323 1324 1325 1294 1295 1326 1327 1328 1329 1299 1300 1301 1330 1330 1331
1332 1332 1333 1333 1334 1334 1305 1335 1306 1336 1336 1337 1338 1338 1339 1339 1309 1340 1340 1341 1341 1312 1342 1342 1343 1315 1316 1317 1344 1345 1345 1320 1346 1346 1347 1347 1324 1325 1348 1348 1326 1327 1328 1329 1349 1349 1350 1351 1351 1331
68 2 90 45 82 65 95 84 57 54 68 3 52 15 37 32 14 89 98 20 47 18 78 88 90 52 34 93 61 21 11 64 81 41 53 40 92 89 94 39 41 29 31 62 23 23 34 27 79 1
61 0 54 70 60 13 42 43 66 29 76 94 78 30 96 89 25 15 11 26 3 72 83 37 68 96 45 32 46 19 88 58 40 3 17 41 71 53 0 94 99 3 92 73 47 25 59 92 96 76
73 31 76 65 75 59 35 98 92 78 73 45 7 0 22 75 97 17 90 91 16 37 70 68 28 55 66 3 90 98 45 86 60 77 78 2 63 17 18 13 30 38 98 99 16 44 9 22 5 23
72 99 18 45 22 90 90 78 0 57 74 72 66 59 83 41 45 21 22 17 39 41 91 35 22 52 12 12 64 97 62 97 75 92 68 17 71 66 61 38 68 47 28 15 86 77 33 32 50 65
87 39 43 23 23 32 16 95 76 47 58 68 33 75 37 74 99 66 49 78 72 97 48 46 56 95 68 43 71 75 94 69 59 63 96 74 60 88 0 13 38 88 63 39 43 86 67 6 33 93
43 33 39 23 82 72 4 44 80 30 11 37 4 18 33 13 86 41 14 52 38 62 78 85 1 5 90 67 20 7 78 75 17 55 97 60 10 89 29 88 12 29 21 38 36 12 85 44 7 2
91 91 96 53 59 29 58 66 58 44 11 50 42 36 64 37 60 14 97 81 85 92 3 50 73 17 89 67 55 62 16 53 71 9 9 84 19 81 54 28 18 90 71 38 67 15 83 8 16 7
35 93 50 95 67 91 21 33 0 64 10 8 37 62 36 86 40 97 71 16 36 15 37 36 70 66 80 98 17 86 29 74 65 15 20 98 58 8 45 40 23 22 80 97 61 53 30 34 40 37
15 8 63 99 19 54 74 48 76 86 60 73 75 63 13 92 48 28 62 83 41 47 6 76 60 6 4 53 42 26 6 41 67 87 17 10 9 40 25 15 10 52 66 20 85 98 31 43 88 94
72 43 85 14 94 37 4 36 26 87 74 64 81 18 20 6 80 14 24 89 13 98 40 56 11 17 44 63 56 45 81 20 11 34 21 34 40 51 32 37 20 93 1 57 89 12 33 94 51 99
31 33 29 21 43 83 89 10 55 92 1 4 72 24 57 61 94 71 65 88 67 25 97 11 64 64 53 68 65 27 87 8 7 98 35 37 14 65 53 91 5 22 20 33 3 6 17 38 59 84
7 91 62 63 18 83 2 57 84 18 5 7 7 76 77 63 47 30 64 66 55 89 89 94 95 77 13 74 32 15 64 10 3 31 70 12 38 63 36 86 7 82 21 87 33 88 30 16 81 15
95 27 59 73 79 57 17 57 6 28 90 14 45 16 60 47 22 22 30 85 65 92 35 10 82 65 48 39 63 3 18 63 0 80 20 47 27 51 88 47 69 98 76 25 9 24 28 77 51 35
11 96 66 91 42 93 84 10 77 90 62 87 60 24 56 16 61 92 79 3 98 8 89 26 12 34 90 74 33 26 53 33 77 23 41 35 88 10 53 14 73 41 51 25 70 45 35 82 34 4
5 6 44 68 96 79 88 37 13 56 65 70 63 86 53 29 47 10 67 49 65 6 95 94 20 4 23 71 41 48 76 34 23 38 14 90 78 24 57 17 42 78 22 52 92 71 87 56 53 97
27 39 25 54 54 84 48 62 62 67 17 79 26 35 99 72 38 9 92 79 68 63 31 9 82 55 89 5 9 63 1 6 30 24 55 54 84 26 52 76 49 55 97 53 85 14 79 36 39 41
81 78 87 45 6 7 7 25 24 51 51 63 45 9 27 17 57 7 99 13 2 84 74 64 78 7 9 38 30 70 28 10 11 34 16 75 56 29 22 69 34 75 72 61 72 32 65 1 60 25
38 81 18 0 71 8 36 65 68 90 82 53 13 55 44 81 70 11 0 96 11 0 85 45 46 34 8 20 94 73 1 3 83 63 54 70 4 30 25 62 11 89 36 56 22 48 58 40 53 50
25 81 46 84 52 92 32 83 0 81 92 67 51 48 34 97 30 45 48 5 46 93 38 9 43 52 64 50 87 96 96 91 74 72 73 6 18 94 48 84 2 3 57 89 24 20 78 83 84 33
42 82 89 60 56 47 89 23 13 41 23 49 18 55 74 4 53 73 62 72 63 88 36 11 0 93 79 7 95 49 17 90 74 43 15 18 37 82 72 79 15 43 1 49 41 55 9 45 52 37
40 12 61 35 66 51 98 24 15 21 30 5 69 68 89 83 1 32 14 72 87 75 34 86 21 75 85 23 74 11 17 76 56 79 94 36 44 11 6 83 47 36 68 46 36 40 43 15 50 54
49 83 96 28 24 54 44 84 59 51 40 68 33 70 58 20 58 72 4 28 15 87 63 40 63 80 53 17 56 35 11 81 56 42 30 44 12 2 31 39 46 65 12 22 91 83 9 0 21 32
57 81 40 8 3 8 47 40 16 41 66 27 72 35 82 58 4 97 57 10 61 46 7 9 51 48 5 6 13 93 51 75 6 5 91 93 43 92 0 73 80 11 5 79 89 0 92 19 0 20
6 91 27 16 69 94 47 97 61 66 16 74 49 31 45 9 88 48 84 59 94 85 9 76 65 37 67 23 44 25 12 73 10 52 74 40 70 89 23 44 90 40 61 1 35 6 42 34 41 8
69 47 89 23 77 8 82 91 60 98 35 20 6 99 87 58 46 61 53 65 85 33 97 23 2 53 71 71 75 54 37 17 45 85 2 58 30 77 57 30 31 11 65 91 99 63 56 93 24 60
27 77 46 11 75 78 21 33 70 43 10 65 37 21 62 55 94 54 95 89 99 53 36 15 87 53 33 91 35 62 15 92 14 34 53 52 47 96 20 30 84 7 28 42 71 81 93 54 32 61
0 0 3 90 21 3 3 69 36 99 29 9 55 95 31 57 80 3 37 12 3 43 56 78 2 33 46 69 93 53 13 52 67 22 14 2 28 80 77 72 76 18 70 71 58 43 7 91 72 71
62 36 25 12 92 16 72 70 82 85 31 66 51 49 70 5 3 76 4 76 79 96 23 74 74 15 44 5 51 30 53 30 4 14 30 98 72 36 75 84 49 23 19 82 9 56 87 48 14 30
49 36 22 79 75 50 39 85 96 67 53 72 24 2 27 9 17 29 31 60 76 9 7 18 72 24 78 85 16 41 55 31 90 38 91 13 43 66 27 89 97 85 5 75 9 50 18 97 71 10
80 83 86 30 89 8 82 7 17 84 51 6 56 46 50 94 26 21 1 65 51 75 79 44 49 9 21 99 45 94 69 9 55 45 56 41 66 47 99 79 80 10 66 10 72 57 28 92 17 14
43 35 56 79 10 60 97 54 60 71 19 31 44 67 6 72 42 27 84 24 73 78 49 74 27 97 3 33 37 5 36 15 10 96 15 86 96 99 72 68 22 52 28 95 62 72 0 94 95 1
96 72 98 30 54 9 66 74 64 21 14 6 65 78 94 46 42 25 22 62 86 78 47 85 55 96 23 74 90 16 50 90 84 21 63 64 73 80 6 80 76 12 44 96 22 38 0 43 28 41
49 86 73 50 29 7 41 67 95 81 98 10 3 97 73 89 72 62 61 81 14 57 81 39 20 20 5 49 26 88 38 19 58 94 59 34 64 56 33 53 17 53 7 83 37 6 92 75 43 64
26 6 60 47 34 21 78 60 13 31 3 62 15 80 24 57 97 17 28 67 7 3 55 62 49 95 55 57 29 71 97 74 77 9 57 79 30 4 80 73 14 0 17 84 22 42 44 30 75 44
52 47 44 62 48 92 84 26 51 8 39 55 43 10 99 93 49 80 11 31 17 14 67 73 87 95 94 90 5 48 59 71 73 96 65 6 24 90 62 86 58 61 79 40 86 6 38 11 18 12
95 34 84 65 38 58 52 95 3 9 98 49 58 46 95 3 37 38 11 95 93 57 11 31 56 51 81 44 1 79 9 43 61 89 68 32 29 44 62 75 23 8 69 99 43 79 40 34 75 78
1 93 93 44 40 34 36 14 87 31 64 87 68 63 13 75 54 27 86 98 87 7 10 40 58 29 7 55 70 40 80 44 81 64 90 42 59 93 56 87 44 9 5 51 6 76 99 36 21 69
60 13 68 82 15 43 37 97 22 64 38 99 46 58 60 52 63 73 0 80 6 41 89 56 7 33 64 25 46 15 80 90 33 85 20 53 34 56 39 2 7 48 2 86 47 50 57 56 69 69
45 24 12 45 77 50 26 35 96 55 31 92 18 51 8 33 69 58 42 19 7 31 60 38 94 97 21 4 34 68 10 80 61 57 14 8 11 37 5 41 73 57 91 76 12 30 1 5 49 62
22 75 49 72 56 76 4 20 62 15 52 66 91 37 7 9 82 57 26 50 1 28 69 49 48 40 47 20 6 65 89 41 5 35 41 0 99 99 47 43 79 67 24 14 27 80 32 50 6 98
99 84 86 66 84 44 59 37 84 43 9 15 27 34 50 72 28 55 89 12 89 44 56 84 0 93 94 97 17 8 73 69 88 13 80 43 89 81 94 28 58 28 93 65 83 3 5 75 14 82
83 23 98 57 14 40 31 80 4 66 22 65 37 4 77 5 88 48 22 46 78 81 9 88 89 10 55 71 76 86 8 49 50 1 13 97 4 41 5 36 57 97 96 23 11 49 55 46 19 34
45 74 62 96 89 7 58 72 99 51 57 30 51 17 63 41 9 38 76 90 19 71 94 15 43 55 51 25 80 88 32 2 60 85 13 33 16 4 95 37 54 10 36 17 69 18 16 88 66 34
49 87 27 43 0 32 48 27 8 69 95 90 86 60 31 4 34 41 13 20 56 84 97 29 7 3 89 86 77 83 25 44 30 73 45 15 91 42 22 46 28 41 8 21 33 75 46 48 6 32
18 22 6 48 82 42 86 20 75 29 82 88 21 37 72 23 77 4 34 58 5 29 28 16 73 36 74 99 16 81 75 6 38 42 13 52 58 10 96 99 40 35 42 91 92 49 41 56 97 3
91 91 67 49 49 99 24 88 18 8 92 38 8 81 8 82 83 92 17 76 63 19 22 71 5 51 97 21 58 18 27 10 80 88 51 64 54 57 3 36 6 48 84 57 85 18 53 0 0 86
63 34 68 28 43 55 36 80 55 71 70 68 97 80 90 71 4 20 88 96 5 91 80 71 48 58 82 68 67 33 76 68 51 97 36 98 91 35 23 55 1 69 40 10 87 22 78 62 58 3
89 68 8 40 1 61 21 39 84 19 57 71 28 50 36 35 99 11 3 31 86 92 64 56 4 39 75 89 74 50 35 61 56 43 58 45 64 89 45 77 43 39 79 23 23 15 41 21 79 19
78 49 28 58 21 60 18 10 5 19 99 85 17 39 19 25 2 79 1 89 74 75 43 80 37 69 73 98 13 5 51 47 61 13 95 25 23 84 75 54 35 17 40 40 30 70 46 77 89 22
80 34 96 38 13 23 37 18 7 81 42 4 92 41 33 98 22 19 8 8 63 12 30 24 95 25 21 91 67 22 57 21 91 19 26 73 86 55 50 58 50 91 36 0 41 7 16 34 9 84
