11 11
0 1 1 2 2 3 4 5 5 6 6 7 8 8 9 9 10 11 12 12 13 14 15 16 17 17 18 18 19 20 20 21 21 22 23 23 24 25 26 26 27 27 28 28 29 29 30 31 32 33
0 34 34 35 35 3 4 36 36 37 38 38 39 39 40 41 10 42 42 43 43 14 15 44 45 46 47 47 19 48 49 50 50 22 51 51 24 52 53 54 55 55 56 56 57 58 58 31 32 59
60 61 62 62 63 64 64 65 66 37 67 67 68 69 40 70 70 71 72 73 73 74 75 44 76 46 77 78 79 48 49 80 81 81 82 82 83 52 53 54 84 85 85 86 86 87 88 89 89 59
90 61 91 91 92 93 94 95 66 96 96 97 68 98 98 99 100 71 72 101 101 74 75 102 76 103 77 78 104 105 106 80 107 108 109 109 83 110 110 111 112 112 113 114 114 115 88 116 117 117
90 118 119 120 92 93 121 95 122 123 123 97 124 125 126 99 127 127 128 129 130 131 131 102 132 133 134 134 104 135 106 136 107 108 137 138 139 139 140 111 141 142 142 143 143 115 144 144 145 145
146 118 119 147 148 148 121 149 122 150 150 151 124 125 126 152 153 153 128 129 130 154 155 155 132 133 156 156 157 135 158 136 159 159 137 138 160 160 140 161 141 162 163 164 165 165 166 167 167 168
146 169 170 147 171 172 172 173 173 174 175 151 176 177 177 152 178 179 180 181 182 183 183 184 184 185 185 186 157 187 158 188 189 189 190 190 191 192 193 161 194 162 163 195 196 196 166 197 197 168
198 169 170 199 199 200 200 201 201 174 175 202 176 203 204 204 178 179 180 205 182 206 207 208 209 209 210 211 211 187 212 188 213 214 214 215 191 216 193 217 217 218 219 195 220 221 221 222 223 224
198 225 226 227 228 229 229 230 230 231 231 202 232 233 233 234 235 236 236 205 237 238 207 208 239 240 241 242 243 243 244 244 213 245 245 215 246 216 247 248 248 218 219 249 220 250 251 222 252 224
253 225 226 227 228 254 255 256 256 257 258 259 259 260 261 261 235 262 262 263 237 238 264 264 239 240 241 242 265 266 266 267 267 268 269 269 246 270 271 271 272 272 273 274 274 250 251 275 252 276
277 277 278 278 279 254 255 280 281 257 258 282 283 284 285 285 286 287 287 263 288 288 289 290 291 292 292 293 293 294 295 296 297 268 298 299 300 300 301 302 303 303 273 304 304 305 306 306 307 307
308 308 309 310 279 311 311 280 281 312 313 313 283 284 314 315 316 317 318 319 320 321 321 290 322 323 324 324 325 294 295 296 297 326 298 299 327 327 301 302 328 329 329 330 330 305 331 332 333 333
334 334 309 335 336 337 337 338 339 340 340 341 342 343 314 315 316 317 318 319 320 344 345 345 322 323 346 347 325 348 348 349 350 350 351 351 352 353 354 355 328 356 356 357 357 358 331 332 359 359
360 361 361 335 362 362 363 338 364 364 365 341 342 366 367 368 368 369 369 370 370 344 371 372 372 373 346 347 374 374 375 376 377 377 378 378 352 353 354 379 379 380 381 382 383 358 384 384 385 386
360 387 388 389 389 390 363 391 392 393 394 395 395 366 396 397 398 398 399 399 400 401 401 402 403 403 404 404 405 406 375 376 407 408 408 409 409 410 411 412 412 380 381 382 383 413 414 414 385 386
415 415 388 416 416 390 417 417 392 418 394 419 420 420 396 397 421 421 422 422 400 423 424 424 425 425 426 427 427 406 428 429 429 430 431 432 432 410 411 433 434 434 435 436 436 413 437 438 439 439
440 441 442 443 444 444 445 446 447 418 448 419 449 450 451 451 452 453 454 455 455 456 457 458 458 459 426 460 461 462 428 463 463 430 431 464 465 466 467 433 468 469 470 470 471 472 437 438 473 473
474 441 475 443 476 476 445 446 447 477 448 478 449 450 479 480 452 453 481 482 482 456 457 483 483 459 484 484 461 462 485 485 486 487 487 464 465 466 488 489 468 469 490 490 491 472 492 493 493 494
474 495 475 496 496 497 497 498 498 477 499 500 501 501 479 480 502 502 481 503 503 504 505 506 506 507 508 509 509 510 511 511 512 513 514 514 515 516 488 489 517 517 518 518 491 519 520 521 522 494
523 523 524 524 525 525 526 527 527 528 499 500 529 530 530 531 531 532 532 533 533 504 505 534 534 507 508 535 535 510 536 536 512 513 537 537 515 538 539 540 541 542 542 543 543 519 520 521 544 544
545 545 546 546 547 548 526 549 550 528 551 552 553 553 554 555 555 556 556 557 557 558 558 559 559 560 561 562 563 563 564 564 565 566 567 567 568 538 539 540 569 569 570 570 571 571 572 573 573 574
575 575 576 576 547 548 577 578 550 579 551 580 580 581 582 583 584 584 585 586 587 588 588 589 589 560 561 590 590 591 592 593 565 566 594 595 568 596 597 598 598 599 599 600 601 601 572 602 602 603
604 605 606 607 607 608 577 578 609 579 610 611 612 581 582 613 613 614 585 615 587 616 617 618 619 620 621 621 622 623 592 593 624 624 594 595 625 596 626 626 627 627 628 628 629 630 631 632 632 603
604 605 633 633 634 635 635 636 636 637 637 611 638 638 639 639 640 614 641 615 642 616 617 618 619 620 643 644 644 623 645 645 646 647 647 648 648 649 650 651 651 652 652 653 629 630 654 655 656 657
658 659 659 660 634 661 661 662 663 664 664 665 666 666 667 667 640 668 668 669 669 670 671 671 672 672 643 673 673 674 674 675 676 676 677 677 678 678 650 679 680 681 682 683 683 684 654 655 656 657
685 686 686 660 687 688 688 662 663 689 690 690 691 692 692 693 694 695 696 697 697 698 698 699 700 700 701 702 703 704 705 675 706 706 707 708 708 709 710 679 680 711 682 712 712 684 713 713 714 714
685 715 715 716 687 717 718 719 719 689 720 720 721 721 722 723 694 695 696 724 724 725 726 727 727 728 728 702 729 704 730 731 731 732 733 734 735 735 710 736 737 711 738 738 739 740 740 741 741 742
743 744 745 746 747 717 718 748 749 749 750 750 751 752 753 723 754 755 756 757 758 725 726 759 760 761 762 762 729 763 730 764 764 732 733 734 765 766 766 736 767 767 768 768 769 770 770 771 771 742
743 744 745 746 747 772 772 773 773 774 775 776 751 752 753 777 754 778 756 757 758 779 780 759 760 781 781 782 782 763 783 783 784 785 786 786 765 787 787 788 789 789 790 790 769 791 792 792 793 793
794 795 796 796 797 797 798 798 799 774 775 776 800 800 801 777 802 778 803 803 804 779 780 805 806 807 807 808 808 809 810 810 784 785 811 811 812 813 814 788 815 815 816 817 817 791 818 819 819 820
794 795 821 822 822 823 824 825 826 827 828 829 830 831 832 832 802 833 833 834 835 835 836 836 806 837 838 839 840 809 841 841 842 843 843 844 844 813 845 845 846 847 847 848 848 849 850 850 851 852
853 853 821 854 854 823 855 825 826 827 828 829 830 856 856 857 858 859 860 861 862 862 863 863 864 837 838 839 840 865 866 867 842 868 869 869 870 870 871 872 872 873 874 875 876 877 877 878 878 852
879 879 880 880 881 882 855 883 884 884 885 885 886 887 888 857 858 889 860 861 890 891 891 892 892 893 894 895 895 865 866 867 896 868 897 897 898 899 900 901 902 902 874 903 876 904 905 906 907 907
908 909 910 911 881 882 912 883 913 913 914 914 886 887 915 915 916 889 917 918 890 919 919 920 921 893 894 922 922 923 924 924 896 925 925 926 898 899 900 901 927 928 928 903 929 904 905 906 930 931
908 909 910 911 932 932 912 933 933 934 935 936 937 938 939 940 916 941 941 918 942 942 943 920 944 944 945 945 946 923 947 947 948 948 949 950 950 951 952 953 953 954 955 956 956 957 958 959 930 931
960 960 961 961 962 962 963 964 964 965 935 936 937 938 939 940 966 967 968 969 970 971 943 972 972 973 974 974 946 975 976 977 978 979 949 980 980 951 952 981 981 954 955 982 982 957 958 959 983 984
985 986 986 987 987 988 988 989 990 965 991 991 992 992 993 993 966 967 968 969 970 994 995 995 996 973 997 997 998 975 976 977 978 999 1000 1000 1001 1002 1003 1004 1005 1006 1006 1007 1007 1008 1008 1009 983 984
985 1010 1010 1011 1012 1012 1013 989 1014 1015 1015 1016 1017 1018 1019 1020 1020 1021 1021 1022 1022 994 1023 1023 996 1024 1025 1026 998 1027 1028 1028 1029 999 1030 1030 1001 1002 1003 1004 1005 1031 1031 1032 1032 1033 1033 1009 1034 1035
1036 1036 1037 1038 1038 1039 1013 1040 1014 1041 1041 1016 1017 1018 1019 1042 1043 1043 1044 1044 1045 1046 1046 1047 1048 1024 1025 1026 1049 1049 1050 1051 1051 1052 1053 1053 1054 1054 1055 1056 1056 1057 1058 1058 1059 1059 1060 1061 1061 1035
1062 1063 1037 1064 1065 1039 1066 1040 1067 1068 1069 1069 1070 1070 1071 1042 1072 1072 1073 1073 1074 1074 1075 1047 1048 1076 1077 1078 1078 1079 1080 1080 1081 1052 1082 1083 1084 1085 1055 1086 1087 1087 1088 1089 1090 1091 1091 1092 1093 1094
1062 1063 1095 1096 1065 1097 1066 1098 1067 1099 1100 1101 1101 1102 1102 1103 1103 1104 1104 1105 1105 1106 1107 1107 1108 1076 1077 1109 1109 1110 1110 1111 1112 1112 1082 1083 1113 1085 1114 1086 1115 1116 1088 1089 1117 1118 1118 1092 1093 1094
1119 1119 1095 1096 1120 1120 1121 1121 1122 1099 1123 1123 1124 1125 1126 1127 1127 1128 1129 1130 1130 1131 1131 1132 1108 1133 1134 1135 1136 1136 1137 1138 1139 1139 1140 1140 1113 1141 1141 1142 1142 1116 1143 1143 1117 1144 1145 1146 1147 1147
1148 1148 1149 1150 1151 1152 1152 1153 1153 1154 1155 1155 1124 1156 1126 1157 1157 1128 1158 1158 1159 1160 1160 1132 1161 1162 1134 1135 1163 1164 1137 1138 1165 1166 1167 1167 1168 1168 1169 1169 1170 1170 1171 1172 1172 1173 1145 1174 1174 1175
1176 1177 1149 1150 1178 1178 1179 1179 1180 1154 1181 1182 1183 1156 1184 1184 1185 1186 1186 1187 1187 1188 1188 1189 1190 1162 1191 1192 1192 1164 1193 1193 1165 1166 1194 1194 1195 1196 1197 1198 1198 1199 1200 1200 1201 1173 1202 1202 1203 1203
1176 1177 1204 1204 1205 1206 1207 1207 1208 1209 1181 1182 1183 1210 1210 1211 1212 1213 1213 1214 1215 1216 1217 1218 1190 1219 1219 1220 1221 1222 1223 1223 1224 1225 1225 1226 1195 1196 1197 1227 1228 1229 1229 1230 1230 1231 1231 1232 1232 1233
1234 1234 1235 1235 1205 1206 1236 1237 1208 1209 1238 1238 1239 1240 1241 1241 1212 1242 1243 1214 1215 1216 1217 1218 1244 1244 1245 1220 1221 1222 1246 1247 1247 1248 1248 1226 1249 1249 1250 1227 1251 1251 1252 1253 1253 1254 1255 1255 1256 1233
1257 1258 1259 1259 1260 1260 1236 1237 1261 1262 1262 1263 1239 1240 1264 1265 1265 1242 1243 1266 1267 1267 1268 1268 1269 1270 1245 1271 1272 1272 1246 1273 1273 1274 1275 1275 1276 1276 1250 1277 1277 1278 1252 1279 1279 1254 1280 1281 1281 1282
1257 1258 1283 1283 1284 1285 1285 1286 1261 1287 1288 1289 1290 1290 1264 1291 1291 1292 1293 1266 1294 1294 1295 1296 1269 1270 1297 1271 1298 1299 1299 1300 1300 1274 1301 1302 1303 1303 1304 1305 1306 1306 1307 1307 1308 1309 1310 1311 1312 1282
1313 1313 1314 1314 1284 1315 1316 1317 1317 1318 1288 1289 1319 1320 1320 1321 1321 1292 1293 1322 1323 1323 1295 1296 1324 1325 1297 1326 1298 1327 1328 1329 1330 1330 1331 1302 1332 1332 1304 1305 1333 1334 1334 1335 1308 1309 1310 1311 1312 1336
1337 1337 1338 1339 1339 1315 1316 1340 1340 1318 1341 1341 1319 1342 1342 1343 1343 1344 1344 1345 1345 1346 1347 1347 1324 1348 1348 1326 1349 1349 1328 1329 1350 1350 1331 1351 1351 1352 1352 1353 1354 1354 1355 1335 1356 1356 1357 1358 1358 1336
99 3 1 2 8 33 43 66 91 43 24 2 69 16 4 26 25 80 57 89 91 70 55 68 4 6 80 20 77 61 25 42 99 78 66 40 17 94 74 38 99 28 30 30 84 60 46 29 7 21
80 37 29 91 22 77 17 64 26 47 5 12 64 83 38 60 45 2 24 71 56 49 99 8 70 23 53 66 34 58 99 51 12 52 56 58 61 65 84 93 77 99 94 0 70 6 83 28 65 80
53 12 85 84 69 9 83 63 24 1 81 34 8 89 75 12 14 67 93 24 97 99 79 52 12 14 38 53 91 93 32 58 14 87 69 74 85 47 64 71 54 63 87 81 24 86 66 58 74 45
37 39 54 14 57 9 25 48 76 84 53 4 62 25 63 21 58 36 52 32 37 1 21 19 18 27 59 45 52 74 0 34 45 4 6 11 0 71 83 59 43 85 57 8 78 64 12 90 57 6
4 5 86 18 92 51 32 24 10 1 6 23 87 77 38 67 66 33 17 87 89 7 63 88 72 88 74 80 75 58 80 95 2 82 82 13 10 71 22 25 91 57 46 26 92 21 22 88 95 66
95 62 1 22 61 68 62 70 16 19 6 21 55 54 64 13 94 45 93 51 51 89 51 88 83 44 29 52 42 11 71 59 13 13 80 23 5 16 59 71 52 77 7 9 98 64 15 63 89 94
20 40 3 85 72 12 80 19 81 82 24 22 18 10 63 64 48 56 11 50 35 23 67 64 35 52 10 75 77 81 86 59 22 71 3 1 99 55 3 77 87 56 44 70 63 5 23 31 95 62
33 90 59 22 86 72 17 16 85 15 95 86 40 77 60 68 47 74 74 91 39 30 57 41 40 60 75 6 28 49 10 22 29 29 52 51 28 71 75 81 54 90 46 71 3 9 4 69 37 46
28 20 55 76 55 1 29 34 21 33 7 26 29 91 31 2 13 66 96 4 22 64 74 3 98 53 47 11 49 7 69 59 60 99 95 89 67 47 80 46 92 9 50 42 48 63 40 72 6 21
44 46 88 11 60 9 84 83 15 62 4 2 43 33 32 46 32 91 61 41 51 72 48 28 61 61 96 6 50 12 0 92 39 21 35 73 29 34 32 17 48 8 6 9 66 85 69 65 42 94
98 48 69 95 48 23 59 86 75 68 32 54 40 69 2 50 80 23 15 79 12 11 2 60 96 14 55 27 32 57 45 90 42 91 11 21 57 11 19 21 40 53 32 70 19 36 49 26 51 24
33 67 48 80 14 14 76 47 78 65 76 99 70 11 31 65 39 44 97 15 93 72 74 64 21 74 41 70 92 54 65 10 12 42 52 21 37 88 65 30 27 32 27 11 53 35 25 32 86 83
20 30 69 42 7 55 24 68 84 71 42 85 55 6 34 70 24 80 99 13 25 0 15 81 83 76 20 24 92 23 62 83 26 61 24 33 78 95 75 82 38 59 21 35 95 24 77 13 24 77
93 44 84 14 74 95 65 2 84 18 12 66 35 26 2 70 24 63 23 38 55 61 49 76 27 98 17 12 93 62 25 11 46 1 55 95 20 78 12 17 3 91 96 70 49 89 77 94 64 34
93 95 69 60 62 29 41 24 88 2 6 17 65 38 54 67 50 85 93 50 78 50 45 71 13 93 79 55 58 88 30 74 38 56 54 23 90 58 90 60 42 50 99 26 39 12 24 48 42 89
51 31 14 57 38 6 74 50 23 65 62 26 24 80 84 98 55 60 64 89 67 3 8 60 72 70 17 98 40 37 74 41 39 22 86 28 1 73 64 34 80 85 53 30 83 14 75 87 85 32
60 4 10 63 55 27 16 74 91 38 85 99 60 61 31 77 17 84 31 31 87 97 26 73 31 64 79 10 73 61 91 86 90 29 53 31 73 6 26 98 98 56 89 91 83 71 93 12 1 41
4 62 73 85 81 58 35 42 25 2 86 0 68 73 97 74 66 83 62 24 60 14 28 0 56 1 18 12 65 59 96 71 71 81 84 75 39 27 13 76 44 85 45 68 9 86 41 83 70 4
38 36 56 4 19 43 76 17 39 26 75 79 59 4 87 47 67 9 61 89 42 38 62 31 11 88 38 1 92 19 7 98 54 97 92 99 20 44 4 46 50 16 80 8 55 28 84 14 35 98
48 72 11 81 27 22 83 4 70 22 56 2 47 76 60 16 15 53 76 14 95 5 33 35 25 56 37 87 43 73 46 52 12 22 35 75 39 17 25 91 38 74 41 89 58 53 10 18 14 4
22 20 20 90 63 27 58 10 15 1 41 73 94 26 89 56 20 14 84 95 59 46 28 46 52 43 50 66 40 91 73 95 1 88 88 88 64 86 95 62 52 67 13 53 86 1 58 70 55 28
43 73 5 21 29 74 3 21 59 68 34 47 95 72 67 74 4 75 44 81 12 83 66 61 3 24 76 95 27 52 55 8 97 27 56 31 43 23 79 35 61 24 75 72 64 56 1 57 64 52
82 38 27 33 95 25 23 77 2 88 95 38 85 95 63 36 90 69 27 61 64 31 84 27 50 15 15 76 55 65 95 16 93 67 38 44 50 7 6 38 29 11 86 76 17 95 76 0 22 44
63 43 34 56 68 86 4 94 70 52 78 70 62 9 77 87 86 44 97 82 62 23 29 59 28 29 12 31 77 16 38 46 13 53 80 84 66 5 39 79 64 8 36 7 18 8 57 20 61 19
38 21 30 88 39 50 31 94 74 34 4 31 62 92 81 6 98 31 90 56 72 30 21 10 97 74 43 6 72 44 69 84 23 0 49 14 52 81 73 63 72 44 71 56 14 92 96 44 80 3
83 18 27 74 23 73 7 5 41 8 74 22 82 12 51 24 43 51 6 19 29 18 75 99 83 86 19 43 14 66 82 82 73 79 26 34 48 49 21 0 57 6 93 5 91 79 70 99 7 34
85 34 57 80 0 47 13 71 15 0 68 58 85 46 8 44 24 73 89 88 35 41 46 15 61 60 34 13 86 62 17 1 44 58 44 63 41 96 16 7 52 46 4 18 59 56 68 69 33 22
41 6 50 58 84 12 95 69 71 44 30 11 68 16 78 78 74 0 29 86 75 67 66 39 44 96 19 65 85 50 39 70 77 75 43 20 36 19 18 61 85 69 6 40 32 61 49 35 21 55
57 29 26 93 47 92 81 4 36 86 72 22 14 35 21 29 31 29 33 37 50 59 17 64 62 31 84 45 51 87 66 13 34 64 53 64 20 11 99 71 29 17 12 72 14 32 25 28 54 49
89 79 33 7 95 15 78 34 84 29 20 2 87 83 5 88 32 40 58 45 18 36 19 75 88 24 10 58 66 23 96 64 8 11 0 77 2 84 92 9 41 45 98 55 35 27 20 90 42 45
0 61 97 75 51 30 5 69 34 23 38 64 87 56 5 65 55 39 17 59 52 47 25 13 1 13 8 39 24 20 42 66 38 61 56 81 57 35 26 15 39 56 13 39 69 18 73 52 82 64
45 95 69 22 5 86 98 85 58 50 48 96 91 70 11 7 81 6 78 60 73 86 80 46 51 30 33 37 71 62 16 69 51 71 51 41 90 57 41 51 37 43 62 39 85 0 5 66 15 44
53 97 90 54 47 61 79 54 72 53 81 29 85 98 41 84 37 82 57 97 11 2 82 51 41 30 99 92 10 29 26 77 8 59 19 57 43 17 13 13 39 44 31 64 81 93 1 51 52 65
54 36 89 44 14 9 67 71 69 6 35 23 73 70 40 91 42 85 16 81 74 71 70 81 90 90 57 56 49 44 69 79 28 80 22 93 47 8 28 7 97 13 71 55 97 69 78 90 28 20
21 22 63 98 54 9 4 55 51 9 31 97 78 61 65 77 16 37 84 49 25 18 89 97 17 32 7 87 33 15 38 98 53 85 60 35 10 35 88 18 72 71 98 27 31 51 90 10 62 63
73 1 14 14 83 75 53 55 0 32 95 52 27 94 47 73 27 22 34 37 13 46 99 44 83 70 87 63 9 51 69 70 87 42 74 9 21 65 41 49 61 39 97 2 30 70 97 99 4 46
91 82 81 46 87 82 77 74 86 65 2 3 44 1 55 8 47 91 11 32 78 37 32 64 69 42 9 96 81 79 25 79 42 71 97 61 46 74 83 85 37 43 86 3 13 84 92 61 73 9
37 97 25 26 92 84 31 29 88 93 77 25 48 42 8 37 45 64 55 7 51 19 57 75 9 59 64 52 73 49 27 40 71 95 5 48 98 17 73 87 64 75 39 55 23 24 33 16 31 21
26 76 84 92 67 62 0 54 32 33 82 62 9 34 48 5 39 56 0 81 93 14 83 79 70 84 24 7 47 6 67 18 6 30 76 66 80 62 43 86 3 48 37 4 72 75 0 92 89 28
89 24 63 44 70 59 93 48 31 79 58 41 48 52 22 14 86 28 19 45 13 4 39 34 26 4 7 13 47 64 77 13 40 74 86 0 93 48 0 41 56 22 93 18 52 24 2 6 95 74
62 77 45 63 4 31 87 28 80 5 52 86 46 5 75 25 9 93 49 49 22 76 1 13 87 63 71 10 3 13 44 17 31 36 41 51 12 72 97 40 72 43 49 36 49 2 45 15 83 15
79 52 0 81 42 45 2 17 70 73 73 35 40 83 77 78 55 34 59 68 87 61 43 46 49 3 1 49 13 46 81 85 68 96 62 61 30 46 40 56 33 98 35 13 18 33 31 81 11 43
51 51 89 98 50 44 97 93 45 66 61 59 84 56 60 14 15 62 34 37 42 92 74 76 28 70 36 20 51 35 82 87 17 43 32 16 8 43 59 37 5 98 15 83 58 58 37 64 86 84
94 35 51 59 46 76 35 30 4 30 31 4 37 17 88 17 57 64 70 91 28 21 6 0 36 51 81 1 29 90 2 74 97 86 70 4 61 41 85 13 56 79 54 59 94 23 26 68 28 69
58 6 49 80 59 79 69 1 89 77 84 55 65 8 8 11 20 15 70 58 10 5 42 18 73 56 75 50 49 12 25 92 78 2 39 36 79 0 11 15 20 39 28 10 31 35 40 78 53 9
20 56 77 80 54 77 31 37 47 27 43 1 71 29 7 93 19 5 41 69 69 12 84 0 0 96 88 46 1 75 9 49 64 52 26 22 87 88 14 97 26 39 65 26 24 20 25 16 17 0
55 55 92 21 80 68 70 6 20 98 25 30 77 81 85 12 54 58 51 13 43 17 85 58 91 45 23 22 4 14 40 1 57 57 8 17 30 99 76 9 17 89 59 43 23 29 70 81 37 50
67 96 37 65 21 35 10 86 88 48 57 38 11 70 94 76 61 42 66 21 53 2 38 61 21 30 79 68 92 51 76 85 98 88 30 56 16 44 0 6 34 35 45 89 53 43 10 21 47 62
92 83 17 35 34 74 30 75 14 69 18 40 99 11 96 59 94 57 49 69 59 58 70 2 74 25 11 72 67 76 54 6 68 90 9 3 18 40 2 85 85 85 61 6 10 50 25 21 67 3
90 21 17 0 33 54 72 15 20 91 67 99 6 78 63 97 58 5 51 99 2 48 14 32 22 26 5 10 63 63 48 8 82 59 11 39 81 36 36 22 21 79 98 72 20 53 38 94 22 7
