48 10
0 0 1 2 2 3 3 4 5 5 6 7 8 9 10 10 11 12 12 13 13 14 15 16 17 18 18 19 20 20 21 22 23 24 25 25 26 26 27 28 29 30 31 32 32 33 34 35 36 37
38 39 40 40 41 42 42 4 43 43 6 7 8 9 44 45 11 46 47 47 48 48 15 16 49 49 50 50 51 52 21 22 23 24 53 54 55 55 27 28 29 30 56 56 57 33 34 35 36 37
38 39 58 59 60 60 61 61 62 63 63 64 64 65 44 66 67 67 68 69 70 71 71 72 72 73 73 74 51 52 75 76 76 77 53 78 79 80 81 82 82 83 83 84 85 86 86 87 87 88
89 90 58 59 91 91 92 93 93 94 95 96 97 98 99 66 100 101 68 69 70 102 103 103 104 105 105 106 106 107 75 108 108 77 109 78 79 80 81 110 111 112 113 84 85 114 115 115 116 116
89 90 117 118 119 119 92 120 120 94 95 96 97 98 99 121 121 101 122 123 124 124 125 126 104 127 128 129 129 107 130 131 132 132 109 133 134 134 135 136 111 112 113 137 137 138 138 139 139 140
141 141 117 118 142 143 143 144 144 145 146 146 147 147 148 148 149 149 122 123 150 151 151 126 152 127 128 153 153 154 130 131 155 155 156 133 157 158 135 136 159 160 160 161 162 163 163 164 164 140
165 166 166 167 142 168 169 170 171 145 172 172 173 173 174 174 175 176 177 178 178 179 179 180 180 181 181 182 183 184 185 185 186 186 156 187 188 158 189 189 159 190 190 161 162 191 191 192 193 194
165 195 196 197 198 168 169 170 171 199 199 200 201 201 202 203 175 176 177 204 205 205 206 207 208 208 209 182 183 184 210 210 211 212 212 187 188 213 214 214 215 215 216 217 217 218 219 192 193 194
220 195 221 197 222 223 223 224 225 226 226 200 227 227 202 228 229 229 230 204 231 231 206 232 233 233 234 234 235 235 236 236 237 237 238 239 240 240 241 242 242 243 216 244 245 218 219 246 247 248
220 249 221 250 222 251 252 252 225 253 253 254 254 255 255 228 256 256 230 257 258 259 259 232 260 261 261 262 263 263 264 265 265 266 267 239 268 268 269 269 270 271 271 244 245 272 273 273 247 248
274 275 275 250 276 276 277 278 278 279 280 281 281 282 282 283 284 285 286 287 258 288 289 289 260 290 290 291 291 292 264 293 294 266 267 295 295 296 296 297 270 298 298 299 299 272 300 301 301 302
274 303 303 304 305 306 277 307 308 279 280 309 310 311 312 312 284 285 313 287 314 315 315 316 316 317 318 318 319 319 320 293 294 321 321 322 322 323 323 297 324 324 325 325 326 326 327 327 328 302
329 329 330 330 305 306 331 307 308 332 333 334 310 311 335 336 337 337 313 338 314 339 339 340 340 317 341 342 343 343 344 345 346 346 347 347 348 348 349 349 350 351 352 353 354 354 355 355 328 356
357 358 359 359 360 360 331 361 361 332 333 334 362 363 335 364 364 365 366 338 367 368 369 370 370 371 341 342 372 372 344 345 373 373 374 374 375 376 376 377 378 351 352 353 379 380 381 382 383 383
357 384 385 385 386 387 387 388 389 389 390 390 362 363 391 392 393 365 366 394 394 368 369 395 396 371 397 398 398 399 399 400 400 401 402 403 375 404 404 377 378 405 405 406 379 380 381 382 407 407
408 384 409 409 386 410 410 388 411 411 412 413 413 414 391 392 393 415 416 416 417 418 418 395 419 419 397 420 420 421 422 422 423 423 402 403 424 425 426 426 427 428 428 406 429 430 430 431 432 432
433 433 434 435 436 437 438 438 439 440 412 441 442 414 443 444 444 415 445 445 417 446 447 448 448 449 450 451 452 453 453 454 454 455 456 457 424 425 458 459 427 460 461 461 429 462 462 463 463 464
465 465 434 466 436 467 468 469 439 440 470 441 471 471 443 472 473 473 474 475 476 446 447 477 477 449 450 478 452 479 480 481 482 482 456 457 483 483 458 484 484 485 485 486 487 488 489 490 491 491
492 493 494 466 495 467 468 469 496 496 497 498 498 499 500 472 501 502 502 475 503 503 504 504 505 505 506 478 507 507 480 481 508 509 509 510 511 511 512 512 513 513 514 486 487 488 489 515 515 516
517 493 494 518 495 519 520 520 521 521 497 522 523 499 524 525 525 526 527 528 528 529 529 530 530 531 531 532 532 533 533 534 534 535 536 510 537 538 539 540 541 541 514 542 542 543 543 544 544 516
517 545 546 518 547 547 548 548 549 549 550 522 551 551 524 552 552 526 527 553 553 554 554 555 555 556 556 557 558 558 559 560 561 535 536 562 537 538 539 540 563 564 564 565 565 566 567 567 568 568
569 545 570 571 571 572 572 573 573 574 550 575 575 576 577 578 578 579 579 580 581 581 582 582 583 584 584 557 585 586 559 560 561 587 587 562 588 589 590 590 591 592 592 593 594 566 595 596 597 597
569 598 570 599 600 601 602 603 603 574 604 604 605 576 577 606 607 607 608 580 609 609 610 610 611 611 612 612 585 613 613 614 614 615 615 616 616 589 617 617 591 618 619 593 620 620 595 596 621 621
622 623 623 599 600 601 624 625 626 626 627 628 628 629 629 606 630 630 608 631 631 632 633 633 634 635 635 636 636 637 637 638 638 639 639 640 641 641 642 642 643 644 619 645 646 647 648 648 649 649
622 650 651 651 652 653 624 625 654 655 656 657 658 658 659 659 660 661 662 662 663 632 664 664 634 665 666 667 667 668 669 669 670 670 671 640 672 673 673 674 674 644 675 676 646 647 677 678 679 679
680 680 681 681 652 653 682 682 654 655 656 683 683 684 684 685 660 661 686 686 663 687 688 689 690 691 666 692 693 668 694 694 695 696 671 697 698 699 699 700 701 702 702 676 703 704 677 678 705 705
706 706 707 707 708 708 709 710 710 711 711 712 713 713 714 685 715 715 716 717 717 687 688 689 690 691 718 692 719 719 720 720 695 696 721 697 698 722 723 723 701 724 725 726 703 727 728 729 730 731
732 733 733 734 735 735 709 736 737 737 738 739 740 741 741 742 742 743 716 744 745 745 746 746 747 747 718 748 749 750 750 751 751 752 752 753 753 754 754 755 756 757 725 726 758 727 728 759 730 731
760 760 761 761 762 763 763 736 764 765 738 739 766 766 767 768 769 769 770 744 771 772 773 773 774 775 775 748 749 776 777 777 778 779 779 780 781 782 782 755 756 757 783 784 758 785 785 759 786 787
788 789 789 790 762 791 792 792 764 765 793 794 794 795 795 768 796 796 770 797 771 798 799 800 800 801 802 802 803 776 804 805 778 806 807 780 781 808 808 809 810 810 783 811 811 812 813 813 786 814
815 815 816 790 817 818 819 819 820 820 793 821 821 822 822 823 823 824 824 797 825 798 799 826 827 801 828 829 803 830 804 831 831 806 807 832 832 833 834 809 835 835 836 837 837 812 838 839 840 814
841 842 842 843 817 818 844 844 845 846 846 847 848 848 849 849 850 851 852 852 825 853 854 855 827 856 828 857 857 830 858 858 859 859 860 860 861 833 834 862 862 863 836 864 864 865 865 839 840 866
841 867 867 843 868 868 869 869 845 870 871 872 873 873 874 875 875 851 876 876 877 853 854 855 878 856 879 879 880 881 881 882 883 884 885 886 861 887 888 889 890 890 891 891 892 893 894 895 895 896
897 897 898 898 899 899 900 900 901 901 871 872 902 902 903 903 904 904 905 905 906 906 907 908 878 909 909 910 880 911 911 882 883 884 885 912 912 887 888 889 913 914 915 916 916 893 917 918 919 896
920 921 922 923 924 925 925 926 927 928 929 930 931 932 932 933 934 935 936 936 937 938 907 939 940 940 941 910 942 942 943 943 944 945 946 946 947 948 949 950 913 914 951 951 952 953 917 918 919 954
920 921 922 923 924 955 956 926 957 928 929 930 931 958 958 933 934 935 959 959 937 938 960 939 961 961 941 962 962 963 964 964 944 945 965 966 967 948 949 950 968 969 969 970 952 971 971 972 972 954
973 974 974 975 976 977 956 978 957 979 979 980 981 981 982 983 983 984 985 986 987 988 960 989 989 990 990 991 992 963 993 993 994 994 965 966 967 995 995 996 968 997 998 998 999 1000 1001 1001 1002 1003
973 1004 1005 975 976 977 1006 1006 1007 1007 1008 1008 1009 1009 982 1010 1011 984 1012 986 987 1013 1014 1015 1015 1016 1016 991 1017 1017 1018 1018 1019 1020 1021 1021 1022 1023 1023 996 1024 1025 1026 1027 1027 1000 1028 1029 1029 1003
1030 1004 1031 1031 1032 1033 1034 1034 1035 1036 1037 1037 1038 1039 1039 1010 1011 1040 1012 1041 1041 1013 1014 1042 1043 1043 1044 1044 1045 1046 1046 1047 1019 1048 1049 1049 1022 1050 1050 1051 1052 1025 1053 1054 1054 1055 1028 1056 1057 1058
1030 1059 1059 1060 1032 1061 1062 1063 1035 1036 1064 1064 1065 1066 1067 1067 1068 1040 1069 1070 1071 1071 1072 1073 1073 1074 1075 1076 1045 1077 1077 1047 1078 1048 1079 1079 1080 1081 1082 1082 1052 1083 1053 1084 1084 1055 1085 1086 1057 1087
1088 1089 1089 1090 1090 1061 1062 1063 1091 1091 1092 1092 1065 1066 1093 1093 1094 1094 1095 1070 1096 1096 1072 1097 1097 1074 1075 1098 1098 1099 1100 1100 1078 1101 1101 1102 1080 1081 1103 1104 1104 1083 1105 1106 1106 1107 1085 1086 1108 1087
1109 1109 1110 1111 1111 1112 1112 1113 1114 1114 1115 1116 1116 1117 1118 1118 1119 1120 1095 1121 1122 1123 1124 1125 1125 1126 1127 1128 1128 1129 1130 1130 1131 1131 1132 1102 1133 1134 1103 1135 1136 1137 1137 1138 1138 1107 1139 1140 1140 1141
1142 1143 1143 1144 1145 1145 1146 1147 1147 1148 1115 1149 1149 1150 1150 1151 1119 1120 1152 1121 1122 1123 1124 1153 1154 1154 1127 1155 1156 1129 1157 1158 1158 1159 1160 1160 1133 1134 1161 1135 1162 1162 1163 1164 1164 1165 1139 1166 1167 1141
1142 1168 1169 1144 1170 1171 1146 1172 1173 1173 1174 1174 1175 1175 1176 1176 1177 1178 1179 1180 1181 1182 1182 1153 1183 1184 1185 1155 1156 1186 1157 1187 1187 1159 1188 1189 1189 1190 1190 1191 1192 1193 1193 1194 1194 1165 1195 1196 1167 1197
1198 1168 1169 1199 1170 1171 1200 1172 1201 1201 1202 1202 1203 1204 1205 1206 1207 1178 1179 1180 1181 1208 1209 1210 1210 1184 1185 1211 1212 1186 1213 1214 1215 1216 1188 1217 1218 1218 1219 1191 1192 1220 1220 1221 1221 1222 1223 1196 1224 1225
1198 1226 1226 1199 1227 1227 1200 1228 1229 1229 1230 1231 1231 1204 1232 1206 1207 1233 1234 1235 1235 1236 1209 1237 1238 1239 1240 1240 1212 1241 1241 1214 1215 1216 1242 1243 1244 1244 1219 1245 1246 1246 1247 1248 1249 1222 1223 1250 1250 1225
1251 1252 1253 1253 1254 1254 1255 1228 1256 1256 1257 1257 1258 1258 1232 1259 1260 1260 1234 1261 1262 1236 1263 1264 1238 1239 1265 1266 1266 1267 1268 1269 1270 1271 1271 1243 1272 1273 1273 1245 1274 1274 1247 1248 1275 1275 1276 1277 1278 1278
1251 1279 1279 1280 1281 1282 1255 1283 1283 1284 1284 1285 1286 1287 1288 1289 1289 1290 1290 1261 1262 1291 1292 1264 1293 1294 1265 1295 1296 1267 1268 1269 1270 1297 1298 1299 1272 1300 1300 1301 1301 1302 1303 1303 1304 1304 1276 1305 1305 1306
1307 1307 1308 1280 1281 1309 1310 1311 1311 1312 1313 1285 1286 1287 1314 1314 1315 1315 1316 1316 1317 1318 1292 1319 1320 1294 1321 1295 1322 1322 1323 1323 1324 1297 1298 1299 1325 1325 1326 1326 1327 1302 1328 1328 1329 1329 1330 1331 1331 1332
1333 1333 1308 1334 1334 1309 1335 1335 1336 1336 1313 1337 1338 1338 1339 1339 1340 1340 1341 1341 1317 1318 1342 1342 1320 1343 1343 1344 1344 1345 1345 1346 1346 1347 1348 1348 1349 1349 1350 1350 1327 1351 1351 1352 1353 1353 1330 1354 1354 1332
0 38 74 6 60 80 55 51 41 29 18 97 14 56 22 18 20 48 7 71 20 9 16 69 3 53 23 51 8 71 99 60 83 25 98 1 1 92 95 95 33 67 56 7 34 5 11 1 98 42
29 4 76 12 30 70 70 34 65 39 18 34 82 89 49 83 77 77 20 11 80 74 67 91 69 11 72 20 4 39 99 64 28 1 21 22 70 96 14 39 60 52 80 81 26 69 79 96 24 16
2 22 15 64 26 14 77 94 31 61 16 3 1 56 52 34 70 29 56 74 24 10 85 42 26 89 60 94 81 79 45 94 26 26 24 66 80 48 25 24 64 40 56 49 32 52 43 55 25 81
1 46 77 96 3 35 8 9 78 72 99 79 47 84 90 27 94 49 21 62 62 89 6 25 90 20 79 83 78 82 59 14 97 54 54 82 19 44 0 21 43 45 65 85 83 49 16 56 54 4
84 11 69 26 60 29 54 3 98 99 23 53 16 31 48 88 21 58 82 76 73 78 0 7 67 31 68 24 65 86 93 48 77 83 42 79 7 58 21 87 67 83 28 70 90 93 91 44 43 78
32 7 34 15 69 20 50 11 41 65 4 49 31 55 27 17 1 97 64 35 7 18 3 77 10 43 47 59 82 74 27 10 31 46 3 6 50 37 59 72 45 20 62 30 51 67 3 96 4 9
19 82 12 62 42 21 61 28 90 74 59 49 44 13 55 38 95 46 51 81 71 89 53 25 67 0 69 5 6 88 15 20 51 40 74 68 44 19 81 37 94 40 97 6 23 7 51 34 85 3
32 33 9 68 65 65 79 55 36 45 78 52 40 5 79 81 25 95 32 23 15 92 93 17 94 9 30 31 69 88 3 95 18 97 72 5 99 35 36 66 44 61 22 90 35 23 57 2 58 99
1 88 95 36 83 64 97 16 50 44 45 39 67 59 68 88 18 49 10 76 0 76 90 27 32 81 72 94 56 0 11 95 49 55 23 39 32 63 59 82 99 40 42 63 27 76 12 21 60 56
18 75 21 47 87 97 87 63 58 35 3 70 12 42 67 16 38 68 56 79 72 26 58 36 37 26 10 19 95 52 88 88 67 87 67 22 92 35 27 4 21 55 75 33 16 90 13 83 32 51
20 15 63 55 46 64 37 93 29 20 89 74 59 71 12 97 91 4 62 75 31 65 83 12 34 80 25 66 79 56 84 78 56 80 18 68 73 24 37 55 67 38 18 14 44 84 26 7 50 16
74 26 25 58 36 3 90 47 72 79 8 14 16 80 57 69 98 65 12 24 6 45 91 1 72 52 72 45 87 80 43 57 43 95 55 16 37 88 54 2 54 95 19 10 24 69 18 92 6 87
91 83 94 5 31 14 49 27 63 84 42 94 68 21 54 12 19 4 94 44 74 13 36 43 25 75 30 10 23 87 84 56 48 79 34 89 71 96 77 96 82 42 37 19 35 36 1 76 47 33
21 91 22 11 99 55 72 16 57 46 22 67 84 86 47 15 89 93 80 7 54 55 9 56 43 26 31 67 4 91 12 67 51 62 78 50 41 92 72 42 64 41 0 41 92 5 0 23 89 83
84 29 0 49 85 80 53 3 90 5 48 52 33 24 56 45 85 79 49 31 49 35 3 53 68 30 7 23 19 56 46 0 65 66 54 40 81 11 86 15 42 31 38 66 83 17 88 0 63 98
92 49 11 53 64 86 26 87 84 46 80 51 24 54 33 62 81 27 35 37 78 16 35 41 2 56 8 1 48 80 74 66 50 68 45 15 51 82 0 19 93 19 31 15 68 1 98 51 11 56
61 76 8 47 47 90 45 86 81 2 56 49 87 99 25 7 97 66 55 32 54 54 10 4 66 42 66 72 50 13 4 79 74 98 13 99 53 92 28 32 27 48 47 33 60 29 90 45 89 13
25 38 7 30 11 18 88 92 24 55 60 70 60 31 36 92 2 12 73 79 78 18 76 77 28 77 50 10 99 20 61 46 69 11 23 64 73 88 56 29 97 27 69 71 12 64 42 76 2 10
89 16 38 8 67 59 8 41 95 88 24 61 29 68 2 77 98 90 21 68 68 72 47 77 67 71 88 21 95 21 77 24 54 26 50 21 35 58 35 55 2 55 1 38 31 62 87 57 38 24
94 91 62 7 9 61 47 20 4 27 28 1 80 90 46 77 24 27 52 14 64 58 97 73 48 35 71 43 85 0 34 74 76 19 33 64 46 98 12 61 49 94 39 33 60 64 93 43 75 24
82 39 25 20 85 61 64 3 33 70 28 37 97 27 17 49 57 45 6 50 9 44 24 56 81 15 66 13 89 71 36 78 10 37 95 56 47 17 57 49 67 41 7 40 5 67 86 92 74 54
25 4 82 78 74 71 29 91 53 93 76 68 28 13 25 42 25 97 87 20 94 36 60 56 6 34 53 25 85 20 61 11 10 20 90 99 68 43 53 78 72 75 44 83 56 71 38 75 93 25
94 72 97 57 22 53 61 49 60 32 58 36 86 21 57 57 13 16 73 54 21 47 0 84 35 86 34 89 72 10 15 4 25 9 39 24 23 86 42 50 26 95 27 95 63 14 1 81 44 43
10 71 73 40 23 34 90 46 44 32 78 46 49 83 40 30 67 88 98 21 9 29 88 66 42 80 16 90 12 13 26 82 8 59 95 40 38 46 6 99 23 60 25 21 97 23 11 78 15 61
82 64 64 60 40 57 5 13 30 51 62 2 37 66 66 5 20 30 90 51 55 94 99 90 62 14 70 75 98 89 9 91 8 75 91 88 16 69 85 10 16 67 58 29 45 45 93 21 46 31
64 19 75 27 8 4 64 72 24 63 81 13 4 80 94 37 37 1 87 0 77 43 38 74 74 43 41 63 93 48 95 4 83 98 5 10 1 56 3 87 11 90 16 33 3 25 2 66 35 79
55 9 9 37 95 45 30 21 94 57 61 94 10 58 9 23 23 56 44 39 70 65 80 28 41 95 95 46 72 85 92 4 75 49 41 4 15 28 75 13 77 87 50 13 63 54 54 38 23 25
45 99 5 32 36 48 47 70 91 75 21 72 55 9 96 66 80 35 42 38 88 59 20 23 14 61 50 1 10 55 70 27 3 32 91 97 54 79 39 16 72 69 27 9 91 30 47 97 62 4
62 43 67 9 58 29 92 1 59 4 76 99 58 38 72 20 56 59 30 17 49 37 86 90 60 44 15 6 10 75 4 7 98 73 83 32 95 75 58 98 74 91 22 91 62 75 73 83 70 79
66 33 45 37 1 7 55 65 69 62 74 45 98 63 90 2 65 95 96 78 54 28 55 35 19 49 35 55 83 5 3 62 99 61 94 84 42 93 9 37 2 26 56 52 36 91 72 89 75 45
64 77 37 27 87 8 6 52 52 93 13 68 53 66 68 80 66 26 2 14 89 45 73 42 6 11 21 89 70 7 70 8 18 80 62 28 15 10 30 69 21 21 93 40 87 58 29 51 63 39
40 21 37 22 0 19 72 77 3 92 23 60 52 77 2 76 21 60 49 82 4 18 40 11 15 37 51 81 45 93 74 0 35 69 54 13 24 59 37 39 46 84 52 37 47 78 56 21 39 61
76 52 51 55 34 98 7 74 69 84 90 61 27 38 8 98 76 58 44 16 48 33 94 90 96 75 78 21 87 28 68 49 13 37 90 78 94 96 73 11 16 45 92 67 71 78 24 28 36 70
85 29 12 91 54 60 98 10 71 88 97 38 17 2 67 4 10 52 6 72 33 78 58 80 90 40 31 42 4 92 19 77 2 61 3 23 52 56 10 30 42 39 47 56 36 93 19 70 20 13
91 83 10 75 59 45 3 4 26 23 2 74 23 99 34 20 60 37 74 14 44 78 2 22 43 86 79 53 71 89 17 85 31 17 64 23 76 3 49 84 43 49 37 0 73 63 22 6 52 62
80 55 94 3 85 9 72 76 36 32 85 79 5 5 79 46 47 65 46 69 34 22 48 89 71 6 70 33 71 16 30 73 66 72 32 46 43 9 36 46 84 49 70 52 58 50 96 95 77 33
33 23 94 65 21 86 85 15 7 93 8 51 7 0 55 1 9 74 76 70 58 94 75 95 16 44 78 56 16 28 38 22 21 95 41 6 7 53 1 36 33 40 47 56 43 7 15 89 23 90
90 40 24 18 55 77 14 99 78 69 36 27 10 27 78 68 51 87 90 30 25 49 70 82 32 89 24 73 26 68 73 73 21 56 69 83 30 71 74 31 17 77 89 95 27 48 92 41 96 88
47 92 90 39 0 51 16 15 91 78 71 30 91 81 24 43 84 16 21 0 36 27 21 45 39 6 46 40 88 35 30 1 20 64 65 71 45 62 17 10 58 43 4 77 50 19 11 67 94 8
26 13 5 36 82 12 59 24 46 56 73 18 29 75 57 20 54 73 95 33 65 93 59 25 9 61 9 76 5 75 13 13 25 62 43 55 5 78 49 51 45 58 11 70 11 0 95 58 62 40
59 60 59 48 73 51 89 78 71 84 79 59 28 13 73 64 45 53 2 75 94 13 87 11 85 33 90 29 50 69 77 52 63 90 54 64 12 27 87 0 7 71 65 12 14 19 9 88 2 53
45 26 97 75 69 31 30 32 0 32 57 4 22 37 73 77 34 42 78 97 32 36 41 75 91 37 51 61 50 41 55 38 7 71 78 88 38 99 23 6 73 90 33 33 24 8 47 71 76 21
18 78 94 4 78 66 21 92 56 16 5 78 21 56 78 37 49 32 48 12 19 57 12 59 49 9 74 70 19 21 77 88 23 64 57 53 63 25 57 27 11 10 31 24 39 4 9 6 66 26
14 58 70 30 84 86 80 28 17 93 61 10 58 45 27 90 6 73 20 17 95 79 82 42 22 15 31 35 10 26 44 8 16 17 28 81 19 21 85 84 38 55 13 19 35 21 34 40 0 19
84 39 62 70 41 17 26 90 54 31 21 64 11 35 51 19 76 52 26 91 42 83 24 19 48 4 12 96 43 88 27 37 17 34 19 28 51 75 28 58 38 86 70 85 29 97 0 45 81 0
10 93 13 82 99 96 67 86 9 59 3 12 11 64 38 25 92 99 91 40 93 37 58 70 1 35 90 78 98 8 61 40 88 70 32 36 34 49 71 77 86 20 43 47 52 96 22 77 78 60
94 55 35 60 34 91 71 50 27 70 62 7 54 50 13 44 8 59 19 26 74 21 39 1 24 95 97 81 27 42 74 40 70 85 34 21 79 46 69 17 34 51 85 22 7 0 13 26 50 22
35 53 34 67 43 82 83 9 77 31 11 64 91 34 13 72 2 25 25 67 29 43 65 49 43 79 98 49 39 2 66 64 89 19 59 69 87 72 70 11 89 48 3 26 1 30 63 13 23 90
31 42 58 17 17 93 5 10 8 18 99 63 90 39 98 23 6 49 42 62 10 23 23 94 33 12 55 89 24 64 59 89 48 36 36 88 86 4 28 41 53 92 41 1 42 10 27 50 5 48
48 35 69 38 12 0 5 4 25 32 40 0 35 84 59 8 34 54 2 13 76 96 18 4 14 50 1 7 13 32 91 28 64 69 38 34 37 73 59 70 94 95 48 94 41 58 54 47 0 6
