49 20
0 0 1 2 2 3 4 5 5 6 6 7 8 8 9 9 10 11 12 13 13 14 15 15 16 17 18 19 20 20 21 22 23 23 24 25 25 26 26 27 27 28 28 29 29 30 31 31 32 33
34 35 1 36 36 3 4 37 37 38 39 7 40 41 41 42 42 11 12 43 44 14 45 45 16 17 18 19 46 46 21 22 47 48 24 49 50 51 52 53 54 54 55 56 56 30 57 58 32 59
34 35 60 60 61 62 63 64 65 65 39 66 40 67 68 68 69 70 70 43 44 71 72 72 73 74 74 75 75 76 77 77 47 48 78 49 50 51 52 79 80 80 81 81 82 82 57 58 83 59
84 84 85 85 61 62 63 86 86 87 88 89 90 91 91 92 69 93 93 94 95 71 96 97 97 98 98 99 99 100 101 102 102 103 103 104 104 105 106 79 107 107 108 109 109 110 111 111 83 112
113 113 114 115 116 117 118 119 120 120 88 89 90 121 121 92 122 123 123 94 95 124 96 125 126 126 127 128 129 100 101 130 131 132 133 134 134 105 106 135 135 136 136 137 137 110 138 138 139 112
140 140 114 141 116 117 118 119 142 143 144 145 145 146 147 148 122 149 150 151 152 124 153 153 154 155 156 128 129 157 157 130 131 132 133 158 158 159 159 160 160 161 161 162 162 163 163 164 164 165
166 166 167 141 168 169 170 170 142 143 144 171 171 146 147 148 172 149 150 151 152 173 173 174 174 155 156 175 176 177 177 178 178 179 180 181 182 182 183 183 184 184 185 185 186 187 188 189 189 165
190 191 167 192 168 169 193 194 195 195 196 197 197 198 198 199 172 200 201 202 203 204 205 206 206 207 207 175 176 208 209 210 210 179 180 181 211 211 212 213 214 215 216 217 217 187 188 218 218 219
190 191 220 220 221 221 193 194 222 222 223 223 224 224 225 225 226 200 201 202 203 204 205 227 228 229 229 230 230 231 209 232 233 233 234 234 235 235 212 213 214 215 216 236 236 237 238 238 239 219
240 240 241 242 243 244 245 246 247 248 248 249 249 250 250 251 252 252 253 253 254 254 255 227 228 256 256 257 257 231 258 232 259 260 261 261 262 262 263 264 264 265 266 266 267 237 268 268 239 269
270 271 241 272 243 244 245 246 247 273 273 274 274 275 276 251 277 278 278 279 280 280 281 282 283 283 284 285 286 286 258 287 287 260 288 289 290 291 291 292 292 293 294 295 267 296 297 297 298 269
270 299 299 272 300 301 301 302 303 303 304 305 306 275 276 307 277 308 309 279 310 310 281 282 311 312 312 285 313 314 315 315 316 316 288 289 290 317 317 318 318 293 294 319 320 296 321 322 323 323
324 324 325 326 300 327 327 302 328 328 304 305 306 329 330 331 331 332 309 333 333 334 334 335 336 336 337 338 338 314 339 339 340 340 341 341 342 343 344 345 345 346 346 319 320 347 321 322 348 348
349 349 325 350 351 351 352 352 353 354 355 356 357 329 330 358 358 332 359 360 360 361 362 362 363 363 364 364 365 366 367 368 369 369 370 371 342 343 344 372 373 374 374 375 376 376 377 378 379 379
380 381 382 350 383 384 384 385 353 354 355 356 357 386 387 388 389 389 390 390 391 392 392 393 394 394 395 396 365 366 367 368 397 397 370 371 398 398 399 372 373 400 401 401 402 402 377 378 403 403
404 381 382 405 405 406 406 385 407 408 408 409 410 410 387 388 411 412 412 413 391 414 415 393 416 417 395 396 418 419 419 420 420 421 421 422 423 424 399 425 425 400 426 427 428 428 429 430 430 431
404 432 433 433 434 435 436 437 438 439 440 441 441 442 442 443 444 444 445 446 446 414 415 447 416 417 448 448 418 449 450 451 452 453 454 454 423 455 455 456 456 457 426 427 458 458 429 459 460 460
461 461 462 463 463 435 436 437 438 439 440 464 465 465 466 443 467 468 445 469 469 470 471 447 472 473 474 475 475 449 450 476 452 453 477 478 479 480 481 481 482 457 483 484 485 485 486 459 487 488
489 489 462 490 491 491 492 492 493 494 494 495 496 497 466 498 499 468 500 500 501 470 471 502 503 473 504 504 505 505 506 476 507 507 477 478 479 480 508 509 482 510 510 484 511 511 512 513 487 488
514 514 515 516 516 517 517 518 493 519 519 495 496 497 520 521 499 522 522 523 523 524 524 502 503 525 525 526 527 527 506 528 529 530 530 531 532 533 508 509 534 535 535 536 537 537 512 513 538 538
539 540 540 541 542 543 543 518 544 545 545 546 546 547 520 521 548 548 549 550 551 551 552 552 553 553 554 554 555 556 557 528 529 558 559 559 532 560 560 561 534 562 562 563 563 564 565 566 567 568
539 569 569 541 542 570 570 571 544 572 573 574 575 576 577 578 579 580 549 550 581 581 582 583 584 585 586 586 555 587 557 588 589 590 591 592 593 593 594 561 595 595 596 596 597 564 565 598 567 599
600 601 602 602 603 604 605 605 606 606 573 574 575 576 577 578 579 580 607 607 608 608 582 583 584 609 609 610 610 587 611 588 589 590 591 612 612 613 594 614 615 616 617 617 597 618 618 598 619 599
600 601 620 620 603 604 621 621 622 622 623 624 625 625 626 627 628 629 629 630 631 631 632 633 634 635 636 637 638 638 611 639 640 640 641 642 643 643 644 644 615 616 645 646 647 648 648 649 650 650
651 652 653 654 655 655 656 656 657 658 623 624 659 659 626 627 628 660 661 661 662 662 632 663 634 635 636 637 664 665 665 666 666 667 641 642 668 669 669 670 671 671 645 646 672 672 673 649 674 674
651 652 653 654 675 676 676 677 678 658 679 679 680 680 681 682 682 683 684 685 686 687 688 663 689 690 691 691 664 692 693 693 694 695 696 696 668 697 697 698 699 699 700 701 702 703 673 704 705 705
706 706 707 707 675 708 708 677 678 709 709 710 711 712 712 713 713 683 714 685 686 715 688 716 716 690 717 718 718 692 719 720 721 695 722 722 723 724 725 698 726 726 700 701 727 703 728 729 730 730
731 732 733 734 734 735 736 737 738 739 739 710 711 740 741 741 742 742 714 743 743 715 744 745 746 747 747 748 748 749 749 720 721 750 750 751 752 724 753 753 754 755 756 756 727 757 728 729 758 758
731 732 733 759 759 760 736 737 738 761 761 762 762 740 763 763 764 764 765 765 766 767 744 745 746 768 769 770 770 771 772 772 773 773 774 774 752 775 775 776 777 755 778 779 780 780 781 781 782 782
783 784 784 785 786 760 787 788 788 789 789 790 791 792 792 793 793 794 795 795 796 767 797 797 798 768 769 799 800 801 802 803 803 804 805 806 807 807 808 776 777 809 809 779 810 811 811 812 812 813
814 815 816 785 817 817 818 819 819 820 820 790 821 822 822 823 824 824 825 826 796 827 828 829 798 830 831 831 800 801 802 832 833 804 805 834 835 836 836 837 837 838 839 840 840 841 841 842 842 843
814 815 844 845 846 847 818 848 849 849 850 850 821 851 851 823 852 852 825 853 854 854 828 855 856 830 857 858 858 859 859 832 833 860 861 834 835 862 863 863 864 838 839 865 866 867 868 869 869 843
870 870 844 871 846 872 873 848 874 874 875 876 877 877 878 878 879 879 880 853 881 882 882 855 883 883 857 884 885 885 886 887 888 860 861 889 889 890 891 892 864 893 894 865 866 867 895 895 896 897
898 899 899 871 900 872 873 901 901 902 902 876 903 904 905 905 906 906 880 907 881 908 908 909 909 910 911 884 912 913 913 887 888 914 915 916 917 890 918 892 919 893 920 921 921 922 922 923 924 897
898 925 926 926 900 927 928 928 929 929 930 931 903 904 932 933 934 934 935 935 936 937 937 938 938 910 911 939 912 940 941 942 942 914 915 916 943 943 918 944 919 945 920 946 947 947 948 948 924 949
950 950 951 951 952 952 953 953 954 954 955 931 956 956 932 933 957 957 958 959 960 960 961 962 963 964 964 939 965 940 966 966 967 967 968 968 969 970 971 944 972 973 973 946 974 974 975 975 976 976
977 978 978 979 980 981 982 982 983 983 955 984 985 986 987 987 988 988 958 989 990 991 961 962 963 992 993 993 994 994 995 995 996 997 997 998 998 970 971 999 972 1000 1000 1001 1002 1002 1003 1003 1004 1005
977 1006 1007 979 980 981 1008 1009 1010 1011 1012 1013 985 986 1014 1015 1015 1016 1016 989 990 991 1017 1017 1018 992 1019 1019 1020 1021 1022 1022 996 1023 1023 1024 1025 1026 1026 1027 1027 1028 1028 1001 1029 1030 1030 1031 1004 1005
1032 1006 1033 1033 1034 1034 1008 1009 1010 1035 1012 1013 1036 1037 1038 1039 1040 1041 1041 1042 1042 1043 1044 1045 1018 1046 1046 1047 1020 1021 1048 1049 1049 1050 1050 1024 1051 1051 1052 1052 1053 1053 1054 1055 1029 1056 1057 1031 1058 1059
1032 1060 1060 1061 1062 1063 1064 1065 1065 1035 1066 1067 1068 1037 1038 1069 1040 1070 1070 1071 1072 1043 1044 1045 1073 1073 1074 1047 1075 1076 1076 1077 1077 1078 1079 1080 1081 1082 1083 1083 1084 1085 1085 1055 1086 1086 1057 1087 1087 1059
1088 1089 1090 1061 1062 1063 1091 1091 1092 1092 1066 1067 1068 1093 1094 1069 1095 1095 1096 1071 1072 1097 1097 1098 1099 1099 1100 1101 1101 1102 1103 1103 1104 1078 1079 1105 1081 1082 1106 1107 1084 1108 1109 1109 1110 1110 1111 1111 1112 1113
1088 1089 1114 1115 1116 1117 1118 1119 1120 1120 1121 1122 1123 1093 1124 1125 1126 1127 1127 1128 1129 1130 1130 1098 1131 1132 1100 1133 1133 1102 1134 1134 1104 1135 1135 1105 1136 1136 1106 1107 1137 1108 1138 1138 1139 1139 1140 1141 1112 1113
1142 1142 1114 1115 1116 1117 1143 1119 1144 1145 1121 1122 1123 1146 1124 1147 1126 1148 1149 1128 1150 1151 1151 1152 1152 1132 1153 1153 1154 1154 1155 1155 1156 1157 1158 1159 1159 1160 1161 1161 1137 1162 1163 1164 1164 1165 1165 1141 1166 1166
1167 1168 1168 1169 1169 1170 1143 1171 1171 1145 1172 1172 1173 1146 1174 1147 1175 1175 1149 1176 1150 1177 1177 1178 1179 1179 1180 1180 1181 1181 1182 1182 1156 1157 1183 1184 1185 1160 1186 1187 1187 1162 1163 1188 1188 1189 1190 1191 1192 1192
1167 1193 1194 1195 1196 1170 1197 1198 1199 1199 1200 1200 1201 1201 1174 1202 1203 1204 1205 1176 1206 1207 1208 1178 1209 1209 1210 1210 1211 1211 1212 1213 1214 1214 1183 1184 1185 1215 1215 1216 1217 1218 1218 1219 1220 1189 1190 1191 1221 1221
1222 1193 1194 1195 1196 1223 1223 1198 1224 1224 1225 1226 1227 1227 1228 1228 1203 1204 1205 1229 1206 1207 1208 1230 1230 1231 1232 1232 1233 1234 1212 1213 1235 1235 1236 1237 1237 1238 1238 1216 1239 1239 1240 1240 1220 1241 1242 1242 1243 1244
1222 1245 1245 1246 1247 1247 1248 1248 1249 1250 1225 1226 1251 1252 1252 1253 1254 1255 1256 1256 1257 1257 1258 1258 1259 1260 1260 1261 1262 1234 1263 1263 1264 1264 1265 1266 1267 1268 1268 1269 1269 1270 1271 1272 1273 1241 1274 1274 1243 1244
1275 1276 1277 1246 1278 1278 1279 1279 1249 1280 1280 1281 1281 1282 1283 1284 1254 1285 1285 1286 1286 1287 1288 1288 1259 1289 1289 1261 1262 1290 1290 1291 1292 1293 1265 1266 1267 1294 1295 1296 1297 1270 1271 1272 1273 1298 1298 1299 1300 1301
1275 1302 1277 1303 1303 1304 1304 1305 1305 1306 1306 1307 1308 1308 1283 1284 1309 1309 1310 1311 1311 1287 1312 1313 1314 1315 1316 1317 1318 1319 1319 1291 1292 1293 1320 1321 1322 1294 1295 1296 1297 1323 1324 1324 1325 1326 1326 1299 1300 1301
1327 1302 1328 1328 1329 1329 1330 1330 1331 1331 1332 1333 1333 1334 1335 1335 1336 1336 1310 1337 1337 1338 1312 1313 1314 1315 1316 1317 1339 1339 1340 1340 1341 1341 1320 1321 1322 1342 1342 1343 1344 1344 1345 1345 1325 1346 1346 1347 1347 1348
57 62 69 85 31 61 45 88 44 81 43 20 67 60 17 93 56 83 72 65 16 88 3 91 49 91 12 48 7 98 31 10 78 41 99 14 23 3 33 59 2 38 36 62 48 94 23 44 95 40
37 32 83 9 94 12 69 64 81 56 92 8 45 27 27 79 9 43 13 87 8 26 22 13 19 38 29 4 68 92 14 5 28 59 37 79 55 95 56 31 60 82 8 64 3 78 66 46 28 65
66 68 57 7 51 33 50 5 32 46 69 11 64 11 52 97 27 91 84 64 23 49 12 1 25 4 19 48 8 92 21 40 89 51 19 58 5 36 59 86 91 75 7 59 79 58 96 48 99 65
6 20 64 83 68 77 74 42 25 26 5 39 14 39 16 65 47 82 47 78 87 76 21 45 9 1 47 23 88 85 12 11 43 41 38 19 2 28 32 19 35 0 48 25 39 47 40 72 55 29
53 15 9 3 98 97 17 46 39 9 84 21 46 94 36 11 88 92 5 57 71 35 47 1 93 90 87 68 29 64 58 40 91 69 16 9 7 77 3 79 75 60 45 86 64 33 44 50 81 92
22 34 47 69 38 66 44 61 88 28 55 49 0 63 41 96 43 8 55 40 97 72 38 18 68 80 35 52 19 90 59 78 35 33 15 27 90 12 39 25 6 18 41 98 78 37 92 7 75 98
79 13 18 50 23 88 47 22 49 11 36 82 80 95 58 73 94 20 35 11 22 7 95 59 69 13 12 31 32 6 58 9 9 59 34 59 70 54 72 66 29 40 33 8 7 71 49 6 56 32
42 58 26 40 94 42 79 50 90 45 62 55 87 89 19 55 57 51 23 18 35 72 57 89 48 90 9 38 6 70 8 98 33 32 27 16 17 90 46 87 34 62 78 51 36 74 33 80 70 49
7 81 83 59 44 11 43 51 44 16 55 34 42 39 66 73 59 16 29 32 34 16 19 2 82 97 25 52 44 86 22 98 51 61 88 83 97 58 39 18 19 7 96 14 22 66 55 36 4 66
79 50 72 35 68 49 0 97 39 87 5 52 85 52 43 45 21 37 74 26 81 37 31 73 60 9 67 58 49 79 44 59 70 73 26 98 76 4 93 9 10 47 78 61 10 79 51 25 57 12
70 84 54 30 98 78 45 68 67 28 74 49 7 82 6 45 75 61 57 20 62 35 96 45 69 47 98 27 33 17 54 64 19 12 34 86 26 2 97 50 81 27 38 70 62 36 97 8 45 91
28 70 94 28 53 66 10 91 43 26 86 82 4 46 48 71 78 37 3 72 9 24 1 25 51 88 31 72 95 31 25 9 49 78 36 99 7 90 29 56 83 16 46 52 82 31 46 24 4 75
1 30 68 49 70 33 21 67 86 37 36 24 2 45 14 38 78 9 74 12 5 15 11 25 94 32 90 23 12 19 82 27 12 67 10 78 84 14 99 62 85 44 87 3 69 98 32 49 96 66
68 32 16 95 70 44 0 8 95 60 55 15 35 18 72 13 74 35 42 45 87 52 18 39 14 98 28 9 22 64 12 32 53 4 92 96 65 95 34 99 91 14 33 99 67 2 56 95 5 95
64 21 29 18 47 16 94 97 76 69 4 37 16 34 12 14 29 36 80 39 63 13 91 18 70 26 25 76 27 96 45 11 19 21 81 92 17 42 48 93 46 58 44 77 23 63 64 99 48 59
51 53 91 16 95 55 7 36 16 42 45 45 55 62 91 19 25 48 87 33 25 92 34 75 56 65 70 39 37 77 13 77 99 53 39 66 61 55 44 70 2 48 18 67 43 71 54 97 33 25
13 35 85 8 60 77 72 96 18 87 82 58 75 40 86 60 47 2 82 62 24 85 91 21 76 7 57 2 48 27 16 3 89 23 7 12 87 14 60 55 62 23 58 67 45 86 58 84 57 39
83 72 47 96 20 29 87 95 16 4 8 86 73 42 98 94 81 91 31 41 1 32 37 57 58 85 50 67 53 47 38 20 80 36 73 20 42 79 2 64 23 80 29 59 62 57 91 97 88 19
97 51 65 78 39 28 38 21 36 89 17 89 28 80 41 30 98 5 49 21 4 8 96 83 14 27 56 73 53 63 55 6 60 75 77 47 97 87 57 33 96 95 33 90 85 4 54 44 50 92
69 50 70 34 15 0 98 47 67 77 72 11 21 69 59 19 95 78 50 20 54 91 87 76 32 53 48 10 10 42 78 92 98 40 9 33 64 1 31 44 86 77 40 76 79 35 28 1 48 27
16 26 46 53 37 78 51 98 31 55 88 60 11 63 1 23 31 1 66 18 7 62 29 73 32 85 22 2 66 43 83 65 34 6 2 67 96 78 87 5 73 18 83 96 38 38 37 28 31 34
94 80 93 84 89 52 15 45 64 93 29 54 40 70 33 72 89 61 25 34 1 11 41 24 0 81 55 35 34 35 32 35 33 65 69 75 61 72 14 89 45 93 14 13 92 92 14 6 7 7
44 69 0 81 78 49 29 51 24 89 9 11 98 65 82 54 43 78 64 23 33 27 53 6 47 22 71 70 98 58 77 16 4 91 9 40 10 94 13 15 65 46 25 19 11 71 53 31 8 44
6 84 33 72 66 18 97 70 41 80 29 37 9 69 50 72 44 65 48 68 96 19 48 37 4 73 87 78 22 73 46 98 4 79 41 22 2 45 76 29 17 56 35 53 96 98 10 54 58 52
19 81 65 53 47 37 71 40 41 2 44 51 62 85 69 76 31 50 66 2 6 16 79 19 25 99 66 44 1 29 92 89 95 18 64 69 32 77 34 5 39 53 19 61 3 92 1 6 40 97
37 69 33 37 28 53 26 25 51 34 95 52 44 62 9 6 81 30 53 75 13 84 67 10 75 96 60 55 58 65 11 59 33 80 23 4 10 10 83 67 88 1 34 56 42 40 97 3 51 88
61 49 41 65 38 92 89 19 88 72 1 33 48 44 12 48 94 78 75 67 11 56 6 74 37 6 62 6 68 28 77 75 71 89 29 88 26 24 68 39 82 32 23 64 98 91 51 71 78 59
52 93 30 55 73 57 62 89 9 20 14 38 84 45 8 87 97 38 62 99 73 28 1 95 33 30 75 9 26 95 12 51 5 46 33 38 34 17 40 55 74 91 0 50 26 49 37 37 70 96
35 57 45 58 33 35 47 41 16 51 50 86 85 83 91 76 44 83 57 1 13 81 47 26 6 7 11 81 10 50 43 54 27 63 70 83 83 68 41 27 5 70 99 67 42 17 59 18 93 78
88 39 56 38 67 27 6 10 51 13 78 15 2 21 48 27 16 7 62 36 99 80 8 61 18 57 69 0 47 11 81 21 22 50 20 52 46 59 96 58 13 50 25 42 50 77 78 82 21 40
19 95 28 40 64 80 76 93 86 71 37 38 5 59 36 74 78 66 87 75 26 93 84 4 13 94 66 71 8 29 24 33 30 37 78 25 22 86 51 52 77 80 97 78 87 17 79 1 49 22
71 26 26 99 88 93 89 75 7 15 4 30 86 80 88 37 17 19 11 38 35 73 81 63 12 7 80 64 4 4 49 80 4 65 27 15 70 81 61 86 88 92 53 19 41 22 39 70 37 89
91 81 45 36 90 77 94 52 4 7 51 35 39 82 96 85 94 44 38 28 58 38 3 52 27 13 1 14 75 1 20 23 25 23 74 11 7 82 12 83 35 68 12 66 85 90 76 25 56 90
73 51 58 9 79 54 43 77 93 37 16 38 0 86 35 31 19 0 63 21 61 49 44 14 24 74 95 28 13 69 0 36 7 68 98 25 94 63 48 74 25 46 61 21 48 41 43 77 85 95
89 75 54 86 40 38 28 7 92 72 29 15 72 54 76 75 89 86 77 83 77 37 92 79 41 46 73 11 85 91 94 66 64 81 42 59 51 12 3 71 31 0 30 77 11 57 85 98 36 70
18 58 38 32 59 16 54 76 37 75 57 70 3 43 76 8 72 84 36 79 53 84 71 23 24 34 81 13 32 1 61 3 81 38 31 23 68 1 84 0 28 75 36 54 73 33 1 85 40 8
36 47 11 45 57 18 98 83 0 50 42 34 2 22 18 8 58 76 77 40 27 16 25 50 54 24 14 76 96 66 8 53 39 62 35 31 82 43 26 70 24 31 24 80 29 8 84 9 25 39
54 98 94 67 68 68 73 60 49 36 38 55 39 47 83 57 41 17 72 37 70 75 50 88 28 15 78 88 79 11 72 67 7 47 52 8 98 42 13 47 6 12 93 88 80 87 88 47 84 94
44 68 99 16 68 68 88 25 26 26 7 5 93 66 62 38 51 13 49 8 12 66 96 47 40 76 15 76 37 51 77 54 9 6 35 35 90 81 70 59 23 78 98 28 47 12 96 7 9 96
63 93 45 84 33 95 75 66 48 83 52 26 74 82 76 12 24 60 10 43 85 64 65 62 79 78 29 57 38 75 10 39 93 19 73 7 95 77 63 9 68 96 53 22 49 85 36 24 52 0
11 30 93 48 23 89 99 61 0 86 74 45 71 18 50 41 61 25 11 53 81 88 49 71 76 25 48 16 2 26 72 1 5 77 19 12 31 99 16 98 68 49 77 25 33 99 41 44 56 36
27 12 3 20 56 42 3 92 21 14 3 72 39 82 97 26 45 26 80 90 67 29 34 46 65 41 72 40 82 1 85 20 70 7 30 55 96 24 9 3 63 65 69 28 26 27 97 75 49 47
52 99 57 54 57 28 77 7 80 65 42 10 96 80 84 90 78 3 81 48 81 89 50 99 75 68 52 66 9 11 12 19 34 59 15 31 80 29 9 23 39 14 31 18 23 70 59 68 36 94
54 97 66 1 33 98 1 88 63 29 54 58 92 84 87 4 70 44 51 80 35 71 33 26 29 49 4 28 63 76 83 63 74 7 4 33 45 82 80 98 84 55 2 13 85 76 91 34 46 54
86 26 10 58 29 63 98 15 42 6 21 97 85 31 67 13 24 61 22 28 26 79 4 28 23 93 74 43 39 72 95 45 97 18 46 14 48 13 71 62 63 12 34 53 67 87 93 47 9 58
81 87 89 54 8 37 17 84 94 39 4 70 75 83 2 70 83 15 77 30 74 79 86 63 34 0 67 97 71 44 25 57 73 35 59 36 8 63 33 14 14 1 12 82 99 31 18 78 5 75
5 37 71 64 56 17 24 77 29 65 43 24 21 20 18 90 42 0 17 56 47 99 89 51 49 79 34 21 17 36 59 82 12 17 62 41 88 29 41 74 33 41 56 51 36 67 90 84 95 31
52 19 37 23 12 14 39 64 1 86 67 88 84 29 5 34 4 37 56 58 39 73 88 39 96 53 16 74 38 70 56 66 49 90 22 44 34 40 32 57 11 71 52 8 63 63 91 5 77 31
92 40 99 50 21 48 89 6 39 59 35 75 67 32 47 39 33 83 66 72 26 21 95 33 75 60 15 17 77 24 72 81 15 70 1 0 67 23 73 43 4 45 79 11 13 53 4 76 14 1
51 83 34 62 74 57 82 79 5 10 50 70 15 94 91 10 90 37 81 80 89 91 49 78 89 66 20 44 18 30 76 3 36 72 41 15 58 15 8 28 24 28 45 18 88 99 77 24 93 6
