34 1
0 1 2 3 3 4 4 5 6 7 8 9 10 11 12 13 13 14 14 15 16 17 18 18 19 20 20 21 21 22 22 23 23 24 25 26 26 27 28 28 29 29 30 31 31 32 33 33 34 34
0 1 2 35 35 36 36 37 6 7 8 9 10 11 12 38 38 39 39 15 16 17 40 40 19 41 42 42 43 44 44 45 46 24 25 47 47 27 48 49 49 50 50 51 52 32 53 53 54 55
56 57 57 58 59 59 60 37 61 61 62 62 63 63 64 65 65 66 67 67 68 68 69 70 70 41 71 71 43 72 73 74 46 75 75 76 77 78 78 79 80 81 81 51 52 82 82 83 54 55
56 84 85 58 86 86 87 88 88 89 90 90 91 92 92 93 94 66 95 95 96 96 69 97 98 98 99 99 100 72 101 74 102 103 103 76 77 104 104 79 105 106 107 107 108 109 109 83 110 110
111 112 85 113 114 115 87 116 116 89 117 117 91 118 118 93 94 119 119 120 120 121 121 97 122 123 124 124 125 126 101 127 102 128 129 130 131 132 132 133 105 134 134 135 108 136 137 138 138 139
111 112 140 113 114 115 141 142 142 143 143 144 145 146 147 148 149 150 151 152 152 153 154 154 122 123 155 155 125 126 156 127 157 128 129 130 158 159 159 133 160 160 161 162 163 136 164 165 165 139
166 167 140 168 168 169 141 170 170 171 171 172 145 146 147 148 149 150 151 173 173 153 174 174 175 175 176 176 177 177 178 178 157 179 180 180 158 181 182 183 183 184 161 162 163 185 164 186 186 187
166 167 188 188 189 169 190 191 192 193 194 172 195 196 196 197 198 199 200 200 201 201 202 202 203 204 205 206 206 207 207 208 209 179 210 210 211 181 182 212 213 184 214 214 215 216 217 217 218 218
219 219 220 220 189 221 221 191 192 193 194 222 195 223 223 197 198 199 224 225 226 227 227 228 203 204 205 229 229 230 230 208 209 231 232 233 211 234 234 212 213 235 236 237 237 216 238 238 239 239
240 240 241 242 243 244 244 245 246 247 247 222 248 248 249 249 250 251 224 225 252 252 253 228 254 255 255 256 257 258 258 259 259 231 232 233 260 260 261 261 262 235 263 263 264 265 266 266 267 267
268 269 241 242 243 270 270 245 246 271 272 272 273 274 275 276 276 251 277 277 278 279 253 280 281 281 282 256 283 284 285 285 286 286 287 288 289 289 290 291 292 293 293 294 295 265 296 296 297 297
298 269 299 299 300 300 301 302 303 271 304 304 273 274 275 305 305 306 307 307 278 308 309 310 310 311 311 312 283 284 313 314 314 315 287 288 316 317 317 291 292 318 318 294 295 319 320 321 321 322
298 323 324 325 325 326 326 302 303 327 327 328 328 329 330 330 331 332 333 334 335 308 309 336 336 337 338 312 339 339 313 340 340 341 342 343 316 344 344 345 346 347 347 348 349 350 320 351 351 322
352 352 324 353 353 354 354 355 356 357 357 358 358 329 359 360 360 332 333 334 361 361 362 362 363 363 338 364 365 365 366 367 368 341 342 369 370 371 372 345 373 373 374 348 349 350 375 376 377 377
378 379 379 380 381 382 382 355 383 383 384 385 385 386 387 387 388 389 389 390 391 392 393 394 394 395 395 364 396 396 366 367 368 397 398 369 399 371 372 400 401 402 374 403 404 405 375 376 406 407
378 408 408 380 381 409 410 411 412 413 414 414 415 415 416 417 418 418 419 390 391 420 393 421 421 422 422 423 424 424 425 426 426 397 427 427 399 428 429 429 401 430 430 431 404 405 432 433 406 407
434 434 435 435 436 409 410 411 412 413 437 438 438 439 416 417 440 440 419 441 441 420 442 443 444 444 445 446 447 447 425 448 449 449 450 450 451 428 452 452 453 453 454 431 455 456 432 433 457 458
459 460 461 461 436 462 462 463 463 464 437 465 466 439 467 467 468 469 469 470 471 472 472 443 473 474 474 446 475 476 476 477 477 478 479 479 451 480 480 481 481 482 483 484 455 456 485 485 457 458
459 460 486 487 487 488 489 489 490 464 491 465 492 492 493 494 468 495 496 470 497 497 498 498 499 500 501 502 503 504 504 505 505 478 506 506 507 508 509 509 510 511 483 484 512 512 513 513 514 514
515 515 516 517 517 488 518 519 490 520 521 521 522 523 493 494 524 495 496 525 526 527 528 529 499 500 501 502 503 530 530 531 531 532 533 533 507 534 534 535 510 511 536 536 537 537 538 538 539 539
540 541 516 542 543 544 544 519 545 545 546 547 522 523 548 549 524 550 550 525 526 527 528 529 551 551 552 552 553 554 555 556 556 557 558 558 559 560 560 561 561 562 563 564 565 566 567 568 569 569
570 541 571 542 572 573 574 575 575 576 576 547 577 577 548 578 578 579 579 580 580 581 582 583 584 585 586 586 553 554 555 587 588 557 589 590 559 591 591 592 593 562 563 564 565 566 567 568 594 594
570 595 596 596 572 573 574 597 597 598 599 600 600 601 602 602 603 603 604 605 606 581 582 583 584 607 607 608 608 609 610 610 588 611 589 612 612 613 613 592 593 614 615 615 616 617 618 619 619 620
621 621 622 622 623 624 625 626 627 598 628 628 629 630 630 631 632 632 633 605 606 634 634 635 635 636 637 638 638 609 639 640 641 611 642 643 644 645 645 646 647 614 648 648 616 617 618 649 650 620
651 652 653 654 623 655 625 656 627 657 658 658 629 659 659 631 660 660 633 661 662 663 664 664 665 636 637 666 667 667 639 640 668 668 642 643 644 669 670 646 671 671 672 673 673 674 675 649 676 676
651 652 653 654 677 655 678 656 679 657 680 681 681 682 682 683 683 684 685 685 662 663 686 686 665 687 687 666 688 688 689 689 690 691 692 693 694 669 670 695 696 697 697 698 698 674 699 699 700 701
702 702 703 703 677 704 704 705 705 706 680 707 707 708 709 710 710 711 712 713 714 715 716 716 717 717 718 718 719 720 721 721 690 691 692 693 694 722 722 695 723 724 724 725 726 726 727 727 700 701
728 728 729 729 730 731 731 732 732 733 733 734 735 735 709 736 736 711 712 713 714 715 737 737 738 739 740 740 719 720 741 742 742 743 743 744 744 745 745 746 723 747 748 749 749 750 751 752 753 753
754 754 755 755 730 756 757 758 758 759 760 761 762 762 763 764 765 765 766 767 767 768 769 770 738 739 771 772 772 773 741 774 774 775 775 776 776 777 777 746 778 778 748 779 780 780 751 752 781 781
782 783 783 784 785 756 757 786 787 787 760 761 788 788 763 764 789 789 766 790 790 768 769 770 791 792 793 794 795 795 796 797 797 798 798 799 799 800 801 802 803 804 805 805 806 807 807 808 809 809
810 810 811 784 785 812 813 786 814 815 816 817 818 819 820 821 821 822 823 823 824 824 825 825 791 792 793 826 826 827 827 828 829 829 830 831 831 800 801 832 803 804 833 834 835 836 837 808 838 839
840 841 841 842 842 812 813 843 814 815 816 817 818 819 820 844 844 822 845 845 846 846 847 847 848 849 850 851 851 852 853 854 854 855 855 856 857 858 858 832 859 859 833 834 835 836 837 860 838 839
861 861 862 862 863 864 865 843 866 867 868 869 870 870 871 872 872 873 874 874 875 876 876 877 848 849 878 878 879 852 853 880 881 881 882 882 857 883 884 884 885 886 887 887 888 889 890 860 891 892
893 894 895 895 863 864 865 896 866 867 868 897 898 898 871 899 899 873 900 900 875 901 902 902 903 903 904 905 879 906 906 880 907 907 908 909 909 883 910 911 885 886 912 913 888 889 914 914 915 892
893 916 917 918 919 920 920 896 921 922 923 897 924 925 925 926 926 927 928 928 929 901 930 931 932 932 904 905 933 934 935 936 937 938 939 939 940 940 910 911 941 942 912 913 943 944 945 946 915 947
948 916 917 918 919 949 950 950 921 922 923 951 924 952 953 954 954 927 955 955 929 956 930 957 957 958 958 959 959 934 960 936 937 961 961 962 963 964 964 965 966 942 967 967 943 968 945 946 969 947
948 970 970 971 971 972 972 973 974 975 975 951 976 977 953 978 978 979 980 981 981 956 982 982 983 983 984 985 986 986 960 987 988 988 989 962 963 990 991 991 966 992 993 993 994 968 995 996 997 997
998 999 1000 1001 1001 1002 1003 1003 974 1004 1005 1006 976 977 1007 1008 1008 979 1009 1010 1011 1011 1012 1013 1014 1014 1015 985 1016 1016 1017 987 1018 1018 989 1019 1020 1020 1021 1022 1022 992 1023 1024 1025 1025 995 996 1026 1026
998 999 1027 1028 1028 1029 1029 1030 1030 1004 1005 1006 1031 1032 1007 1033 1034 1034 1009 1010 1035 1035 1012 1013 1036 1036 1015 1037 1038 1038 1017 1039 1039 1040 1040 1041 1041 1042 1021 1043 1044 1045 1045 1024 1046 1047 1048 1048 1049 1050
1051 1052 1027 1053 1053 1054 1055 1055 1056 1056 1057 1058 1059 1032 1060 1060 1061 1062 1063 1063 1064 1065 1065 1066 1067 1068 1068 1037 1069 1070 1071 1072 1073 1073 1074 1074 1075 1042 1076 1043 1044 1077 1078 1079 1046 1047 1080 1081 1049 1050
1082 1052 1083 1083 1084 1054 1085 1085 1086 1086 1057 1058 1059 1087 1087 1088 1061 1062 1089 1089 1064 1090 1091 1066 1067 1092 1093 1094 1069 1070 1071 1072 1095 1095 1096 1096 1075 1097 1098 1098 1099 1077 1078 1079 1100 1101 1080 1102 1102 1103
1082 1104 1104 1105 1105 1106 1106 1107 1108 1109 1109 1110 1110 1111 1111 1088 1112 1112 1113 1114 1114 1090 1091 1115 1116 1092 1093 1094 1117 1118 1118 1119 1120 1121 1121 1122 1122 1123 1123 1124 1099 1125 1126 1127 1100 1128 1128 1129 1130 1103
1131 1131 1132 1132 1133 1133 1134 1107 1108 1135 1135 1136 1136 1137 1137 1138 1139 1140 1113 1141 1141 1142 1143 1115 1144 1145 1145 1146 1146 1147 1148 1119 1149 1150 1151 1152 1153 1153 1154 1124 1155 1155 1126 1156 1157 1157 1158 1129 1130 1159
1160 1160 1161 1161 1162 1162 1134 1163 1164 1164 1165 1166 1167 1168 1169 1138 1139 1140 1170 1170 1171 1142 1172 1172 1144 1173 1173 1174 1174 1147 1175 1175 1149 1150 1151 1176 1177 1178 1179 1179 1180 1181 1181 1156 1182 1182 1183 1183 1184 1159
1185 1186 1187 1188 1188 1189 1189 1190 1190 1191 1165 1166 1167 1168 1192 1192 1193 1194 1194 1195 1171 1196 1197 1198 1199 1199 1200 1200 1201 1201 1202 1202 1203 1204 1205 1176 1177 1178 1206 1206 1180 1207 1207 1208 1208 1209 1210 1211 1212 1213
1185 1186 1187 1214 1215 1216 1216 1217 1217 1218 1219 1220 1220 1221 1221 1222 1193 1223 1223 1224 1225 1196 1197 1226 1227 1228 1229 1230 1230 1231 1231 1232 1233 1204 1234 1235 1235 1236 1236 1237 1238 1238 1239 1239 1240 1240 1210 1211 1212 1213
1241 1241 1242 1214 1215 1243 1243 1244 1244 1218 1245 1245 1246 1247 1247 1222 1248 1248 1249 1224 1225 1250 1250 1226 1227 1228 1251 1251 1252 1253 1253 1232 1233 1254 1234 1255 1256 1257 1258 1237 1259 1260 1261 1262 1263 1263 1264 1264 1265 1266
1267 1267 1242 1268 1268 1269 1270 1270 1271 1272 1273 1273 1274 1275 1276 1277 1277 1278 1279 1280 1280 1281 1282 1283 1283 1284 1284 1285 1285 1286 1287 1288 1288 1289 1289 1255 1256 1257 1290 1290 1259 1291 1261 1262 1292 1292 1293 1294 1265 1266
1295 1296 1297 1297 1298 1269 1299 1300 1271 1301 1301 1302 1274 1275 1303 1304 1305 1278 1279 1306 1307 1307 1282 1308 1309 1310 1311 1312 1312 1286 1287 1313 1313 1314 1314 1315 1315 1316 1317 1317 1318 1291 1319 1320 1321 1321 1322 1294 1323 1323
1295 1296 1324 1324 1298 1325 1325 1300 1326 1327 1327 1328 1328 1329 1303 1304 1305 1330 1330 1306 1331 1332 1332 1308 1309 1310 1311 1333 1333 1334 1334 1335 1335 1336 1337 1337 1338 1316 1339 1339 1318 1340 1340 1320 1341 1341 1322 1342 1343 1343
99 44 44 29 12 3 54 16 97 5 93 14 69 13 22 70 58 16 95 67 87 25 81 70 39 93 44 89 80 31 17 24 8 32 60 34 73 35 25 25 5 1 82 98 95 6 5 40 56 64
54 31 5 10 45 68 97 69 91 22 62 51 28 50 55 28 28 22 87 93 14 6 73 4 9 48 48 98 76 15 18 41 25 39 36 14 50 13 45 71 85 66 8 44 64 44 66 8 65 68
90 93 83 25 2 35 73 97 1 67 67 7 18 9 20 92 97 4 76 89 49 83 80 75 19 46 51 64 8 19 44 3 18 49 21 62 94 44 46 61 78 61 24 60 6 18 43 83 46 71
70 14 66 28 29 32 65 1 78 43 11 27 33 43 98 92 40 7 84 98 68 24 31 30 3 42 3 84 61 87 44 11 94 92 71 4 51 46 56 86 84 59 92 97 27 90 48 14 84 8
89 14 16 27 8 40 96 6 44 34 35 29 49 36 51 45 89 85 23 33 53 39 63 61 37 32 62 41 10 3 67 17 66 96 10 28 52 91 17 45 60 89 48 91 10 94 4 17 57 63
55 9 17 46 95 39 39 31 91 85 33 33 97 45 75 56 97 4 7 67 73 14 87 30 57 41 22 24 90 30 37 99 69 28 23 73 52 61 18 48 83 41 87 93 22 11 56 57 2 49
77 59 31 80 51 0 72 14 58 9 73 65 74 6 82 46 3 56 20 34 21 16 71 15 69 90 64 17 53 22 89 52 33 87 81 34 28 38 8 55 5 47 59 9 70 94 50 77 38 24
88 60 34 15 61 88 81 39 55 16 36 32 51 1 15 15 28 92 91 97 80 15 13 34 29 67 28 19 57 81 86 43 40 11 77 8 47 51 5 57 55 43 59 97 66 92 73 80 88 61
68 80 70 23 60 90 21 68 16 91 56 72 7 98 63 63 29 0 16 60 44 36 54 22 74 29 8 81 97 5 70 10 39 95 47 71 57 85 89 8 57 66 35 28 62 24 54 47 33 50
91 89 5 92 72 38 98 32 42 30 61 25 14 22 54 95 46 20 98 18 50 68 6 27 67 47 25 5 6 13 92 18 68 78 89 47 75 59 30 31 22 19 45 23 30 81 65 39 45 88
86 97 65 49 22 5 11 66 13 28 5 88 45 79 63 67 71 83 26 15 15 24 40 60 42 17 59 78 22 46 0 27 33 40 63 69 95 35 20 3 88 68 54 90 85 4 50 52 46 60
48 37 26 4 22 76 74 32 60 20 58 30 14 61 53 27 25 75 78 66 80 2 8 10 10 72 44 95 75 40 96 69 13 81 28 65 19 86 90 22 45 66 64 43 19 84 56 93 71 82
37 71 53 94 81 53 0 21 31 4 47 78 89 99 51 75 88 97 2 56 13 46 3 96 25 6 95 30 27 71 61 94 79 12 36 54 64 29 40 61 5 4 70 91 99 49 16 17 33 60
23 29 88 37 12 92 18 93 40 45 79 27 61 25 76 50 93 55 83 23 37 22 98 90 30 49 84 18 93 8 32 80 78 94 61 17 96 66 18 60 92 29 19 44 64 93 26 46 22 30
63 27 96 90 82 99 36 27 50 38 45 18 4 54 63 25 0 62 47 61 65 19 2 32 96 44 22 57 9 97 66 7 20 99 93 9 66 29 91 19 98 65 86 49 80 84 94 34 79 99
66 0 82 65 75 73 39 7 92 55 68 28 89 69 1 72 46 44 83 87 2 28 60 32 17 18 6 37 73 39 60 33 48 5 48 94 20 22 75 92 15 70 78 52 29 28 86 61 39 52
20 15 89 24 96 58 44 13 82 1 34 28 22 31 77 64 67 93 71 18 59 21 39 76 84 47 10 82 93 37 56 91 22 72 2 54 26 87 68 73 93 76 44 17 41 78 33 58 34 46
60 42 88 48 94 15 46 56 16 98 89 57 6 71 54 79 87 85 50 92 61 63 35 6 18 10 36 57 42 37 6 5 82 28 0 80 93 2 37 47 86 14 77 0 10 99 51 3 19 95
80 40 97 6 78 49 32 95 40 50 64 63 56 5 66 60 79 69 91 97 11 44 42 78 82 73 39 4 83 98 56 43 76 13 80 35 73 91 90 50 31 53 58 49 98 78 55 29 27 28
92 33 62 22 67 5 97 95 23 43 44 61 91 27 17 79 49 13 47 66 97 77 36 13 68 58 66 81 99 91 89 98 99 3 72 16 95 69 99 60 97 44 98 42 97 26 32 14 9 7
86 94 4 43 97 71 90 92 84 95 16 21 9 20 84 37 76 77 43 33 37 72 94 93 77 10 6 22 28 99 53 92 30 60 64 94 84 92 91 0 85 48 21 14 8 66 98 76 81 13
98 13 50 23 46 1 66 26 56 13 39 82 4 1 5 85 2 55 73 67 3 43 48 46 17 12 13 73 65 57 81 9 69 60 83 46 74 96 10 29 58 39 22 77 11 3 88 20 30 96
93 48 99 89 67 17 76 37 13 96 79 64 56 53 80 60 93 29 24 9 80 37 72 3 86 18 26 50 51 2 95 87 77 65 26 40 11 3 61 12 12 48 52 6 62 57 71 90 85 83
17 13 16 1 30 97 30 43 37 91 29 50 99 40 19 20 6 5 85 55 29 46 78 40 77 46 19 57 67 6 38 71 69 85 15 8 52 75 77 42 37 28 39 94 62 93 48 81 88 15
31 79 15 6 52 46 47 4 76 45 95 12 96 81 98 9 84 17 47 80 3 95 56 6 50 55 44 88 58 58 73 50 4 1 94 81 14 17 88 4 51 45 92 27 76 40 90 92 42 22
42 97 43 13 55 10 55 5 16 55 12 74 1 21 71 42 74 72 9 36 32 35 0 20 52 4 42 10 47 44 46 45 2 40 54 54 26 66 2 97 73 69 0 80 38 46 91 64 66 67
7 46 28 34 49 89 16 13 59 22 87 35 5 75 51 22 58 91 62 91 84 41 92 70 33 65 74 40 0 97 90 94 41 70 80 44 31 71 50 61 82 24 70 69 49 56 32 9 70 56
48 31 44 61 67 77 50 67 8 11 11 55 37 68 85 12 84 52 85 11 49 34 41 15 83 12 8 70 62 74 39 57 17 7 91 13 19 60 78 88 30 93 2 6 38 82 28 72 77 70
48 27 91 93 41 50 16 83 45 96 52 8 26 38 92 70 21 63 34 25 94 86 34 42 14 95 15 22 98 78 35 74 30 58 40 41 67 46 21 56 75 27 86 76 48 12 71 52 54 53
6 37 71 51 62 55 63 93 84 58 52 65 68 48 16 90 11 70 11 52 29 23 42 83 35 30 40 84 41 63 82 62 5 1 89 22 15 30 5 42 89 29 91 52 61 17 38 84 8 54
21 21 35 55 54 97 22 29 85 53 52 21 79 47 96 4 88 42 94 97 52 88 75 47 60 71 43 53 71 10 48 42 51 2 90 12 98 21 65 64 69 25 26 82 43 10 6 86 50 8
80 96 99 28 63 2 53 64 2 36 41 5 83 67 7 91 13 7 46 36 69 22 98 93 9 77 5 33 51 69 66 76 17 20 83 88 10 99 45 46 75 74 52 20 74 94 76 25 34 61
50 0 11 32 30 76 71 83 48 35 48 62 60 81 51 94 71 90 32 5 35 41 87 68 51 41 16 4 26 28 43 5 38 31 88 88 4 90 47 4 41 51 92 19 75 52 71 78 84 63
86 99 48 99 10 16 23 16 72 50 92 27 42 95 31 62 5 52 50 57 16 73 31 48 31 74 94 58 51 68 60 61 14 57 93 57 19 56 26 72 1 32 89 82 35 19 33 47 34 74
88 66 43 76 67 32 73 40 72 39 42 93 77 50 64 48 42 94 83 80 80 62 24 64 73 93 68 15 97 4 59 59 13 9 71 85 90 82 71 28 31 27 76 0 76 30 19 36 31 75
26 20 82 68 59 54 2 40 95 45 67 54 72 38 39 3 84 37 47 61 7 91 55 21 35 92 47 42 70 52 75 33 96 3 40 32 85 66 74 73 25 98 43 39 45 61 68 66 15 64
63 58 47 95 51 41 10 91 95 64 90 84 83 1 53 41 89 55 77 11 29 61 35 42 69 18 67 85 62 98 77 93 8 83 13 86 24 26 5 88 98 75 44 39 47 87 63 35 18 93
5 4 9 60 6 11 88 35 35 79 19 3 67 52 1 46 29 29 42 3 51 61 68 78 72 3 71 13 20 85 41 72 14 13 99 57 7 49 83 55 0 8 44 8 70 97 94 41 18 68
18 14 60 20 37 31 29 78 1 69 83 30 49 74 13 61 91 64 92 64 36 60 47 24 16 37 29 40 9 94 38 79 71 46 8 3 84 75 37 73 89 18 35 80 78 61 53 89 6 73
81 80 92 14 68 69 22 88 45 79 99 49 4 48 3 49 99 55 18 96 28 71 88 46 70 91 26 2 61 32 76 2 52 30 16 80 30 97 37 9 62 16 28 61 5 66 57 57 82 63
97 26 38 92 9 52 38 74 93 52 83 1 27 1 93 98 96 60 13 14 8 46 31 21 84 46 25 66 66 8 12 17 33 5 73 77 72 49 77 77 25 76 45 42 10 63 63 27 39 78
7 77 14 77 5 19 13 13 56 19 91 54 0 48 19 23 39 37 2 0 3 90 55 36 52 1 93 98 91 24 89 0 90 37 68 64 83 23 55 23 72 19 96 30 76 21 49 80 31 41
79 75 24 27 54 1 91 4 94 17 32 37 33 32 89 65 95 48 45 4 17 22 28 47 13 40 73 51 83 15 37 72 64 38 93 52 24 15 7 60 44 19 5 71 12 80 79 67 89 63
44 69 60 83 14 25 56 7 20 79 7 0 90 39 69 58 98 95 34 74 48 84 87 91 58 63 8 14 2 44 16 97 0 54 68 33 13 68 85 17 57 9 45 30 98 9 67 75 8 52
22 3 9 25 84 97 68 9 18 3 48 81 30 50 47 38 41 43 36 95 98 32 10 16 61 71 11 47 56 12 18 95 22 1 32 96 26 32 19 46 79 68 79 37 48 82 98 94 17 32
60 62 67 65 28 99 50 7 27 93 28 69 10 4 39 57 2 0 97 32 10 51 1 7 55 5 89 92 54 86 37 30 85 72 95 39 4 7 21 27 20 49 56 32 9 77 12 18 74 3
6 74 93 39 26 9 53 69 10 56 75 58 62 98 7 70 98 33 94 15 27 60 96 48 48 57 3 70 65 80 58 10 19 49 18 72 99 89 60 25 30 12 50 78 91 74 46 55 64 44
7 85 89 5 66 24 74 24 32 40 10 48 78 41 49 8 6 8 40 21 42 15 30 95 20 30 51 8 64 8 85 74 37 92 65 83 79 97 61 95 16 53 77 75 55 97 88 53 2 16
19 81 11 93 23 5 27 70 37 52 57 52 16 90 70 99 14 99 27 53 5 79 42 32 89 90 5 90 24 3 9 10 67 15 84 63 2 39 4 34 77 10 54 49 76 37 41 99 64 83
9 91 8 97 63 26 0 24 84 31 89 30 77 45 60 80 32 6 82 76 67 13 45 9 91 56 4 52 80 80 45 68 23 32 33 67 95 98 42 85 7 38 9 20 69 64 28 76 35 32
