4 21
0 0 1 1 2 3 4 5 6 7 7 8 9 9 10 11 11 12 12 13 13 14 14 15 15 16 17 17 18 19 20 21 22 22 23 24 25 25 26 26 27 27 28 29 29 30 31 32 32 33
34 35 35 36 2 3 4 5 6 37 38 38 39 40 40 41 42 43 44 44 45 45 46 47 48 16 49 49 18 50 20 21 51 52 23 24 53 54 55 55 56 56 28 57 58 58 31 59 59 33
34 60 60 36 61 62 63 64 65 37 66 67 68 69 70 41 42 43 71 71 72 72 46 47 48 73 74 74 75 50 76 77 51 52 78 79 53 54 80 80 81 81 82 57 83 84 84 85 85 86
87 88 88 89 89 62 63 90 65 91 92 67 68 69 93 93 94 95 96 97 98 98 99 99 100 100 101 101 102 102 76 77 103 103 78 104 104 105 105 106 107 108 82 109 109 110 110 111 111 86
87 112 113 114 115 116 116 90 117 117 92 118 119 119 120 121 94 95 96 97 122 123 123 124 124 125 125 126 126 127 127 128 129 129 130 131 132 133 134 106 107 108 135 136 137 138 139 139 140 140
141 112 142 114 115 143 143 144 145 145 146 146 147 148 120 121 149 149 150 150 151 152 153 153 154 154 155 156 156 157 158 158 159 159 130 131 160 133 134 161 161 162 162 136 137 163 163 164 165 166
167 167 142 168 168 169 170 144 171 171 172 173 147 148 174 174 175 175 176 177 151 152 178 178 179 179 155 180 180 181 182 182 183 183 184 185 160 186 186 187 188 189 189 190 191 192 193 193 165 166
194 195 196 196 197 169 170 198 198 199 172 200 201 202 202 203 204 205 176 177 206 207 207 208 208 209 210 210 211 181 212 212 213 213 184 185 214 215 215 187 188 216 216 190 217 192 218 218 219 219
194 195 220 221 221 222 223 223 224 199 225 200 201 226 227 203 228 205 229 229 206 230 230 231 231 232 233 234 211 235 236 236 237 237 238 239 214 240 241 242 243 244 245 246 217 247 248 248 249 250
251 252 253 254 255 256 256 257 224 258 225 259 259 226 260 260 228 261 261 262 262 263 263 264 264 232 233 265 265 235 266 267 267 268 238 269 269 240 241 242 243 244 245 246 270 247 271 271 272 250
251 252 253 254 255 273 273 257 274 258 275 276 276 277 278 279 279 280 281 282 283 284 285 286 287 287 288 288 289 289 266 290 291 268 292 293 293 294 294 295 295 296 297 297 298 299 300 300 272 301
302 303 304 305 305 306 307 307 274 308 309 310 311 311 278 312 312 280 281 282 313 284 285 286 314 314 315 315 316 317 317 290 291 318 319 319 320 320 321 322 322 296 323 323 298 324 325 325 326 301
302 303 327 328 328 329 329 330 330 308 309 310 331 331 332 332 333 334 335 335 313 336 336 337 338 338 339 340 316 341 341 342 343 344 344 345 346 346 321 347 347 348 349 350 350 324 351 351 352 353
354 354 327 355 356 356 357 358 358 359 359 360 360 361 362 362 333 334 363 363 364 364 365 337 366 367 367 340 368 369 369 342 343 370 371 371 372 372 373 374 374 348 349 375 375 376 376 377 352 353
378 378 379 355 380 380 357 381 381 382 382 383 383 361 384 385 386 386 387 388 389 389 365 390 390 391 392 393 394 395 396 397 397 398 398 399 400 401 402 402 403 404 405 406 407 407 408 408 409 409
410 410 379 411 412 413 414 414 415 415 416 416 417 418 418 385 419 419 387 388 420 421 422 422 423 423 392 393 394 395 396 424 425 426 426 427 400 401 428 428 403 404 405 406 429 430 430 431 431 432
433 434 435 411 412 436 436 437 437 438 438 439 417 440 441 442 443 444 444 445 420 446 446 447 448 448 449 450 450 451 451 424 425 452 452 427 453 454 454 455 455 456 457 458 429 459 459 460 461 432
433 462 435 463 464 464 465 466 466 467 468 469 469 440 441 442 443 470 470 445 471 471 472 473 473 474 474 475 475 476 477 477 478 478 479 479 453 480 481 482 483 456 457 458 484 485 486 487 461 488
489 462 490 491 491 492 493 494 494 467 468 495 496 497 498 498 499 500 501 501 502 503 472 504 504 505 506 506 507 508 508 509 509 510 511 511 512 480 481 482 483 513 514 515 484 485 486 487 516 516
489 517 517 518 519 519 493 520 521 521 522 495 496 497 523 524 524 500 525 525 502 503 526 526 527 527 528 529 529 530 531 532 532 533 533 534 534 535 536 537 537 513 514 538 539 540 540 541 542 542
543 543 544 544 545 546 546 520 547 547 548 548 549 550 523 551 552 552 553 554 554 555 556 557 557 558 528 559 560 560 531 561 562 563 563 564 565 566 536 567 568 569 569 538 570 570 571 541 572 572
573 574 574 575 575 576 577 577 578 578 579 580 549 581 581 551 582 582 553 583 583 555 556 584 584 558 585 586 587 587 588 588 562 589 590 564 591 566 592 567 593 593 594 595 595 596 597 597 598 598
573 599 600 600 601 602 602 603 603 604 579 580 605 606 607 607 608 608 609 609 610 610 611 612 613 614 585 586 615 616 616 617 617 589 590 618 591 619 592 620 620 621 594 622 622 596 623 623 624 625
626 627 628 628 601 629 629 630 631 604 632 632 605 606 633 634 635 636 636 637 637 638 638 612 613 614 639 640 615 641 641 642 642 643 643 618 644 645 646 647 647 621 648 649 649 650 651 651 624 625
626 627 652 652 653 653 654 655 631 656 656 657 658 659 633 634 660 661 662 662 663 664 665 666 667 668 639 640 669 670 671 671 672 673 673 674 674 645 675 675 676 676 648 677 677 650 678 679 679 680
681 681 682 683 683 684 654 655 685 686 686 657 658 659 687 687 660 661 688 688 663 664 665 666 667 668 689 689 669 690 690 691 672 692 693 694 695 695 696 697 697 698 699 699 700 700 701 702 703 680
704 704 682 705 706 707 707 708 709 709 710 710 711 711 712 713 713 714 715 716 717 718 719 719 720 720 721 721 722 723 724 691 725 692 693 694 726 726 727 728 728 698 729 729 730 730 701 702 703 731
732 733 734 705 706 735 735 736 737 738 738 739 740 741 741 742 742 714 715 716 743 718 744 744 745 745 746 746 722 723 747 747 725 748 749 749 750 750 727 751 752 753 753 754 755 756 756 757 757 731
732 733 734 758 759 760 761 736 737 762 763 739 740 764 765 766 767 768 769 769 743 770 771 771 772 773 774 775 775 776 776 777 777 748 778 779 779 780 781 751 752 782 783 783 755 784 784 785 786 787
788 789 789 790 759 791 761 792 793 794 763 795 795 764 765 766 767 796 796 797 797 798 799 800 800 773 774 801 802 802 803 803 804 805 805 806 807 807 781 808 809 782 810 811 812 813 814 785 786 787
815 816 817 790 818 791 819 819 793 794 820 821 821 822 822 823 823 824 825 826 826 798 799 827 827 828 828 829 829 830 830 831 804 832 832 806 833 833 834 808 835 836 810 811 812 813 837 837 838 838
815 816 817 839 818 840 840 841 842 843 844 845 845 846 847 847 848 824 825 849 850 850 851 852 852 853 854 855 855 856 857 831 858 858 859 860 861 862 863 863 835 836 864 864 865 865 866 866 867 868
869 870 871 872 873 873 874 841 842 843 844 875 875 846 876 877 877 878 879 880 881 882 851 883 883 853 884 885 886 856 887 887 888 889 889 860 861 890 890 891 892 892 893 893 894 894 895 896 897 868
869 870 871 872 898 898 874 899 900 900 901 902 903 903 876 904 904 905 879 880 906 882 907 907 908 908 884 885 886 909 910 911 888 912 912 913 913 914 915 916 916 917 917 918 919 920 920 896 897 921
922 922 923 923 924 925 926 899 927 928 901 902 929 930 930 931 932 905 933 933 906 934 934 935 935 936 937 937 938 909 910 911 939 940 940 941 941 914 915 942 943 943 944 945 919 946 946 947 947 921
948 949 950 951 924 925 926 952 952 928 953 954 929 955 956 931 957 957 958 959 959 960 961 961 962 936 963 963 938 964 964 965 966 966 967 968 969 970 971 971 972 973 973 945 974 975 975 976 976 977
948 949 950 951 978 979 979 980 980 981 953 954 982 982 956 983 984 985 986 986 987 987 988 989 962 990 990 991 992 992 993 965 994 995 967 968 969 970 996 996 972 997 998 999 999 1000 1000 1001 1002 977
1003 1003 1004 1004 978 1005 1006 1006 1007 1008 1008 1009 1010 1010 1011 1012 984 985 1013 1013 1014 1015 988 989 1016 1017 1018 991 1019 1020 1021 1021 994 995 1022 1022 1023 1023 1024 1025 1026 1027 998 1028 1028 1029 1030 1001 1002 1031
1032 1032 1033 1033 1034 1005 1035 1035 1007 1036 1036 1009 1037 1038 1038 1012 1039 1039 1040 1040 1014 1015 1041 1042 1042 1017 1043 1044 1045 1020 1046 1047 1048 1049 1049 1050 1051 1051 1024 1025 1026 1027 1052 1053 1053 1029 1030 1054 1054 1031
1055 1055 1056 1057 1034 1058 1059 1059 1060 1061 1062 1062 1063 1063 1064 1065 1065 1066 1067 1068 1069 1070 1041 1071 1071 1072 1043 1044 1045 1073 1046 1047 1048 1074 1075 1075 1076 1076 1077 1078 1078 1079 1052 1080 1080 1081 1081 1082 1083 1083
1084 1084 1056 1085 1086 1058 1087 1087 1060 1061 1088 1089 1090 1090 1091 1092 1092 1066 1067 1068 1069 1093 1093 1094 1095 1072 1096 1096 1097 1073 1098 1099 1099 1074 1100 1101 1101 1102 1102 1103 1104 1105 1106 1106 1107 1107 1108 1082 1109 1109
1110 1111 1111 1085 1086 1112 1112 1113 1114 1114 1088 1089 1115 1115 1091 1116 1117 1118 1119 1119 1120 1121 1121 1094 1122 1123 1124 1124 1125 1126 1098 1127 1127 1128 1128 1129 1129 1130 1130 1131 1104 1105 1132 1133 1134 1134 1108 1135 1136 1137
1110 1138 1138 1139 1139 1140 1141 1113 1142 1142 1143 1144 1145 1146 1146 1116 1117 1118 1147 1147 1148 1148 1149 1149 1122 1123 1150 1151 1125 1126 1152 1153 1153 1154 1155 1156 1156 1157 1158 1131 1159 1160 1160 1133 1161 1162 1163 1163 1136 1137
1164 1164 1165 1165 1166 1140 1141 1167 1168 1168 1143 1144 1145 1169 1170 1170 1171 1172 1173 1174 1174 1175 1176 1176 1177 1177 1150 1151 1178 1178 1179 1179 1180 1180 1155 1181 1182 1157 1183 1183 1159 1184 1185 1186 1161 1162 1187 1188 1189 1190
1191 1192 1192 1193 1193 1194 1194 1167 1195 1196 1197 1198 1198 1169 1199 1199 1171 1172 1173 1200 1200 1175 1201 1202 1202 1203 1203 1204 1205 1205 1206 1207 1207 1208 1208 1209 1182 1210 1210 1211 1212 1212 1185 1186 1213 1214 1214 1188 1189 1190
1191 1215 1215 1216 1216 1217 1218 1219 1195 1196 1197 1220 1220 1221 1222 1222 1223 1224 1225 1225 1226 1227 1201 1228 1228 1229 1230 1231 1232 1233 1206 1234 1235 1235 1236 1209 1237 1238 1238 1211 1239 1240 1240 1241 1213 1242 1243 1243 1244 1244
1245 1245 1246 1246 1247 1217 1218 1248 1248 1249 1249 1250 1250 1221 1251 1252 1252 1224 1253 1254 1226 1227 1255 1256 1256 1229 1230 1231 1232 1257 1257 1234 1258 1258 1236 1259 1260 1261 1261 1262 1239 1263 1264 1265 1266 1266 1267 1268 1269 1269
1270 1270 1271 1272 1272 1273 1274 1275 1276 1277 1277 1278 1278 1279 1279 1280 1281 1281 1253 1254 1282 1282 1283 1283 1284 1284 1285 1286 1287 1288 1289 1290 1290 1291 1292 1292 1260 1293 1294 1294 1295 1263 1264 1265 1296 1296 1267 1268 1297 1297
1298 1299 1271 1300 1301 1302 1274 1275 1276 1303 1304 1305 1306 1307 1308 1280 1309 1309 1310 1311 1312 1312 1313 1313 1314 1315 1285 1286 1287 1288 1289 1316 1317 1291 1318 1319 1319 1293 1320 1320 1295 1321 1321 1322 1322 1323 1324 1324 1325 1325
1298 1299 1326 1300 1301 1302 1327 1327 1328 1328 1304 1305 1306 1307 1308 1329 1330 1330 1310 1311 1331 1332 1332 1333 1314 1334 1334 1335 1335 1336 1336 1316 1337 1337 1318 1338 1338 1339 1339 1340 1340 1341 1341 1342 1342 1323 1343 1343 1344 1344
67 20 94 12 89 71 48 98 89 69 46 73 63 23 36 95 22 67 18 56 13 12 30 51 90 48 83 44 66 67 40 16 83 0 23 28 58 9 41 58 67 64 27 89 7 65 64 3 99 8
9 74 90 61 12 20 65 10 20 99 32 31 28 20 72 95 16 48 4 57 66 28 41 76 67 0 69 76 4 57 2 16 63 35 20 98 15 93 6 61 4 76 0 58 71 11 35 96 67 75
79 34 34 1 70 27 93 46 28 74 10 29 14 70 58 27 23 64 61 74 9 11 86 15 45 77 78 78 0 49 26 81 24 39 8 25 99 21 35 17 73 30 58 27 78 18 45 90 28 34
57 59 20 69 75 70 44 69 5 2 88 18 87 30 93 51 31 45 51 0 56 53 14 54 38 88 7 31 99 24 33 57 77 43 30 81 26 44 3 25 77 79 62 52 55 16 61 15 27 83
45 2 25 20 3 60 46 9 39 50 10 61 47 54 56 82 8 40 43 2 12 44 44 0 85 6 63 92 89 11 48 31 52 70 88 99 69 37 68 54 9 28 96 36 62 74 10 12 52 97
22 82 62 47 69 15 74 1 52 36 11 52 87 32 63 92 39 92 64 24 16 3 35 34 27 61 18 86 97 92 20 10 97 59 71 3 94 75 27 72 87 55 70 64 34 13 10 17 77 44
26 62 28 89 70 6 82 8 71 4 73 65 65 26 61 13 33 96 27 29 76 46 51 51 52 59 36 80 4 48 22 64 52 5 20 94 26 92 43 23 58 88 91 69 38 65 82 78 59 90
31 95 80 83 7 16 96 13 82 38 43 61 31 60 43 13 8 21 60 51 41 0 15 79 93 97 81 44 38 63 96 59 30 75 92 62 37 46 74 35 36 96 35 11 42 67 37 78 1 75
43 10 90 41 38 98 30 60 87 85 41 4 55 40 42 93 27 76 28 7 89 19 13 28 1 18 75 41 65 91 57 24 20 89 79 9 20 68 95 13 59 1 97 79 39 31 35 86 33 62
36 68 43 25 20 84 17 4 55 23 26 18 94 68 31 49 10 65 84 56 96 36 53 83 8 20 22 24 97 72 1 63 34 31 77 6 94 41 9 18 32 80 57 84 76 24 63 31 8 64
34 70 13 43 96 61 14 64 74 42 17 39 67 85 84 69 28 64 79 92 51 10 72 46 2 74 24 56 36 68 67 56 6 91 16 53 71 40 52 36 76 46 28 83 40 86 95 59 66 2
50 4 43 33 32 70 8 93 73 95 37 97 49 96 34 74 22 22 8 67 47 34 52 97 68 41 48 85 30 87 53 78 3 63 38 26 20 33 7 58 55 38 93 33 79 81 71 95 42 0
27 81 4 85 15 18 99 20 72 23 75 75 21 48 88 28 24 82 84 91 69 47 29 58 2 90 65 99 55 9 41 20 64 98 71 37 50 77 96 78 42 95 0 3 62 48 39 75 4 66
64 77 21 82 79 26 81 43 37 66 92 10 85 90 84 32 50 5 42 51 91 79 85 24 83 48 48 97 0 2 16 77 71 99 76 92 20 60 44 62 62 36 15 92 48 76 97 20 90 7
79 68 30 67 86 50 99 44 55 58 76 28 47 44 90 93 43 60 66 63 60 58 70 63 29 37 13 43 44 19 58 41 7 15 13 52 36 69 24 46 27 8 34 7 28 36 98 6 83 49
0 18 66 13 96 65 62 82 61 62 5 20 41 42 95 92 19 30 12 51 37 64 67 58 48 91 98 36 50 37 20 5 26 57 70 66 8 3 30 53 65 74 84 34 30 86 80 87 82 86
34 24 61 54 53 74 52 51 34 72 47 26 93 87 62 15 14 69 69 95 96 60 43 98 38 88 71 47 41 47 76 55 24 58 37 36 48 36 17 85 79 16 53 17 85 12 9 32 31 62
77 77 51 42 52 75 26 59 9 16 28 59 36 84 77 37 5 89 53 97 57 36 88 62 54 50 31 70 25 23 52 38 98 83 30 97 98 87 45 76 85 41 86 83 9 36 79 54 85 2
41 66 67 19 50 18 71 96 9 60 22 61 53 7 48 81 7 36 89 82 38 27 58 24 83 66 45 4 71 95 3 36 68 28 78 9 88 7 41 89 64 94 16 50 81 29 90 58 65 27
96 60 27 20 85 24 0 21 95 13 4 39 51 55 47 61 34 47 90 33 79 3 6 99 25 78 48 48 14 55 52 67 79 29 76 96 67 86 41 99 97 2 18 46 31 98 71 58 29 10
86 90 73 67 43 99 8 27 31 75 85 72 9 8 2 33 68 49 89 38 2 31 82 99 25 70 76 98 15 12 37 44 71 20 21 3 49 57 60 57 97 48 11 47 21 65 72 67 46 22
30 88 44 59 25 62 94 84 3 6 22 24 40 16 60 28 20 83 12 30 95 79 76 12 69 77 80 34 23 78 41 42 89 97 40 3 55 96 87 8 11 82 76 8 11 15 13 38 73 7
70 10 61 62 36 36 46 68 33 9 53 66 40 33 1 37 43 82 25 23 78 99 31 39 33 10 17 50 91 74 0 88 42 34 83 93 99 11 1 62 34 74 88 63 34 80 1 36 65 72
86 89 50 48 15 55 19 86 85 52 81 76 97 17 77 27 33 69 37 70 13 93 80 17 75 53 58 85 76 83 28 63 72 6 1 11 99 94 15 52 25 70 97 20 27 29 62 34 24 79
72 10 75 93 28 38 91 85 54 48 83 25 4 43 82 84 92 2 62 1 58 42 55 35 1 40 43 61 44 2 56 34 16 77 92 51 64 91 63 26 43 22 29 77 59 25 61 85 96 84
35 0 81 71 85 0 75 13 0 43 86 33 38 23 33 24 76 75 77 10 87 96 73 64 5 51 38 28 86 96 37 10 28 24 10 35 81 41 6 73 97 32 10 31 32 59 34 58 46 40
24 65 16 55 95 64 73 66 19 52 71 62 78 41 98 90 78 45 27 77 21 45 64 71 0 53 99 60 95 26 80 58 32 61 68 10 37 77 56 89 16 78 58 14 8 52 26 4 83 98
86 44 0 48 10 64 73 21 98 91 2 32 39 19 37 74 13 61 8 65 97 27 51 28 61 33 95 95 93 5 56 63 5 87 38 13 10 3 33 58 91 66 7 58 89 31 54 2 25 78
50 11 40 39 8 59 19 60 2 75 75 7 69 85 61 35 11 97 61 97 27 50 11 35 21 98 24 43 67 96 30 82 98 72 44 43 43 73 84 0 97 66 63 58 5 67 56 29 14 94
38 20 65 3 52 33 30 87 35 22 18 13 7 95 10 48 31 22 10 73 0 39 88 1 37 66 38 32 80 41 34 59 68 2 77 54 91 37 12 22 93 82 41 38 67 25 49 23 87 83
83 36 70 0 29 65 16 74 48 55 12 13 35 12 86 60 29 65 69 77 42 46 71 50 97 54 89 54 87 30 3 19 16 1 89 45 83 75 95 24 39 63 12 96 1 70 22 51 57 87
6 27 39 38 6 28 77 83 90 46 41 26 81 16 75 23 13 92 85 82 17 95 49 75 37 17 34 80 34 50 97 89 5 32 92 0 44 23 20 10 25 8 25 67 68 16 39 57 61 94
89 39 4 81 81 15 93 44 25 58 88 53 8 29 42 68 31 34 10 33 69 47 20 94 59 60 3 24 53 37 86 95 34 4 5 33 88 35 55 85 92 87 90 27 83 61 70 77 45 60
39 61 36 37 16 14 59 17 77 70 69 60 14 19 65 30 37 37 72 82 88 37 76 22 31 7 43 3 27 60 17 14 51 33 77 0 45 50 7 49 80 39 39 61 27 58 59 79 11 36
25 1 38 31 80 77 0 38 59 54 90 6 17 22 96 0 66 38 38 43 91 7 69 74 19 41 67 25 72 41 51 29 57 32 9 38 84 66 46 16 42 84 81 13 85 62 57 59 14 38
95 15 43 3 41 49 32 40 63 2 98 92 98 11 57 57 16 91 92 77 61 12 91 2 66 84 12 48 32 98 38 52 49 52 39 80 76 16 9 3 65 53 24 34 61 41 27 49 49 95
30 73 99 66 86 19 81 7 54 20 65 46 24 1 50 20 35 97 94 26 52 66 66 29 94 0 56 97 87 83 59 26 82 65 39 69 67 39 16 56 49 74 61 86 89 97 55 94 46 78
75 19 38 2 7 87 78 88 10 11 66 96 3 47 36 25 40 36 86 29 98 79 86 10 11 40 83 42 94 94 19 8 60 72 10 9 14 53 21 17 78 79 92 96 92 60 67 74 41 31
1 14 88 8 4 38 11 47 99 0 74 24 47 10 61 77 52 62 70 29 29 15 2 30 98 40 70 69 77 8 48 12 71 18 61 55 28 96 21 39 18 83 74 65 93 21 25 46 49 17
10 8 63 43 2 96 26 65 18 29 87 25 39 19 75 76 3 42 89 25 12 44 24 29 65 63 6 21 86 14 56 84 40 73 74 0 73 3 62 26 82 53 93 70 99 23 84 16 19 50
16 11 92 3 74 36 60 20 56 9 34 62 36 0 73 80 93 56 76 93 63 44 36 36 45 72 80 42 53 42 65 14 27 93 98 0 85 94 0 14 58 42 99 56 60 97 3 1 92 46
27 31 7 5 38 56 94 67 10 34 1 18 99 42 2 50 12 86 32 23 22 49 92 28 85 45 82 32 11 53 29 18 79 85 88 89 54 51 9 28 87 32 23 37 36 95 91 82 23 10
30 65 45 19 43 98 85 64 77 0 5 36 64 44 71 82 4 42 47 83 53 59 25 73 43 2 11 51 90 69 51 32 11 26 46 23 9 59 13 58 38 91 77 17 23 33 47 61 82 17
55 35 6 58 5 22 85 50 11 84 7 81 48 23 63 80 74 53 17 84 41 72 17 10 56 13 3 24 25 14 74 51 32 76 44 86 78 18 98 16 70 83 32 41 78 51 96 60 88 86
81 74 87 72 59 39 55 63 37 91 67 73 29 5 45 38 94 96 45 69 40 0 71 96 60 15 9 25 33 82 31 16 42 87 72 73 40 46 65 96 22 11 49 87 28 80 28 16 17 56
34 36 59 77 36 21 32 90 39 29 46 72 71 80 81 0 43 35 47 73 37 42 41 97 44 30 27 58 69 73 65 55 73 1 98 86 88 73 24 43 84 80 3 89 59 18 67 51 34 88
39 17 5 93 45 46 41 71 36 64 79 2 88 72 64 54 94 62 33 82 93 66 39 59 7 54 65 20 37 18 86 22 11 73 59 13 28 14 65 55 23 38 97 39 87 83 84 36 54 30
80 74 10 40 19 50 0 53 86 55 95 61 0 8 52 73 28 34 31 38 97 90 46 36 94 97 91 99 7 93 65 10 45 90 5 31 62 85 17 43 22 39 93 48 69 29 93 66 23 22
48 7 24 75 16 76 48 97 25 3 68 10 88 87 26 37 15 32 92 90 78 50 21 55 43 62 84 0 68 82 76 79 14 42 56 92 93 18 52 39 94 8 39 87 3 0 47 79 29 46
13 31 5 52 89 23 54 52 85 26 58 33 87 49 51 51 84 72 64 22 18 21 17 34 93 65 36 51 70 32 67 16 0 45 36 37 5 67 49 47 18 11 63 40 0 98 9 80 36 27
