44 16
0 1 2 2 3 4 4 5 5 6 6 7 7 8 8 9 10 10 11 11 12 12 13 14 15 16 16 17 17 18 18 19 20 20 21 21 22 23 24 24 25 26 27 28 29 30 30 31 32 32
0 1 33 33 34 34 35 35 36 37 37 38 39 40 41 41 42 42 43 44 45 45 13 14 15 46 47 48 48 49 49 19 50 51 51 52 52 23 53 53 25 26 27 28 29 54 54 31 55 55
56 57 57 58 58 59 59 60 36 61 61 38 39 40 62 62 63 64 43 65 66 66 67 68 69 46 47 70 70 71 72 73 74 75 76 76 77 77 78 78 79 80 80 81 81 82 83 84 85 86
87 87 88 88 89 90 91 92 92 93 93 94 95 96 97 98 63 99 100 65 101 101 67 68 69 102 102 103 104 105 72 73 74 106 107 107 108 108 109 109 79 110 110 111 112 112 83 84 85 86
113 114 115 115 89 90 91 116 117 117 118 94 95 119 97 120 120 99 121 122 123 124 124 125 125 126 126 103 104 105 127 128 128 106 129 129 130 131 132 132 133 134 134 111 135 135 136 137 137 138
113 114 139 140 140 141 142 116 143 143 144 144 145 119 146 147 148 149 121 122 123 150 150 151 152 153 153 154 155 156 127 157 158 159 159 160 130 131 161 162 163 163 164 164 165 165 166 167 167 138
168 169 139 170 170 141 171 171 172 172 173 174 174 175 146 147 148 149 176 177 178 178 179 180 152 181 182 154 155 156 183 157 158 184 185 185 186 187 161 162 188 188 189 189 190 190 166 191 191 192
168 169 193 194 195 196 197 198 198 199 200 200 201 175 202 203 203 204 176 177 205 205 179 180 206 181 207 207 208 209 183 210 210 184 211 212 186 187 213 213 214 214 215 216 217 217 218 219 220 221
222 223 193 194 195 196 197 224 225 199 226 227 201 228 229 230 231 204 232 233 233 234 234 235 236 236 237 237 208 238 239 239 240 240 211 212 241 242 243 243 244 245 215 216 246 246 218 219 220 221
247 223 248 249 250 251 252 224 225 253 226 227 254 254 229 230 231 255 232 256 256 257 257 258 258 259 260 261 261 238 262 262 263 263 264 264 241 242 265 266 266 245 267 267 268 269 270 271 272 272
247 273 273 249 274 251 252 275 275 253 276 277 278 279 280 281 281 255 282 283 283 284 285 286 287 288 260 289 290 290 291 291 292 293 293 294 294 295 296 297 298 298 299 299 268 269 270 271 300 300
301 302 303 304 274 305 305 306 306 307 307 277 278 279 280 308 309 310 310 311 311 284 312 286 287 288 313 314 314 315 315 316 317 317 318 319 320 320 296 297 321 322 322 323 323 324 325 326 327 328
329 302 303 330 331 332 332 333 334 335 336 337 337 338 338 308 309 339 340 341 342 342 312 343 344 344 313 345 346 346 347 316 348 349 349 319 350 350 351 351 352 353 353 354 355 324 325 326 327 328
329 356 356 330 331 357 357 333 334 335 336 358 358 359 359 360 360 339 340 361 361 362 362 363 363 364 365 345 366 366 347 367 368 369 369 370 371 372 373 373 352 374 375 375 355 376 377 378 378 379
380 380 381 381 382 382 383 384 384 385 386 386 387 387 388 389 390 390 391 391 392 392 393 393 394 394 365 395 395 396 397 367 368 398 398 370 371 372 399 400 401 402 403 403 404 376 405 405 406 379
407 408 408 409 409 410 383 411 412 385 413 414 415 415 388 389 416 417 418 418 419 420 420 421 422 423 424 424 425 396 397 426 426 427 427 428 428 429 399 400 401 402 430 430 404 431 432 433 406 434
407 435 435 436 436 437 437 411 412 438 438 414 439 440 440 441 416 417 442 442 443 444 445 446 422 423 447 448 425 449 449 450 451 452 452 453 453 454 455 455 456 456 457 457 458 458 432 433 459 459
460 460 461 462 463 464 465 465 466 466 467 467 439 468 468 441 469 469 470 470 443 444 445 446 471 471 447 448 472 472 473 473 451 474 474 475 475 454 476 477 478 478 479 480 481 481 482 483 483 484
485 485 461 462 463 464 486 487 487 488 488 489 490 491 492 493 493 494 495 495 496 497 498 499 500 500 501 502 502 503 504 504 505 506 507 508 509 509 476 510 511 511 479 512 512 513 482 514 514 484
515 515 516 517 518 518 519 520 521 522 523 489 490 491 524 525 526 526 527 528 528 497 498 499 529 530 501 531 531 532 532 533 505 506 507 508 534 535 535 510 536 537 537 538 539 540 540 541 542 543
544 545 516 517 546 546 519 520 521 522 523 547 548 548 524 525 549 550 550 551 551 552 553 554 554 530 555 556 556 557 558 533 559 559 560 560 534 561 562 563 536 564 564 538 565 565 566 567 542 543
544 545 568 569 569 570 571 571 572 573 573 547 574 574 575 576 576 577 578 579 579 552 580 580 581 581 555 582 582 557 558 583 584 584 585 586 587 561 562 563 588 588 589 590 591 592 566 567 593 593
594 595 595 596 596 597 598 598 572 599 600 600 601 601 575 602 603 577 578 604 604 605 605 606 606 607 607 608 608 609 610 610 611 611 585 586 587 612 612 613 614 615 589 590 591 592 616 617 617 618
594 619 619 620 621 597 622 622 623 599 624 624 625 626 626 602 603 627 628 629 629 630 631 632 632 633 633 634 635 635 636 637 637 638 639 640 640 641 642 613 614 643 644 644 645 646 616 647 647 648
649 649 650 620 621 651 652 653 653 654 655 655 625 656 657 658 658 627 628 659 660 660 631 661 662 662 663 663 664 665 665 666 666 638 639 667 667 641 642 668 669 643 670 670 645 646 671 672 673 648
674 674 650 675 675 676 652 677 678 679 679 680 680 656 657 681 682 683 684 684 685 685 686 686 687 687 688 689 690 690 691 691 692 693 694 695 695 696 696 668 697 698 698 699 700 700 671 672 673 701
702 702 703 704 704 676 705 677 678 706 707 707 708 708 709 709 682 683 710 710 711 712 712 713 713 714 688 689 715 715 716 716 692 717 694 718 718 719 720 720 697 721 722 723 723 724 724 725 725 701
726 727 703 728 729 729 705 730 730 706 731 732 733 733 734 735 735 736 736 737 738 739 740 741 741 714 742 742 743 744 744 745 746 717 747 747 748 719 749 750 751 721 722 752 752 753 754 755 756 756
726 727 757 758 759 759 760 760 761 762 731 763 764 764 734 765 766 766 767 737 738 739 740 768 768 769 769 770 770 771 772 745 746 773 774 775 776 777 777 750 751 778 778 779 780 780 754 755 781 781
782 783 783 758 784 785 785 786 761 762 787 763 788 789 790 791 791 792 792 793 793 794 795 795 796 796 797 798 799 771 800 800 801 773 802 775 776 803 803 804 805 805 806 806 807 808 808 809 809 810
782 811 811 812 784 813 813 786 814 814 815 816 816 789 817 817 818 818 819 820 821 794 822 822 823 824 797 798 799 825 826 827 801 828 802 829 829 830 831 832 833 834 834 835 807 836 836 837 837 810
838 839 839 812 840 841 842 843 844 844 815 845 845 846 847 848 849 849 819 850 821 851 852 852 823 824 853 854 855 825 826 856 857 828 858 859 860 830 831 832 833 861 862 862 863 864 865 865 866 866
838 867 868 868 840 841 842 869 869 870 870 871 871 846 847 872 873 873 874 850 875 851 876 877 878 879 853 854 855 880 880 856 857 881 882 859 883 883 884 885 885 886 887 888 888 864 889 890 891 891
892 893 893 894 895 896 896 897 898 898 899 900 901 901 902 872 903 903 904 905 875 906 906 877 878 879 907 907 908 909 909 910 911 881 882 912 912 913 913 914 914 886 915 916 917 918 889 919 919 920
921 921 922 894 895 923 923 897 924 925 899 900 926 927 902 928 929 929 904 930 931 932 932 933 934 934 935 935 908 936 936 910 911 937 938 938 939 939 940 941 941 942 915 916 917 943 943 944 944 920
945 945 922 946 947 947 948 948 924 925 949 949 926 950 950 928 951 951 952 930 953 953 954 933 955 956 957 957 958 959 959 960 961 962 962 963 964 964 940 965 965 942 966 966 967 968 968 969 969 970
971 971 972 973 974 975 975 976 977 977 978 978 979 979 980 980 981 981 982 982 983 983 954 984 955 956 985 985 958 986 986 960 961 987 988 963 989 989 990 991 991 992 992 993 993 994 995 996 997 997
998 999 999 973 974 1000 1000 976 1001 1001 1002 1003 1003 1004 1004 1005 1005 1006 1007 1007 1008 1009 1010 1010 1011 1011 1012 1012 1013 1014 1014 1015 1015 987 988 1016 1017 1017 990 1018 1019 1020 1020 1021 1021 1022 995 996 1023 1023
998 1024 1024 1025 1025 1026 1026 1027 1027 1028 1002 1029 1030 1030 1031 1031 1032 1033 1033 1034 1008 1035 1035 1036 1036 1037 1037 1038 1013 1039 1040 1040 1041 1041 1042 1016 1043 1044 1044 1018 1045 1046 1047 1048 1049 1022 1050 1051 1051 1052
1053 1053 1054 1055 1056 1056 1057 1058 1059 1060 1060 1029 1061 1062 1063 1064 1032 1065 1065 1066 1066 1067 1068 1068 1069 1069 1070 1070 1071 1039 1072 1073 1073 1074 1042 1075 1043 1076 1077 1078 1045 1046 1079 1048 1049 1080 1050 1081 1081 1052
1082 1083 1084 1055 1085 1086 1057 1058 1087 1087 1088 1089 1061 1062 1063 1064 1090 1090 1091 1092 1092 1067 1093 1094 1095 1096 1097 1098 1071 1099 1100 1100 1101 1101 1102 1103 1103 1076 1077 1104 1105 1105 1079 1106 1107 1080 1108 1108 1109 1110
1082 1083 1084 1111 1085 1086 1112 1112 1113 1113 1088 1114 1114 1115 1116 1116 1117 1117 1091 1118 1119 1120 1120 1094 1095 1096 1097 1098 1121 1122 1123 1124 1124 1125 1126 1127 1128 1129 1129 1104 1130 1131 1131 1106 1107 1132 1133 1133 1134 1110
1135 1136 1136 1111 1137 1138 1139 1140 1141 1141 1142 1143 1143 1115 1144 1145 1146 1146 1147 1118 1119 1148 1149 1150 1150 1151 1152 1152 1153 1122 1123 1154 1154 1125 1126 1127 1155 1156 1157 1157 1158 1158 1159 1159 1160 1161 1162 1162 1134 1163
1135 1164 1165 1166 1166 1138 1167 1140 1168 1169 1169 1170 1170 1171 1144 1145 1172 1173 1174 1174 1175 1175 1149 1176 1176 1151 1177 1177 1153 1178 1179 1180 1180 1181 1182 1183 1155 1156 1184 1185 1185 1186 1187 1188 1160 1161 1189 1190 1190 1163
1191 1164 1192 1192 1193 1193 1167 1194 1168 1195 1196 1197 1198 1199 1200 1201 1201 1173 1202 1203 1204 1204 1205 1206 1207 1208 1208 1209 1209 1210 1179 1211 1212 1181 1182 1183 1213 1213 1184 1214 1214 1186 1187 1188 1215 1216 1189 1217 1217 1218
1191 1219 1219 1220 1220 1221 1221 1222 1223 1223 1196 1197 1198 1199 1200 1224 1225 1226 1226 1203 1227 1227 1205 1206 1207 1228 1228 1229 1230 1210 1231 1211 1212 1232 1233 1234 1235 1235 1236 1237 1238 1238 1239 1239 1215 1216 1240 1240 1241 1218
1242 1242 1243 1244 1244 1245 1245 1222 1246 1247 1247 1248 1248 1249 1249 1224 1225 1250 1251 1251 1252 1253 1254 1254 1255 1256 1256 1229 1230 1257 1258 1258 1259 1259 1233 1234 1260 1260 1236 1237 1261 1261 1262 1263 1264 1264 1265 1265 1266 1266
1267 1267 1268 1269 1270 1270 1271 1271 1272 1272 1273 1274 1274 1275 1276 1277 1278 1250 1279 1279 1252 1253 1280 1280 1255 1281 1282 1282 1283 1257 1284 1284 1285 1285 1286 1286 1287 1288 1288 1289 1290 1290 1262 1263 1291 1292 1293 1294 1295 1296
1297 1298 1268 1269 1299 1299 1300 1301 1302 1303 1304 1305 1305 1275 1276 1277 1278 1306 1307 1307 1308 1309 1310 1311 1312 1312 1313 1313 1314 1314 1315 1315 1316 1317 1318 1319 1287 1320 1321 1289 1322 1322 1323 1323 1291 1292 1293 1294 1295 1296
1297 1298 1324 1325 1325 1326 1300 1301 1302 1303 1304 1327 1327 1328 1328 1329 1329 1306 1330 1330 1308 1309 1310 1311 1331 1332 1332 1333 1333 1334 1334 1335 1335 1317 1318 1319 1336 1320 1337 1337 1338 1339 1339 1340 1340 1341 1341 1342 1343 1343
42 82 80 46 5 48 37 37 45 63 29 14 52 62 23 94 73 5 42 35 88 85 18 40 51 68 56 72 69 26 61 94 36 9 5 49 74 24 14 97 27 42 77 31 40 98 61 46 50 60
78 44 92 65 28 64 54 46 46 83 96 47 64 13 68 21 45 60 87 0 53 43 29 48 94 61 2 57 74 47 1 92 73 79 41 47 74 37 87 34 91 36 93 89 21 88 68 81 83 70
84 41 57 2 40 0 21 74 17 26 51 7 12 53 21 39 70 88 14 5 52 5 69 16 16 98 77 26 43 66 69 97 32 74 9 23 51 77 74 48 7 94 6 63 60 96 58 27 13 93
38 34 14 87 38 50 52 33 40 56 34 75 99 47 27 37 41 28 20 48 78 7 27 81 9 27 68 45 72 4 21 12 2 47 78 56 7 87 38 74 37 79 31 8 65 12 54 59 61 85
29 32 65 5 69 41 83 37 72 66 38 41 41 40 85 23 55 45 9 18 23 85 18 94 69 73 69 4 36 15 10 53 29 72 73 37 7 94 38 41 13 96 63 86 26 26 25 29 35 71
7 28 18 35 1 0 95 38 15 49 37 99 25 36 36 44 29 25 69 48 22 13 31 82 63 62 97 44 96 26 60 95 17 90 45 7 74 93 72 88 70 23 21 38 20 73 70 90 29 13
59 60 16 81 46 71 4 12 27 44 50 9 3 20 88 90 71 90 0 42 69 76 79 15 62 34 86 45 9 60 89 98 83 61 1 17 63 0 98 52 54 86 14 13 94 85 99 76 79 63
14 95 49 54 22 44 17 77 22 26 81 88 73 5 1 75 13 65 25 8 61 7 50 2 40 53 18 29 19 84 20 39 7 8 29 32 51 8 95 26 17 99 85 20 41 91 78 48 95 3
48 69 0 17 51 47 26 48 91 92 36 42 53 57 87 83 85 51 36 11 12 67 31 27 35 29 27 85 93 32 50 50 95 60 44 81 63 91 18 13 3 60 40 63 39 95 44 70 2 16
86 93 79 58 14 93 66 75 7 76 26 77 22 59 11 38 55 48 54 53 39 77 26 67 56 30 48 81 64 82 92 88 52 60 6 78 84 18 59 73 25 43 69 98 29 39 42 45 56 99
55 67 51 37 52 81 95 93 89 17 76 70 65 50 18 3 56 34 16 2 40 34 77 92 82 93 15 77 89 17 85 44 60 36 83 47 24 98 89 28 46 83 77 49 37 31 73 89 69 90
73 52 45 37 72 28 30 41 51 63 93 74 58 13 25 12 20 34 64 16 74 25 57 11 48 63 67 52 88 40 60 11 68 74 76 7 68 7 68 65 92 48 57 97 11 88 50 60 50 39
12 57 76 48 11 79 20 88 40 21 65 82 24 17 94 20 21 47 0 43 81 41 24 49 58 13 4 37 29 9 58 47 17 95 98 42 20 41 29 42 74 92 77 93 4 1 6 45 17 9
5 49 49 37 21 62 22 68 41 15 12 85 34 22 85 55 13 71 97 70 55 70 52 53 24 55 7 89 82 62 29 81 1 57 18 57 40 75 6 13 0 78 36 83 84 17 81 66 37 4
61 65 73 20 72 23 57 24 57 76 51 22 38 93 82 14 58 67 80 41 46 52 74 74 90 74 91 64 19 34 8 29 11 36 39 72 90 97 14 82 21 49 61 69 10 41 57 26 67 85
84 51 67 12 2 3 33 53 68 99 57 37 64 14 56 41 94 21 34 88 2 24 95 26 99 45 64 67 72 56 15 49 3 61 88 14 91 67 7 51 31 4 84 94 48 58 8 27 54 69
77 2 0 9 78 4 72 54 79 7 11 44 2 51 14 32 5 8 22 37 39 46 84 39 33 60 26 9 67 72 14 53 49 54 67 43 14 22 40 45 24 72 53 16 86 43 52 78 17 52
8 97 16 92 18 84 20 35 99 61 89 49 67 87 78 97 12 3 63 81 65 2 71 10 62 3 84 71 33 32 87 37 94 26 11 19 94 38 81 97 86 81 78 53 90 19 4 57 8 42
47 28 54 2 42 32 29 32 93 61 22 66 12 37 25 29 25 42 72 99 91 64 60 86 9 52 70 2 38 9 86 36 14 99 83 12 50 87 68 7 58 21 71 2 77 84 69 88 87 96
90 86 60 74 10 43 56 52 82 64 72 71 39 77 67 70 29 87 42 34 57 27 56 43 15 34 74 71 2 15 60 0 80 11 15 51 20 98 86 35 54 64 62 69 53 73 70 16 96 43
81 74 92 8 5 51 34 46 26 52 81 92 9 55 90 10 59 91 99 55 61 64 4 19 5 81 44 4 86 34 95 97 49 3 70 74 1 8 14 16 78 75 10 16 59 73 38 77 18 58
76 32 3 40 77 58 0 77 74 79 1 36 6 87 37 33 8 88 16 76 28 25 18 59 22 48 74 58 69 98 71 46 63 97 53 17 58 47 83 20 39 39 31 33 42 66 36 39 4 72
98 6 67 47 21 60 61 99 35 4 0 20 13 22 45 99 95 73 75 64 22 77 89 69 74 32 38 47 36 0 62 93 76 16 14 22 18 64 69 19 30 65 30 5 97 1 34 94 81 82
0 48 95 72 18 37 32 17 55 63 67 71 17 56 64 14 37 90 61 16 10 44 90 6 38 4 68 47 17 39 52 56 19 84 69 98 52 94 91 31 25 73 54 17 70 78 90 43 89 79
64 53 72 33 44 97 87 7 5 82 67 71 81 8 69 44 20 6 13 3 48 29 49 35 82 99 26 74 13 49 39 82 79 65 28 62 41 76 5 20 82 49 46 84 74 73 3 39 33 91
25 79 13 0 44 10 15 62 76 51 89 49 87 92 2 68 24 57 77 6 44 49 54 7 30 28 88 31 49 4 41 13 91 51 75 85 50 40 33 84 42 62 40 41 20 51 89 12 91 3
82 82 9 41 87 24 3 75 46 32 90 66 5 44 32 83 79 7 56 93 90 65 91 43 86 39 1 13 10 2 39 31 87 48 28 26 17 10 19 68 79 6 17 86 86 26 69 44 66 76
81 57 29 30 64 62 70 74 73 13 20 87 96 70 17 83 33 17 50 29 20 9 73 99 10 50 94 39 33 55 55 88 19 40 70 50 88 94 92 39 38 81 13 79 43 97 73 32 55 67
30 73 15 28 8 6 78 31 81 20 24 26 65 99 12 75 17 2 89 20 90 18 27 10 12 80 98 84 14 24 29 29 26 2 25 37 73 55 79 56 48 19 1 54 22 68 87 33 59 74
13 36 97 31 76 84 74 48 17 76 71 82 32 1 5 43 11 4 97 5 66 76 66 25 67 32 45 83 70 62 5 69 98 53 73 11 31 96 14 54 21 38 42 32 79 39 93 56 88 71
48 77 88 45 94 73 20 64 98 43 36 19 79 9 2 84 77 23 96 20 99 90 23 1 71 52 85 67 84 72 57 24 67 49 18 81 47 30 85 16 17 57 72 9 3 9 29 42 61 70
48 26 88 45 69 21 65 95 96 61 3 60 72 88 79 91 7 48 97 84 1 78 75 57 12 88 94 78 66 59 21 62 46 80 38 86 91 75 58 9 57 22 39 53 10 0 76 64 91 41
15 18 32 10 89 93 18 85 90 89 56 82 95 55 95 73 45 44 72 0 71 46 11 20 21 16 46 87 23 51 36 0 25 7 70 83 68 38 81 51 88 22 4 6 28 82 34 71 79 4
47 75 84 71 13 85 64 59 74 68 98 39 58 32 79 87 6 70 57 88 21 3 64 86 67 35 92 76 97 58 79 77 19 27 23 77 93 10 65 51 20 91 86 94 30 10 66 1 40 69
96 99 26 22 54 97 45 7 53 42 29 27 29 71 28 2 62 14 11 63 96 41 0 86 11 47 24 42 95 40 92 22 75 17 91 69 86 90 97 40 18 32 95 25 25 88 75 13 18 69
16 45 91 92 38 22 32 98 8 96 4 34 44 64 54 18 43 84 85 55 8 93 3 63 82 87 78 14 55 94 62 6 68 96 81 74 11 57 22 84 47 34 37 37 83 33 12 6 46 98
94 34 35 19 82 45 61 56 31 35 20 11 22 90 79 39 81 66 61 24 54 42 84 79 88 7 61 47 65 64 9 29 29 25 20 70 86 21 78 13 8 89 7 95 1 8 15 90 30 91
98 85 91 12 5 94 45 72 96 86 80 85 70 93 35 20 81 98 31 28 25 87 41 90 84 11 20 26 68 43 26 75 95 10 2 19 84 44 8 4 98 66 3 95 6 78 44 46 35 10
45 96 35 30 22 26 73 71 34 46 86 41 59 81 61 18 59 24 32 15 98 51 87 23 91 1 78 97 35 31 50 84 21 13 46 73 30 93 49 82 72 23 16 29 32 34 9 1 13 30
37 91 83 12 68 40 30 76 46 77 24 96 80 23 20 32 66 25 59 74 73 80 61 48 93 46 65 57 68 16 6 17 66 14 48 70 50 79 24 13 67 11 52 64 19 5 58 11 25 52
46 54 25 66 2 15 4 89 40 57 6 61 18 63 92 49 90 28 82 62 66 51 30 44 18 30 48 82 29 55 37 42 55 52 18 98 92 61 92 48 1 36 90 74 23 88 92 62 66 40
22 44 10 42 86 18 3 96 98 84 17 34 35 51 7 84 58 59 86 59 48 46 21 0 36 96 51 46 75 11 88 44 35 47 98 18 36 44 46 29 17 67 74 36 80 88 32 71 49 55
78 18 86 37 11 55 65 75 77 94 18 10 62 95 51 43 84 74 74 52 8 36 62 82 28 99 39 15 33 61 78 61 55 45 42 60 65 87 12 41 98 96 32 62 69 93 90 35 58 45
20 35 47 84 13 21 81 26 98 65 40 60 58 37 21 27 18 99 36 76 43 53 2 95 59 10 73 43 49 80 16 33 35 95 41 53 49 48 34 98 24 73 40 66 57 71 7 98 6 8
99 24 16 45 73 49 11 67 25 37 11 23 80 70 88 50 39 54 77 88 11 55 90 13 47 56 77 99 17 22 62 66 17 96 85 2 3 42 33 62 12 5 1 97 34 26 60 74 14 28
54 65 16 91 15 34 3 92 74 3 18 19 96 90 0 83 42 68 43 40 71 3 42 22 32 31 96 33 3 73 6 29 1 39 68 89 65 84 30 43 20 13 61 19 44 48 32 84 89 87
39 20 50 99 94 15 50 60 64 34 47 16 94 53 98 50 14 45 60 74 64 70 81 70 32 63 75 27 72 92 11 67 29 23 47 96 12 10 16 56 94 0 33 84 32 5 76 25 10 64
88 46 31 69 53 18 17 84 24 48 14 72 0 28 14 54 37 64 76 97 43 44 38 25 83 70 79 22 21 17 94 68 72 58 42 97 81 93 52 47 71 13 16 12 90 69 55 30 88 17
87 92 9 89 36 86 74 53 67 0 76 42 80 12 34 61 87 28 75 87 23 3 82 99 74 28 4 38 61 34 81 15 28 11 84 97 49 14 31 71 7 79 96 97 90 25 4 77 84 90
38 47 22 45 47 76 17 62 99 95 22 80 99 79 26 94 68 5 47 44 95 99 3 24 33 36 60 59 46 49 92 49 68 54 99 66 39 70 39 86 4 45 23 13 39 34 0 14 68 15
