4 23
0 0 1 2 2 3 3 4 4 5 5 6 7 8 9 10 11 12 12 13 14 14 15 15 16 16 17 17 18 18 19 20 21 21 22 22 23 23 24 24 25 25 26 26 27 28 28 29 29 30
31 32 32 33 34 35 35 36 37 38 39 40 7 8 9 10 11 41 41 13 42 43 44 45 46 47 47 48 48 49 19 20 50 51 51 52 52 53 54 54 55 55 56 56 27 57 57 58 58 59
31 60 60 33 34 61 61 36 37 38 39 40 62 62 63 63 64 64 65 65 42 43 44 66 46 67 68 69 70 49 71 71 50 72 73 73 74 53 75 76 77 77 78 78 79 80 80 81 81 59
82 82 83 83 84 85 86 87 88 88 89 90 91 92 93 93 94 94 95 96 97 98 99 66 100 101 68 69 70 102 103 104 105 106 107 107 74 108 75 109 109 110 110 111 79 112 112 113 114 115
116 117 117 118 119 85 86 120 120 121 121 90 91 92 122 122 123 123 95 124 97 98 99 125 100 101 126 126 127 102 103 104 105 106 128 128 129 129 130 131 131 132 132 133 133 134 135 135 114 136
116 137 138 118 119 139 140 141 141 142 143 143 144 145 145 146 147 148 148 124 149 150 151 151 152 153 153 154 155 156 156 157 157 158 159 159 160 161 130 162 162 163 163 164 165 134 166 166 167 136
168 137 138 169 170 139 140 171 172 173 173 174 174 175 176 146 147 177 177 178 178 150 179 180 152 181 181 154 155 182 182 183 184 184 185 185 160 161 186 186 187 188 189 164 165 190 191 191 167 192
168 193 193 169 170 194 195 171 196 196 197 198 198 175 176 199 200 201 202 202 203 204 179 180 205 205 206 206 207 207 208 209 209 210 210 211 212 213 213 214 187 188 189 215 216 217 218 219 220 220
221 222 222 223 223 194 195 224 225 225 197 226 226 227 228 199 200 201 229 230 203 204 231 232 233 234 235 236 237 237 238 238 239 239 240 240 212 241 242 242 243 244 244 215 216 217 218 245 245 246
221 247 247 248 249 249 250 250 251 252 253 254 255 227 256 256 257 257 258 230 259 260 260 232 233 234 235 261 261 262 263 263 264 264 265 266 266 241 267 268 268 269 270 270 271 271 272 272 273 274
275 276 277 248 278 279 280 280 251 252 253 254 255 281 281 282 283 283 258 284 284 285 285 286 287 287 288 288 289 262 290 290 291 291 292 292 293 294 294 295 296 269 297 298 298 299 300 300 273 274
275 276 277 301 278 302 302 303 303 304 304 305 305 306 306 307 308 308 309 309 310 310 311 312 313 313 314 314 315 316 316 317 318 319 320 321 321 322 323 295 296 324 297 325 326 326 327 327 328 328
329 329 330 301 331 331 332 332 333 334 335 335 336 337 337 307 338 339 339 340 341 342 311 312 343 343 344 344 315 345 345 317 318 319 346 346 347 348 323 349 349 324 350 350 351 351 352 352 353 353
354 355 330 356 357 358 359 359 333 334 360 360 336 361 362 363 363 364 364 340 341 342 365 366 366 367 368 369 369 370 371 371 372 373 374 374 347 348 375 376 376 377 377 378 378 379 379 380 381 381
382 355 383 384 357 358 385 385 386 386 387 388 388 361 362 389 389 390 390 391 392 393 394 395 396 397 368 398 398 370 399 400 401 373 402 402 403 404 375 405 406 407 408 409 409 410 411 411 412 412
382 413 413 384 414 414 415 415 416 416 387 417 417 418 418 419 420 420 421 421 392 393 394 395 396 397 422 422 423 424 399 400 401 425 426 426 403 404 427 405 428 407 408 429 430 410 431 432 433 434
435 435 436 437 437 438 439 440 441 442 443 443 444 445 445 419 446 447 448 449 450 451 451 452 452 453 453 454 454 424 455 456 457 457 458 459 459 460 427 461 428 462 463 464 430 465 465 432 433 466
467 468 436 469 469 438 439 440 441 442 470 470 471 472 473 473 474 447 448 449 450 475 476 476 477 477 478 478 479 479 455 456 480 481 458 482 483 460 484 461 485 485 463 464 486 487 487 488 488 466
467 468 489 489 490 491 491 492 493 493 494 494 471 472 495 496 474 497 498 499 500 475 501 501 502 502 503 503 504 505 506 506 507 481 508 482 483 509 484 510 511 512 513 513 486 514 514 515 516 516
517 517 518 519 520 520 521 492 522 523 524 524 525 525 495 496 526 497 498 499 500 527 528 529 529 530 530 531 504 505 532 533 507 534 508 535 535 509 536 510 511 512 537 538 539 540 540 515 541 541
542 542 518 519 543 544 521 545 522 523 546 547 547 548 548 549 526 550 551 551 552 527 528 553 554 555 556 531 557 557 532 558 558 534 559 559 560 560 536 561 562 563 537 538 539 564 564 565 565 566
567 568 568 569 543 544 570 545 571 571 546 572 572 573 573 574 574 575 576 576 552 577 577 553 554 555 556 578 579 580 580 581 582 582 583 583 584 585 586 586 562 563 587 587 588 589 590 590 591 591
592 593 593 569 594 594 570 595 595 596 597 597 598 598 599 599 600 575 601 602 603 603 604 605 606 607 607 578 579 608 609 610 610 611 612 612 584 613 613 614 614 615 616 616 588 589 617 617 618 618
592 619 619 620 621 621 622 623 623 596 624 624 625 625 626 627 628 629 601 602 630 630 604 605 606 631 632 632 633 608 634 634 635 611 636 636 637 638 639 640 640 641 641 642 642 643 643 644 645 646
647 647 648 648 649 649 622 650 650 651 651 652 652 653 626 627 628 629 654 654 655 655 656 656 657 631 658 658 633 659 659 660 635 661 661 662 637 638 639 663 663 664 665 665 666 667 667 644 645 646
668 669 670 671 671 672 673 673 674 675 676 677 677 653 678 679 680 680 681 682 682 683 683 684 685 686 687 687 688 688 689 660 690 690 691 692 692 693 693 694 694 695 695 696 697 698 699 699 700 700
668 669 701 702 702 703 703 704 704 675 676 705 706 707 678 679 708 709 710 711 711 712 713 684 685 686 714 715 715 716 716 717 718 718 691 719 720 721 722 723 723 724 724 696 697 698 725 725 726 727
728 729 701 730 730 731 731 732 733 734 735 705 736 707 737 737 708 709 710 738 738 712 713 739 739 740 714 741 742 743 744 744 745 745 746 747 720 721 722 748 748 749 749 750 750 751 752 752 726 727
753 729 754 755 756 757 757 732 733 734 735 758 736 759 759 760 760 761 761 762 763 763 764 764 765 765 766 741 742 743 767 767 768 768 746 747 769 770 771 771 772 773 774 774 775 751 776 777 777 778
753 779 779 755 756 780 780 781 781 782 782 783 783 784 785 786 786 787 787 762 788 789 789 790 790 791 766 792 793 793 794 794 795 796 797 798 799 770 800 800 772 773 801 802 803 803 776 804 805 806
807 808 808 809 809 810 810 811 811 812 812 813 814 815 785 816 817 817 818 819 788 820 821 822 823 823 824 825 825 826 826 827 795 796 797 798 799 828 828 829 830 831 801 832 832 833 833 804 805 806
807 834 835 836 836 837 838 839 839 840 840 813 814 815 841 816 842 843 843 819 844 820 821 845 845 846 847 847 848 849 850 827 851 851 852 853 854 854 855 829 830 856 856 857 858 858 859 859 860 861
862 834 863 864 864 837 865 865 866 867 867 868 868 869 870 870 871 871 872 873 844 874 874 875 875 846 876 876 877 849 850 878 879 880 880 853 881 882 882 883 884 884 885 857 886 887 888 889 860 861
890 891 863 892 893 894 895 896 897 898 899 899 900 901 901 902 903 904 872 873 905 905 906 907 908 908 909 909 877 910 911 878 879 912 912 913 913 914 915 915 916 916 885 917 886 887 888 918 918 919
890 891 920 892 893 894 895 921 897 922 922 923 924 924 925 902 903 904 926 927 927 928 906 929 930 930 931 931 932 910 911 933 934 934 935 935 936 937 938 938 939 940 940 917 941 942 943 944 945 919
946 946 920 947 947 948 948 921 949 950 951 951 952 952 953 954 954 955 926 956 956 928 957 929 958 959 959 960 960 961 962 963 964 964 965 966 967 937 968 969 939 970 970 971 972 942 943 944 945 973
974 974 975 976 976 977 977 978 949 950 979 979 980 980 953 981 981 955 982 982 983 984 985 986 986 987 987 988 989 961 962 963 990 991 965 966 967 992 992 969 993 994 994 971 972 995 996 996 997 997
998 998 975 999 999 1000 1001 978 1002 1002 1003 1003 1004 1005 1006 1007 1007 1008 1009 1009 983 984 985 1010 1011 1011 1012 1012 989 1013 1013 1014 1015 991 1016 1016 1017 1017 1018 1018 993 1019 1020 1020 1021 995 1022 1022 1023 1023
1024 1025 1025 1026 1027 1027 1001 1028 1028 1029 1029 1030 1004 1005 1031 1032 1032 1033 1034 1035 1036 1037 1038 1010 1039 1039 1040 1041 1041 1042 1042 1014 1015 1043 1044 1044 1045 1045 1046 1047 1047 1019 1048 1049 1021 1050 1051 1051 1052 1052
1024 1053 1053 1026 1054 1055 1055 1056 1056 1057 1057 1058 1058 1059 1031 1060 1061 1033 1034 1035 1036 1037 1038 1062 1063 1063 1040 1064 1064 1065 1066 1067 1067 1043 1068 1069 1070 1071 1046 1072 1073 1074 1074 1049 1075 1076 1077 1078 1078 1079
1080 1080 1081 1081 1054 1082 1082 1083 1084 1085 1086 1087 1087 1088 1089 1089 1061 1090 1091 1092 1093 1094 1095 1062 1096 1097 1098 1098 1099 1065 1066 1100 1100 1101 1068 1069 1070 1071 1102 1102 1073 1103 1104 1105 1075 1076 1077 1106 1107 1107
1108 1108 1109 1110 1111 1111 1112 1083 1084 1085 1086 1113 1114 1088 1115 1115 1116 1116 1091 1092 1117 1094 1118 1118 1096 1119 1120 1120 1121 1121 1122 1123 1123 1101 1124 1124 1125 1125 1126 1127 1127 1128 1104 1105 1129 1129 1130 1106 1131 1131
1132 1133 1109 1134 1134 1135 1135 1136 1137 1138 1139 1113 1114 1140 1140 1141 1141 1142 1142 1143 1117 1144 1145 1145 1146 1119 1147 1148 1148 1149 1122 1150 1150 1151 1152 1153 1154 1155 1156 1156 1157 1128 1158 1159 1160 1160 1130 1161 1161 1162
1132 1163 1164 1165 1165 1166 1167 1168 1137 1138 1139 1169 1170 1171 1171 1172 1172 1173 1174 1143 1175 1144 1176 1176 1146 1177 1147 1178 1178 1149 1179 1180 1180 1151 1152 1153 1154 1181 1181 1182 1183 1184 1158 1159 1185 1185 1186 1187 1187 1162
1188 1163 1164 1189 1189 1166 1167 1168 1190 1191 1191 1169 1170 1192 1192 1193 1193 1173 1174 1194 1194 1195 1196 1196 1197 1177 1198 1199 1200 1200 1179 1201 1201 1202 1203 1203 1204 1204 1205 1182 1183 1184 1206 1207 1208 1209 1210 1210 1211 1211
1188 1212 1212 1213 1214 1215 1216 1217 1218 1218 1219 1220 1220 1221 1221 1222 1223 1223 1224 1224 1225 1195 1226 1226 1197 1227 1198 1199 1228 1229 1230 1231 1231 1232 1232 1233 1233 1234 1235 1236 1237 1237 1206 1207 1208 1209 1238 1239 1239 1240
1241 1241 1242 1242 1214 1243 1216 1244 1244 1245 1219 1246 1247 1248 1249 1249 1250 1250 1251 1252 1253 1254 1255 1256 1257 1227 1258 1258 1228 1229 1259 1260 1260 1261 1262 1263 1263 1234 1235 1264 1265 1265 1266 1266 1267 1268 1238 1269 1269 1270
1271 1272 1273 1274 1274 1243 1275 1275 1276 1277 1277 1246 1247 1248 1278 1279 1279 1280 1251 1252 1253 1254 1255 1256 1281 1282 1283 1284 1285 1285 1259 1286 1286 1261 1262 1287 1287 1288 1288 1264 1289 1290 1291 1291 1267 1268 1292 1292 1293 1270
1294 1272 1273 1295 1296 1297 1298 1299 1299 1300 1300 1301 1301 1302 1278 1303 1303 1280 1304 1304 1305 1305 1306 1306 1281 1282 1283 1284 1307 1307 1308 1309 1310 1311 1311 1312 1313 1313 1314 1314 1289 1290 1315 1316 1317 1317 1318 1319 1320 1320
1294 1321 1321 1295 1296 1297 1298 1322 1322 1323 1323 1324 1325 1325 1326 1326 1327 1327 1328 1328 1329 1329 1330 1330 1331 1331 1332 1333 1333 1334 1334 1309 1310 1335 1335 1336 1336 1337 1337 1338 1338 1339 1339 1316 1340 1340 1318 1319 1341 1341
61 96 16 78 76 61 33 19 17 89 60 4 84 66 2 31 70 53 47 69 73 20 60 3 40 87 37 33 5 23 79 63 85 49 44 12 49 34 41 57 51 20 43 55 58 51 40 50 88 9
52 66 16 4 20 95 0 91 26 93 32 9 2 71 12 33 40 55 76 7 8 71 24 41 83 12 0 48 48 90 21 96 85 53 36 44 28 20 23 44 18 79 81 59 74 10 51 18 3 99
27 17 76 10 30 26 65 35 65 9 55 44 53 50 54 46 88 9 8 75 49 26 27 93 5 58 9 80 87 40 71 1 23 81 63 24 54 96 40 20 10 20 35 92 43 32 42 79 63 60
26 38 43 69 36 15 74 63 99 51 29 63 98 46 20 92 52 34 23 1 24 13 84 63 90 25 61 39 49 17 63 9 36 67 86 90 65 98 53 9 12 62 22 41 29 77 36 41 83 12
75 50 91 54 24 2 62 18 25 83 76 90 24 5 17 52 72 86 37 30 10 7 46 3 74 15 66 45 54 27 84 8 54 41 98 15 58 32 67 20 15 90 17 59 59 36 17 9 71 48
16 2 88 74 34 1 18 31 47 28 34 11 13 83 27 4 91 57 63 75 20 42 94 84 60 78 91 39 7 46 82 91 33 72 38 99 38 57 22 42 52 36 79 58 13 34 44 26 84 41
92 11 56 50 72 5 72 71 57 32 18 14 19 57 8 27 60 69 20 57 27 23 14 10 58 95 19 57 57 97 34 11 92 59 13 77 93 90 11 29 79 31 38 92 56 6 98 29 50 96
58 95 58 97 50 48 78 10 13 14 50 16 27 22 57 63 80 33 59 90 92 89 98 78 51 90 57 51 43 16 27 3 56 44 93 75 78 38 51 1 60 30 61 42 61 73 72 41 6 87
5 64 37 51 38 23 69 85 74 44 3 0 30 73 28 14 57 41 0 56 76 21 37 86 65 42 50 57 22 17 35 61 64 88 85 1 62 38 5 41 54 79 12 16 92 81 7 72 67 15
12 12 56 89 40 54 61 40 20 16 29 76 29 91 79 0 33 30 54 13 38 81 29 92 19 67 31 87 27 77 2 18 83 81 94 32 72 35 68 35 23 86 92 84 81 20 63 69 39 32
81 91 67 75 32 75 78 39 51 41 39 70 18 7 83 89 92 7 15 27 33 54 69 27 0 29 95 70 95 96 54 12 62 42 13 81 7 75 50 11 4 94 68 31 81 11 66 40 13 75
2 98 56 36 88 55 85 73 13 46 14 98 55 74 27 95 69 72 54 75 67 88 44 53 67 81 95 82 25 78 92 24 43 66 30 78 31 39 74 47 54 96 44 41 22 67 74 67 83 54
57 45 70 21 34 75 7 35 94 28 76 5 69 69 2 28 1 48 76 73 58 43 20 96 85 65 29 44 29 61 36 72 21 17 76 66 57 6 82 77 66 59 39 62 12 83 47 76 4 63
72 51 8 61 6 42 90 70 32 9 17 28 6 63 35 42 73 87 11 9 82 48 14 80 20 22 6 43 7 55 16 1 7 33 10 41 86 92 33 18 23 99 89 18 4 88 83 8 57 82
77 8 58 3 5 44 45 47 3 64 76 90 97 34 9 49 81 0 80 46 63 40 89 87 82 37 57 50 62 46 19 24 49 2 79 17 31 66 50 69 91 73 19 22 79 84 35 82 26 37
1 2 72 61 78 56 49 99 44 44 59 59 76 5 37 84 36 3 97 94 11 97 89 79 20 17 70 17 23 60 54 48 90 97 18 43 63 26 58 68 89 53 78 38 40 44 77 75 28 4
55 1 77 0 28 20 79 74 71 3 4 59 16 47 52 52 45 50 46 4 69 91 25 55 59 92 52 87 28 47 37 74 65 53 57 76 89 20 93 10 53 28 79 60 44 58 5 86 53 86
44 61 14 10 7 91 42 80 67 74 63 68 15 8 45 2 60 12 78 91 68 69 2 96 92 84 85 5 33 81 45 71 5 55 48 66 38 31 29 19 90 93 64 92 9 65 29 6 9 45
10 15 95 16 44 62 36 85 65 66 72 46 76 2 2 39 17 31 42 33 82 13 82 66 35 72 11 52 22 40 26 77 60 30 88 49 13 89 40 41 50 86 72 97 85 10 74 43 97 85
93 92 57 47 86 79 58 52 94 42 15 95 74 53 79 14 49 3 11 39 36 79 75 91 53 40 42 76 99 31 96 58 30 57 27 78 44 68 17 75 2 71 52 28 55 77 3 95 87 21
41 43 30 52 65 75 13 50 30 34 99 83 1 31 68 34 49 15 61 63 46 51 55 61 39 39 24 50 19 8 95 93 96 91 15 8 14 48 92 58 76 7 68 71 29 71 49 19 0 4
24 8 90 28 97 69 20 61 62 45 81 18 9 99 15 20 21 64 87 59 17 18 85 29 17 36 75 49 14 43 42 64 71 4 32 3 10 44 75 37 85 89 97 78 87 76 9 53 37 89
24 16 2 52 96 27 37 18 79 99 65 94 30 21 66 27 5 8 90 4 53 7 67 86 53 76 80 20 45 2 43 90 27 64 47 54 20 14 98 94 57 96 64 21 41 71 42 66 39 7
44 13 32 59 1 83 36 32 5 55 79 34 58 5 67 70 74 65 90 75 78 96 72 12 68 29 51 35 81 43 32 98 15 4 87 35 41 8 58 10 17 3 40 93 41 97 15 52 43 66
16 57 19 0 22 77 37 82 26 11 31 18 83 4 88 70 29 27 26 91 2 25 85 37 14 31 1 74 15 5 24 36 46 37 95 91 84 35 34 9 60 48 97 52 74 31 96 28 77 94
58 77 87 9 80 82 70 7 61 93 89 20 82 78 49 26 69 78 44 45 87 43 30 31 92 50 97 7 4 21 58 93 15 25 80 70 46 97 84 9 43 24 8 6 85 51 76 97 9 17
58 15 52 42 28 64 88 44 27 5 37 6 19 26 29 31 12 29 33 32 86 56 7 8 81 52 30 38 86 82 0 41 10 69 19 81 64 57 6 15 27 44 99 22 2 69 70 6 59 28
17 37 83 33 26 88 29 33 43 88 88 45 94 15 42 73 72 38 6 89 60 54 38 93 98 23 90 20 82 88 5 2 86 71 32 51 66 52 33 49 2 63 49 92 70 19 1 16 73 22
30 12 77 61 52 86 27 70 23 13 31 66 73 84 87 74 20 41 55 12 21 98 99 27 55 60 20 48 64 29 89 34 91 20 58 27 51 23 88 47 90 92 51 92 6 31 79 17 83 66
75 33 5 44 20 79 6 83 60 79 16 10 7 98 26 45 78 63 21 24 75 97 12 53 90 56 74 32 56 59 96 31 18 88 66 67 73 76 13 14 70 75 95 71 98 9 11 54 66 86
13 25 82 34 15 63 9 13 8 22 61 44 3 51 14 17 16 32 52 37 91 78 31 46 57 5 87 35 30 23 35 67 8 52 76 84 23 9 37 41 33 57 26 17 21 89 0 76 23 73
60 50 54 73 57 50 33 69 14 27 22 70 18 43 98 86 67 73 16 45 8 6 87 5 5 69 44 38 3 79 41 62 41 13 55 69 9 20 17 4 1 97 40 56 92 76 38 78 27 22
82 2 8 27 73 30 66 17 91 61 49 75 68 80 79 14 87 51 12 50 72 69 63 47 68 44 1 5 96 67 13 49 69 82 47 2 87 77 60 30 78 86 57 2 96 7 20 87 83 47
34 21 32 42 16 38 78 78 39 53 71 73 86 83 73 74 82 1 98 89 9 12 93 4 44 94 56 98 39 46 5 31 8 27 9 44 72 86 92 98 94 3 34 18 89 68 76 54 31 6
28 81 45 97 70 64 62 67 75 55 51 53 55 58 85 15 55 48 45 46 52 37 2 26 16 63 47 40 7 77 8 10 69 14 23 68 39 29 33 90 50 87 60 82 67 93 3 50 15 47
64 53 52 57 0 51 30 44 86 34 80 34 65 76 7 11 66 21 0 5 26 94 8 61 44 17 75 41 50 73 20 0 9 67 95 18 70 75 93 74 22 3 97 21 28 55 94 22 86 42
66 4 13 55 32 45 78 37 45 94 74 92 60 74 36 52 44 98 80 32 33 49 66 59 57 18 56 2 77 44 39 51 0 47 62 11 4 24 54 86 61 1 19 75 71 73 12 55 33 88
87 75 65 18 37 86 12 10 46 43 45 54 38 9 34 93 87 13 9 70 53 35 62 65 21 23 67 15 2 12 50 62 14 88 16 37 39 62 94 94 96 99 89 49 84 90 83 63 14 5
42 34 88 47 43 2 69 71 43 60 84 48 92 26 40 30 32 50 60 54 50 37 13 39 52 38 65 24 45 33 49 16 41 93 36 42 98 90 19 85 10 12 66 40 74 20 65 72 61 79
80 86 32 41 86 85 83 60 85 32 42 48 60 29 30 24 8 64 66 68 62 57 39 5 23 12 71 31 94 8 73 55 80 75 93 14 63 26 15 26 33 67 46 55 23 95 79 35 89 13
93 22 51 62 63 54 95 23 47 19 5 81 52 78 15 90 35 58 78 33 16 43 4 40 42 21 36 68 71 63 75 7 20 57 74 12 33 69 83 5 42 48 75 38 78 8 18 88 89 48
2 30 24 69 90 2 64 88 58 81 41 68 71 98 75 35 69 38 14 78 46 39 67 91 9 39 21 6 58 72 13 54 17 70 32 22 73 83 59 33 55 77 72 50 31 82 10 91 98 63
70 64 94 65 46 41 68 93 95 15 42 72 94 62 60 59 14 56 30 13 25 95 57 87 59 62 60 4 22 58 9 70 20 82 82 19 95 45 13 19 0 33 79 82 84 74 84 41 73 20
99 63 25 86 77 84 34 99 5 30 2 52 65 72 39 69 71 35 73 65 7 28 65 92 44 88 9 38 67 52 33 38 45 74 55 97 22 80 72 87 60 56 87 77 75 64 78 25 80 98
51 97 87 28 66 59 57 43 88 98 34 0 34 42 35 39 96 48 5 6 93 13 56 5 81 3 7 4 25 61 85 34 69 9 76 26 39 89 0 29 81 98 36 28 61 65 23 31 34 68
68 25 61 39 16 19 81 5 56 46 22 23 32 97 29 33 9 63 4 51 56 45 39 88 59 12 99 96 21 37 93 46 6 65 42 40 29 97 49 48 57 47 67 8 35 77 86 39 59 78
2 5 78 57 71 5 75 68 66 50 5 90 46 57 3 29 84 11 4 27 25 24 72 11 16 76 74 3 19 26 14 12 34 14 75 8 73 95 4 93 73 75 56 89 88 79 90 32 66 81
65 46 88 84 75 91 73 21 79 73 85 34 15 64 29 20 86 6 62 0 54 38 51 27 58 56 41 80 61 74 64 35 99 70 53 27 54 13 71 9 29 12 60 47 96 36 58 59 57 47
32 35 65 73 26 61 29 74 40 24 27 61 14 52 88 37 16 96 93 63 60 96 51 46 16 66 83 55 15 3 60 15 89 6 79 65 11 98 0 35 84 27 15 11 71 10 20 2 29 35
34 51 75 13 70 96 67 13 43 14 81 83 85 8 26 96 31 65 22 81 1 71 69 95 26 99 75 15 99 40 84 64 75 71 37 57 79 26 59 25 69 52 80 26 21 27 51 32 34 98
