29 41
0 1 2 2 3 4 5 6 7 8 8 9 9 10 11 12 12 13 14 14 15 15 16 17 17 18 19 19 20 21 21 22 23 23 24 24 25 26 27 28 29 30 31 31 32 32 33 33 34 35
0 1 36 36 3 4 5 6 37 38 38 39 39 10 40 40 41 41 42 43 43 44 16 45 46 46 47 47 20 48 49 50 51 52 53 53 25 26 27 28 54 30 55 56 57 57 58 58 34 59
60 61 61 62 63 64 65 65 37 66 67 68 68 69 69 70 71 72 42 73 74 44 75 45 76 76 77 77 78 48 49 50 51 52 79 80 81 81 82 82 54 83 55 56 84 84 85 86 87 59
88 89 89 62 63 64 90 91 92 66 93 93 94 94 95 95 71 72 96 73 74 97 75 98 99 100 101 101 78 102 102 103 104 104 79 105 105 106 106 107 108 109 110 111 111 112 85 113 87 114
88 115 116 117 118 119 119 91 92 120 120 121 121 122 123 123 124 125 96 126 127 97 128 98 129 100 130 131 131 132 133 103 134 134 135 135 136 136 137 137 108 109 110 138 138 112 139 113 140 114
141 141 116 117 142 143 144 144 145 145 146 146 147 148 148 149 150 125 151 126 152 152 128 153 129 154 130 155 156 132 157 157 158 158 159 159 160 161 161 162 162 163 164 165 165 166 166 167 140 168
169 170 171 172 142 173 173 174 175 175 176 177 147 178 178 149 150 179 180 180 181 181 182 153 183 154 184 155 156 185 185 186 187 187 188 188 160 189 190 190 191 163 192 192 193 193 194 167 195 196
197 170 171 198 198 199 200 200 201 201 176 177 202 203 203 204 204 179 205 206 207 208 182 209 209 210 184 211 212 212 213 186 214 215 216 216 217 189 218 218 219 219 220 221 221 222 194 223 195 196
197 224 225 226 227 199 228 228 229 230 231 231 202 232 233 233 234 234 205 235 207 208 236 236 237 238 238 211 239 239 213 240 214 215 241 242 217 243 243 244 245 245 246 246 247 222 248 249 249 250
251 251 225 226 252 253 253 254 229 230 255 255 256 256 257 258 259 260 261 235 262 263 263 264 237 265 266 266 267 268 269 240 270 270 241 242 271 271 272 272 273 274 275 276 276 277 278 279 280 250
281 282 283 284 252 285 286 287 288 288 289 290 290 291 291 258 292 260 261 293 293 294 294 264 295 265 296 296 297 268 269 298 299 299 300 301 302 302 303 304 273 274 275 305 306 277 278 279 280 307
281 308 283 309 309 285 286 287 310 310 289 311 312 312 313 314 292 315 315 316 316 317 318 319 295 320 320 321 297 322 322 298 323 323 300 324 325 325 303 304 326 327 328 305 306 329 330 331 332 307
333 308 334 335 336 337 338 338 339 339 340 311 341 342 313 343 344 345 346 347 348 317 318 349 350 351 352 352 353 354 355 355 356 356 357 324 358 358 359 360 326 327 361 361 362 329 330 331 363 364
333 365 334 335 336 337 366 367 367 368 368 369 341 370 371 343 344 345 346 347 372 372 373 349 350 351 374 374 353 375 376 376 377 377 357 378 379 379 359 360 380 381 382 383 384 385 386 386 363 387
388 365 389 389 390 391 366 392 392 393 393 394 394 370 395 396 397 398 399 399 400 400 401 402 403 403 404 405 405 375 406 406 407 408 408 409 410 411 412 412 380 381 382 413 384 385 414 415 415 387
388 416 417 418 390 391 419 420 420 421 422 423 423 424 395 396 397 398 425 426 427 427 401 402 428 428 404 429 430 430 431 432 432 433 434 409 410 411 435 436 436 437 437 413 438 438 414 439 440 440
441 441 417 418 442 442 443 444 445 421 422 446 446 424 447 448 448 449 425 450 451 452 453 454 455 455 456 429 457 458 431 459 460 433 434 461 462 462 435 463 464 464 465 465 466 466 467 439 468 468
469 470 470 471 471 472 443 444 445 473 474 474 475 475 476 476 477 449 478 450 451 452 453 454 479 479 480 480 457 481 481 459 460 482 483 461 484 485 485 486 487 487 488 489 490 491 491 492 493 493
469 494 494 495 495 496 497 498 498 473 499 499 500 500 501 501 502 502 478 503 503 504 504 505 505 506 507 508 509 510 510 511 512 482 513 513 484 514 514 486 515 515 488 489 490 516 516 492 517 517
518 519 519 520 520 496 521 522 522 523 523 524 525 525 526 527 528 529 530 531 531 532 532 533 533 506 507 534 509 535 536 536 512 537 538 538 539 539 540 540 541 542 543 544 544 545 545 546 547 547
518 548 549 549 550 551 521 552 552 553 554 554 555 556 556 527 528 557 530 558 559 560 561 562 563 564 565 534 566 535 567 567 568 569 570 570 571 571 572 572 541 542 543 573 574 574 575 576 576 577
578 548 579 579 550 551 580 581 581 553 582 582 555 583 584 585 585 557 586 558 559 560 561 562 563 564 565 587 588 588 589 590 590 569 591 592 592 593 593 594 595 595 596 573 597 598 599 600 600 577
601 602 602 603 604 605 605 606 606 607 607 608 609 583 610 611 612 613 614 615 615 616 617 618 618 619 620 621 621 622 622 623 624 625 626 627 628 629 629 630 631 632 633 634 597 635 599 636 636 637
601 638 639 640 604 641 641 642 643 644 645 608 646 647 610 611 612 648 614 649 650 650 617 651 652 619 620 653 653 654 655 655 624 625 626 627 628 656 657 630 658 632 633 659 660 635 661 661 662 637
663 638 639 640 664 665 666 642 643 644 645 667 646 647 668 669 669 648 670 671 671 672 673 673 652 674 675 676 676 654 677 677 678 678 679 679 680 656 657 681 658 682 682 659 660 683 683 684 662 685
663 686 687 688 664 665 666 689 689 690 690 667 691 691 668 692 693 694 670 695 695 672 696 696 697 697 675 698 699 699 700 700 701 702 703 703 704 704 705 681 706 706 707 708 708 709 709 684 710 711
712 712 687 713 714 714 715 715 716 717 718 718 719 720 720 692 693 721 721 722 723 724 725 726 727 728 728 729 730 730 731 731 701 702 732 733 733 734 734 735 735 736 707 737 737 738 739 739 740 711
741 741 742 713 743 743 744 745 716 717 746 746 719 747 747 748 749 749 750 750 723 751 725 726 752 753 753 729 754 755 756 756 757 757 732 758 759 759 760 761 762 762 763 764 764 738 765 766 740 767
768 769 769 770 771 771 744 745 772 773 773 774 775 775 776 777 777 778 779 780 780 751 781 781 752 782 782 783 783 755 784 785 785 786 786 758 787 788 760 761 789 789 790 790 791 791 765 766 792 793
768 794 795 796 796 797 798 799 772 800 801 801 802 802 776 803 804 778 779 805 806 807 807 808 809 810 810 811 812 812 784 813 813 814 815 815 787 816 816 817 817 818 819 820 820 821 821 822 792 793
823 824 795 825 825 797 798 799 826 800 827 828 828 829 829 803 804 830 830 805 806 831 832 808 809 833 833 811 834 835 835 836 836 814 837 837 838 838 839 840 841 818 819 842 842 843 843 844 845 845
823 824 846 847 847 848 849 850 850 851 852 852 853 854 855 856 856 857 857 858 859 831 832 860 861 861 862 863 834 864 864 865 866 867 867 868 869 870 839 840 841 871 871 872 872 873 873 844 874 874
875 875 846 876 877 848 849 878 879 880 880 881 853 854 855 882 883 883 884 858 859 885 886 860 887 888 889 863 890 891 891 865 892 892 893 868 869 870 894 894 895 896 896 897 897 898 898 899 899 900
901 902 903 876 877 904 905 878 879 906 907 881 908 909 910 910 911 911 884 912 912 885 886 913 887 888 889 914 915 916 917 918 918 919 893 920 921 922 922 923 895 924 924 925 925 926 926 927 927 900
901 902 928 929 929 904 905 930 931 906 907 932 908 909 933 933 934 935 936 936 937 938 938 913 939 940 940 914 915 916 941 941 942 942 943 944 921 945 945 923 946 947 948 948 949 950 950 951 952 952
953 954 928 955 956 956 957 930 931 958 959 960 960 961 961 962 934 935 963 963 937 964 964 965 965 966 967 967 968 968 969 969 970 970 943 944 971 971 972 972 946 973 974 974 949 975 976 977 977 978
953 979 980 981 982 983 983 984 985 958 986 987 987 988 988 962 989 990 990 991 992 993 994 995 996 966 997 998 998 999 1000 1001 1002 1003 1004 1004 1005 1006 1006 1007 1008 973 1009 1009 1010 975 976 1011 1011 978
1012 979 980 981 1013 1013 1014 984 1015 1016 986 1017 1018 1019 1020 1020 989 1021 1021 991 1022 993 994 995 996 1023 1023 1024 1025 1025 1000 1001 1026 1003 1027 1028 1005 1029 1030 1030 1008 1031 1032 1032 1033 1033 1034 1035 1035 1036
1012 1037 1038 1039 1040 1041 1014 1042 1015 1016 1043 1017 1018 1044 1045 1046 1047 1048 1049 1049 1022 1050 1051 1051 1052 1052 1053 1054 1054 1055 1056 1056 1026 1057 1027 1058 1059 1060 1060 1061 1061 1031 1062 1062 1063 1064 1065 1066 1067 1068
1069 1069 1038 1039 1040 1070 1070 1042 1071 1072 1072 1073 1073 1044 1045 1074 1047 1048 1075 1076 1076 1050 1077 1078 1078 1079 1053 1080 1081 1055 1082 1082 1083 1084 1084 1058 1059 1085 1086 1087 1088 1088 1089 1089 1063 1090 1065 1066 1091 1068
1092 1092 1093 1093 1094 1094 1095 1095 1071 1096 1097 1097 1098 1099 1099 1074 1100 1100 1075 1101 1102 1103 1104 1104 1105 1106 1106 1080 1081 1107 1108 1108 1083 1109 1109 1110 1111 1085 1086 1087 1112 1113 1114 1114 1115 1090 1116 1116 1091 1117
1118 1119 1119 1120 1120 1121 1122 1122 1123 1124 1125 1125 1098 1126 1127 1128 1128 1129 1129 1101 1102 1130 1130 1131 1105 1132 1132 1133 1133 1107 1134 1135 1135 1136 1136 1110 1111 1137 1138 1138 1112 1139 1140 1140 1141 1142 1143 1144 1144 1145
1146 1146 1147 1148 1148 1121 1149 1150 1123 1124 1151 1152 1152 1126 1127 1153 1154 1155 1155 1156 1157 1158 1158 1131 1159 1160 1161 1161 1162 1163 1164 1164 1165 1166 1167 1168 1168 1137 1169 1169 1170 1139 1171 1172 1141 1142 1143 1173 1174 1145
1175 1176 1177 1178 1178 1179 1149 1180 1180 1181 1182 1182 1183 1183 1184 1153 1185 1185 1186 1156 1157 1187 1188 1188 1159 1189 1189 1190 1190 1163 1191 1191 1165 1166 1167 1192 1192 1193 1194 1195 1170 1196 1196 1172 1197 1198 1198 1173 1174 1199
1175 1176 1177 1200 1200 1179 1201 1202 1203 1181 1204 1204 1205 1205 1184 1206 1206 1207 1207 1208 1208 1209 1209 1210 1210 1211 1212 1213 1214 1214 1215 1215 1216 1216 1217 1218 1219 1220 1194 1195 1221 1222 1223 1224 1197 1225 1226 1227 1227 1199
1228 1228 1229 1230 1231 1232 1232 1202 1233 1233 1234 1234 1235 1236 1236 1237 1238 1238 1239 1239 1240 1240 1241 1242 1242 1211 1243 1213 1244 1244 1245 1245 1246 1247 1217 1218 1219 1220 1248 1248 1221 1222 1223 1249 1249 1225 1226 1250 1251 1252
1253 1254 1229 1230 1255 1255 1256 1256 1257 1257 1258 1258 1235 1259 1260 1261 1262 1262 1263 1263 1264 1265 1241 1266 1266 1267 1243 1268 1268 1269 1270 1270 1246 1247 1271 1272 1273 1273 1274 1274 1275 1276 1277 1277 1278 1279 1279 1280 1251 1252
1253 1281 1281 1282 1282 1283 1283 1284 1285 1285 1286 1287 1288 1259 1260 1261 1289 1289 1290 1291 1264 1265 1292 1293 1294 1295 1295 1296 1296 1269 1297 1298 1298 1299 1271 1272 1300 1300 1301 1302 1302 1276 1303 1303 1278 1304 1304 1280 1305 1306
1307 1307 1308 1308 1309 1309 1310 1311 1311 1312 1286 1287 1288 1313 1313 1314 1315 1315 1290 1291 1316 1317 1317 1293 1318 1319 1319 1320 1320 1321 1297 1322 1322 1299 1323 1323 1324 1324 1301 1325 1326 1327 1328 1328 1329 1330 1331 1331 1332 1306
1333 1333 1334 1334 1335 1335 1336 1336 1337 1337 1338 1338 1339 1339 1340 1314 1341 1341 1342 1342 1316 1343 1344 1344 1318 1345 1345 1346 1346 1321 1347 1348 1348 1349 1349 1350 1350 1351 1351 1325 1326 1327 1352 1352 1329 1330 1353 1353 1332 1354
34 52 76 95 93 28 49 72 0 94 38 21 23 91 56 58 65 64 86 85 90 93 60 78 96 33 21 74 44 62 33 27 83 88 88 23 96 93 1 24 34 93 88 47 29 17 40 93 6 30
22 56 57 25 54 41 99 96 63 20 10 33 92 46 70 55 77 93 66 38 27 10 21 24 0 4 20 22 71 32 95 24 25 54 29 96 29 56 82 90 77 7 12 11 7 22 95 29 17 63
58 37 17 56 17 9 51 3 16 51 51 57 14 40 4 59 38 2 61 30 63 2 61 69 76 84 38 24 12 43 19 53 85 70 27 64 59 40 9 14 1 63 87 64 73 40 49 78 0 26
29 30 94 88 70 12 43 44 73 82 10 22 18 32 83 1 83 50 24 12 26 95 76 86 1 14 79 11 22 39 38 20 81 71 85 29 44 20 21 56 50 78 35 32 56 45 60 4 55 28
24 64 29 87 50 94 80 25 73 98 8 11 75 59 19 65 29 65 47 32 54 56 69 23 22 5 40 92 0 37 92 15 65 30 11 44 50 79 45 8 30 97 72 15 91 46 74 75 66 83
98 10 3 53 31 21 42 82 11 23 96 59 64 63 82 75 60 0 79 0 9 25 1 62 95 38 67 49 42 72 3 55 56 82 99 27 13 3 43 33 14 4 18 15 16 80 91 58 65 74
94 51 68 53 21 52 38 67 46 24 65 23 23 2 6 98 3 96 45 81 52 97 22 79 78 16 6 56 98 95 4 54 73 56 58 61 28 49 13 35 71 60 30 9 23 99 75 69 30 53
28 42 81 36 97 10 45 47 47 17 0 54 72 59 52 85 14 11 83 72 25 21 87 47 53 49 26 59 67 6 5 52 72 2 0 15 95 92 30 44 38 26 76 31 87 85 50 29 54 63
44 26 92 0 94 65 9 66 81 47 30 90 66 19 83 94 92 55 54 66 92 25 58 5 84 60 65 61 59 65 20 41 45 24 57 8 2 80 13 52 47 45 40 69 92 89 1 9 82 26
11 53 91 59 25 21 65 91 42 24 28 10 31 95 62 18 73 51 61 97 68 19 32 46 89 46 44 84 48 56 2 78 16 39 27 6 41 99 59 67 65 14 1 82 32 66 42 59 98 19
30 41 18 61 6 68 16 62 94 55 79 51 32 22 21 50 91 28 26 44 57 74 90 73 18 33 65 97 99 34 88 90 94 65 38 61 99 69 0 18 29 6 55 24 41 26 25 42 87 82
56 60 77 8 77 48 18 24 78 81 95 40 49 49 70 68 38 95 28 71 88 94 20 88 88 34 85 3 71 96 6 98 34 78 55 40 49 3 89 38 73 55 55 95 54 12 36 23 89 30
5 6 56 31 60 72 78 72 28 2 14 64 0 7 20 79 88 47 85 17 54 13 27 3 93 96 92 84 3 93 94 50 76 3 83 76 72 82 14 44 64 64 47 52 38 95 83 28 73 17
23 47 21 17 28 5 33 34 36 30 43 53 40 17 74 44 96 35 7 23 3 9 34 60 50 24 94 59 51 97 86 19 7 16 97 8 82 99 19 42 32 96 41 93 92 77 54 19 41 59
74 20 30 96 57 32 20 50 69 13 19 11 11 78 41 64 22 6 71 0 42 28 87 63 75 11 96 73 4 18 8 78 28 94 48 52 25 22 54 58 37 89 27 43 34 31 37 18 51 26
61 92 94 51 59 96 99 48 43 29 52 64 21 82 93 91 18 22 28 87 35 22 71 80 96 38 75 23 17 58 43 17 33 99 57 1 87 72 65 40 32 48 71 16 78 37 34 16 75 28
47 35 60 59 8 33 1 82 60 52 86 79 15 49 57 4 19 6 6 28 26 81 62 90 86 84 57 34 91 29 62 69 36 58 58 60 30 45 27 4 20 84 72 6 67 42 54 90 87 79
94 5 70 49 30 12 82 57 80 23 40 74 25 78 62 91 68 26 6 26 15 15 81 17 55 71 98 36 88 77 68 40 61 30 15 77 51 93 74 13 96 28 79 78 46 55 99 4 68 60
64 14 31 38 11 98 0 80 70 40 27 13 93 67 33 26 83 71 43 26 94 33 38 54 7 84 3 64 32 85 98 78 71 65 43 3 66 1 64 19 29 66 63 86 58 22 16 42 5 68
19 99 66 59 69 71 76 20 35 3 0 16 81 65 42 2 52 49 25 30 97 47 46 99 80 8 22 22 22 71 40 97 38 55 26 96 99 46 59 85 48 33 89 52 11 81 10 33 4 51
85 56 74 77 45 0 73 86 31 18 67 51 22 25 11 33 51 16 69 51 28 83 39 85 35 0 72 1 10 64 20 27 29 10 4 48 70 65 41 46 9 3 5 32 96 65 78 42 63 62
4 11 66 18 78 81 55 2 97 19 1 50 4 91 21 2 24 18 40 11 75 53 57 38 35 56 82 45 65 68 10 69 76 33 46 8 91 29 48 82 74 42 66 76 0 25 92 89 46 7
55 42 4 63 48 40 83 34 21 44 74 81 56 90 44 70 0 45 62 86 88 5 46 31 92 60 28 52 72 86 59 54 39 92 0 67 21 52 21 40 6 24 33 4 16 85 88 10 54 9
9 86 65 7 96 32 24 20 36 6 74 10 65 18 45 59 8 85 98 17 98 63 57 44 59 34 86 89 99 97 26 27 3 55 67 61 31 5 78 36 89 85 29 89 46 86 52 3 64 33
36 18 25 33 78 97 29 55 71 93 4 49 50 96 45 23 54 6 88 18 18 86 87 89 61 65 60 49 79 22 72 40 3 64 98 16 85 62 1 63 82 52 34 28 87 98 46 31 58 91
48 2 53 30 65 79 91 5 38 94 65 83 60 73 49 37 28 61 25 12 99 44 35 89 93 90 60 43 26 6 30 99 12 4 24 32 60 19 38 60 85 71 1 20 51 30 83 23 16 28
12 62 53 12 28 18 85 73 58 1 11 38 61 5 57 95 66 41 99 86 1 42 61 34 49 53 56 19 94 62 16 63 38 1 33 78 50 95 54 18 36 41 56 9 75 23 81 1 31 78
95 57 43 11 0 29 23 21 93 59 96 37 45 43 99 1 2 61 44 84 4 97 7 94 16 62 78 25 19 64 68 55 25 21 1 18 3 22 56 88 41 10 60 87 25 79 20 92 91 98
8 65 32 76 1 63 88 69 27 48 57 2 87 92 2 52 88 50 50 22 86 5 9 30 32 60 4 40 78 98 62 64 83 99 27 97 93 65 80 33 51 74 97 8 4 77 97 18 32 31
66 47 63 43 71 24 67 36 75 0 64 84 65 5 78 9 50 79 2 6 98 79 87 53 68 78 68 48 46 80 42 72 73 76 7 32 76 97 63 47 95 71 63 49 5 19 33 53 91 41
93 1 99 29 65 42 28 57 46 81 87 54 77 63 33 42 19 49 50 49 71 65 44 77 36 45 93 41 49 57 86 99 3 30 99 54 44 47 51 11 33 52 63 60 9 54 39 57 3 96
54 36 96 22 2 50 59 78 97 9 59 90 30 34 85 78 49 5 4 97 56 1 79 46 77 52 18 49 61 62 94 59 16 10 43 88 11 71 42 41 33 53 51 87 74 8 71 63 93 92
33 83 25 15 53 93 79 95 48 60 38 91 30 84 28 20 83 45 9 26 41 32 94 15 86 41 5 78 8 53 16 86 73 47 75 63 72 17 23 56 10 67 32 34 64 36 50 29 27 16
47 10 93 63 45 11 4 94 9 58 94 56 5 36 5 63 42 39 27 51 57 52 27 98 99 51 75 63 10 21 60 0 45 38 62 32 65 47 15 29 80 61 83 2 63 8 70 73 34 37
85 67 14 27 33 0 34 33 52 1 62 3 7 27 79 22 53 49 90 63 20 63 1 96 71 47 40 82 75 12 39 71 48 99 72 22 83 35 87 72 85 53 36 15 0 55 10 54 58 84
33 10 61 30 83 79 88 50 65 26 93 37 48 88 44 42 2 70 53 28 21 93 37 0 10 88 94 65 21 32 56 8 63 21 48 98 24 10 92 87 83 28 66 81 49 77 32 91 34 66
50 45 6 81 70 95 59 63 14 28 98 97 95 69 33 26 86 87 45 42 45 81 79 51 18 89 1 78 31 82 31 13 94 45 23 62 50 42 80 96 77 92 78 68 68 10 59 63 95 77
48 57 59 75 13 65 87 8 53 70 86 81 17 0 22 19 0 63 36 52 71 79 43 7 72 32 66 35 26 72 86 75 82 91 40 53 80 20 49 19 17 47 32 54 27 4 83 55 33 23
13 27 68 43 81 4 28 39 17 71 80 94 95 21 9 41 22 64 78 96 90 23 6 60 49 74 7 18 91 54 8 13 83 67 25 70 70 2 17 18 25 48 78 54 97 12 67 20 82 93
45 21 70 26 70 71 58 57 4 51 59 15 63 79 9 5 52 1 25 28 52 24 54 42 62 54 81 32 53 93 75 44 63 86 78 7 31 90 88 49 19 93 18 0 45 27 84 95 74 83
91 85 31 2 27 14 9 87 98 8 33 69 97 7 60 3 47 81 79 94 95 59 98 85 31 13 89 24 61 61 63 14 87 74 92 43 31 61 10 12 4 54 24 51 7 61 48 81 8 70
89 31 0 4 95 1 99 90 78 91 89 22 84 1 90 14 77 62 56 44 73 81 64 54 52 47 57 74 11 12 90 67 27 91 9 35 3 79 43 2 78 33 34 93 44 66 86 54 98 29
39 10 84 24 57 9 65 49 50 42 53 78 76 40 87 15 10 90 88 0 18 69 57 32 57 62 62 37 10 7 60 12 93 83 42 98 11 37 35 36 66 29 84 37 49 7 23 39 79 45
98 60 64 70 68 11 45 96 39 53 32 84 59 57 99 37 15 67 87 37 53 79 30 7 64 75 94 49 87 5 8 88 14 66 56 49 70 76 94 44 35 65 57 97 68 35 13 70 43 99
4 23 3 7 99 60 76 67 12 42 83 61 60 15 27 53 76 79 94 96 31 13 34 94 94 61 44 23 92 27 21 28 11 42 67 79 10 89 66 66 5 16 4 39 64 98 29 27 99 61
8 64 65 20 91 92 98 38 92 2 37 73 5 55 89 86 44 75 36 24 78 75 71 95 24 8 75 65 23 61 10 37 20 25 14 69 98 87 93 41 59 33 41 14 17 27 15 80 61 15
0 49 21 98 86 97 7 76 36 32 71 25 92 24 24 79 85 13 90 63 93 62 25 48 90 33 32 35 85 79 73 69 75 56 38 20 84 4 44 14 54 3 48 24 96 88 25 79 32 93
0 51 22 24 79 73 33 62 68 53 19 41 20 15 91 46 92 74 87 95 73 98 31 29 88 76 6 87 4 3 48 23 42 50 62 26 34 68 60 11 80 72 3 23 37 41 71 69 88 17
11 77 49 52 80 59 60 13 17 59 64 32 13 73 27 39 13 15 7 9 22 55 9 19 80 90 69 64 24 90 74 18 64 4 35 45 12 83 60 67 87 61 82 64 62 86 63 57 55 92
32 89 30 5 33 85 33 68 60 61 27 12 71 56 31 49 94 23 65 92 19 68 18 71 63 49 40 71 68 16 24 17 40 85 33 80 60 59 25 59 16 98 57 5 6 79 31 54 74 95
