40 12
0 1 2 2 3 3 4 4 5 5 6 7 7 8 8 9 10 11 12 12 13 13 14 15 15 16 17 17 18 19 20 21 22 22 23 23 24 25 26 27 28 29 30 30 31 32 32 33 34 34
35 1 36 36 37 38 39 39 40 40 6 41 41 42 42 9 10 43 44 44 45 46 47 48 49 49 50 51 51 19 20 21 52 53 53 54 24 25 55 27 28 29 56 57 58 59 60 61 61 62
35 63 63 64 37 38 65 65 66 66 67 67 68 68 69 69 70 43 71 72 73 46 47 48 74 75 50 76 77 78 78 79 80 80 81 54 82 83 55 84 85 86 56 57 58 59 60 87 87 62
88 89 90 91 91 92 93 94 94 95 96 96 97 98 98 99 70 100 71 72 73 101 102 102 74 75 103 103 77 104 105 106 107 108 81 109 82 83 110 110 85 86 111 112 112 113 114 114 115 115
88 89 90 116 117 92 118 118 119 120 120 121 97 122 122 99 123 124 124 125 126 126 127 127 128 129 130 130 131 132 105 106 107 133 133 109 134 135 136 137 137 138 139 139 140 140 141 141 142 142
143 144 144 145 117 146 146 147 148 148 149 150 150 151 151 152 153 154 154 125 155 156 157 158 128 129 159 160 160 132 161 161 162 163 163 164 134 135 136 165 165 138 166 166 167 167 168 168 169 169
143 170 170 145 171 171 172 147 173 173 174 174 175 176 176 177 153 178 178 179 155 156 180 158 181 181 182 182 183 184 185 186 186 187 188 164 189 190 190 191 192 193 194 195 195 196 196 197 197 198
199 200 200 201 202 203 172 204 204 205 206 207 207 208 208 177 209 210 211 211 212 212 180 213 213 214 214 215 183 184 185 216 216 187 217 217 189 218 219 191 192 220 194 221 221 222 223 224 224 225
226 227 228 229 202 203 230 230 231 231 206 232 232 233 234 235 209 210 236 236 237 238 238 239 240 240 241 242 243 244 244 245 246 247 248 248 249 218 219 250 250 220 251 252 252 222 253 254 255 225
226 227 228 229 256 257 257 258 259 260 261 262 262 233 234 263 263 264 264 265 237 266 267 268 269 269 241 242 243 270 271 245 246 247 272 272 249 273 273 274 275 276 277 277 278 279 253 254 280 280
281 282 282 283 284 284 285 258 259 260 261 286 287 287 288 289 289 290 291 265 292 266 267 268 293 294 295 296 296 270 271 297 298 298 299 300 300 301 301 274 302 276 303 303 278 279 304 305 305 306
307 308 308 283 309 309 285 310 310 311 311 286 312 312 313 313 314 290 315 316 317 317 318 319 319 294 320 321 321 322 322 323 323 324 324 325 326 327 328 329 302 330 330 331 332 333 333 334 334 306
307 335 335 336 336 337 338 339 340 341 342 342 343 344 345 346 314 347 315 348 348 349 350 351 351 352 320 353 354 354 355 356 356 357 358 325 359 327 328 329 360 361 361 331 362 362 363 364 365 366
367 367 368 369 370 337 338 339 340 371 371 372 372 344 345 373 374 374 375 376 376 377 350 378 379 352 380 381 381 382 383 384 385 357 358 386 359 387 387 388 389 389 390 391 392 392 363 364 365 366
393 394 394 369 370 395 396 397 398 398 399 399 400 400 401 373 402 402 375 403 403 377 404 378 379 405 380 406 406 382 383 384 385 407 407 386 408 408 409 388 410 410 390 391 411 411 412 413 414 414
393 415 415 416 416 395 396 397 417 417 418 418 419 419 401 420 421 421 422 423 424 424 425 425 426 405 427 428 429 429 430 430 431 432 432 433 433 434 435 436 436 437 438 439 440 440 441 413 442 442
443 443 444 444 445 445 446 447 447 448 449 450 450 451 452 452 453 454 422 423 455 456 457 458 426 459 459 428 460 461 462 462 431 463 463 464 464 465 435 466 466 437 438 467 467 468 441 469 470 471
472 472 473 474 474 475 475 476 476 448 477 477 478 479 479 480 453 454 481 482 455 456 457 483 484 484 485 485 486 461 487 488 489 489 490 491 492 465 493 494 494 495 495 496 496 468 497 469 470 471
498 498 473 499 500 500 501 502 502 503 503 504 505 505 506 507 507 508 481 509 510 511 511 483 512 512 513 513 486 514 487 488 515 516 516 491 492 517 493 518 518 519 520 520 521 522 523 524 525 526
527 528 528 499 529 529 501 530 531 531 532 533 534 535 506 536 536 537 538 509 510 539 539 540 540 541 541 542 543 543 544 544 545 546 547 547 548 549 550 550 551 552 553 554 555 522 523 524 525 526
527 556 556 557 557 558 558 559 559 560 532 533 534 535 561 561 562 537 563 564 564 565 565 566 567 567 568 542 569 569 570 570 545 546 571 571 548 549 572 573 573 552 553 554 555 574 575 575 576 576
577 577 578 578 579 579 580 580 581 560 582 582 583 583 584 584 585 585 563 586 586 587 587 566 588 588 589 589 590 590 591 592 592 593 594 595 596 596 572 597 598 599 599 600 600 574 601 601 602 602
603 604 605 605 606 607 607 608 581 609 610 611 611 612 613 614 614 615 616 616 617 617 618 619 619 620 621 621 622 623 623 624 624 625 594 595 626 626 627 597 628 628 629 630 631 632 633 634 634 635
603 604 636 636 606 637 637 608 638 638 610 639 640 612 613 641 641 642 642 643 644 645 618 646 647 620 648 648 649 649 650 650 651 625 652 653 653 654 654 655 655 656 629 630 657 632 633 658 658 635
659 659 660 661 662 662 663 664 664 665 666 667 640 668 669 670 671 671 672 643 644 645 673 646 674 674 675 676 677 677 678 678 651 679 680 681 681 682 683 683 684 656 685 685 657 686 687 687 688 688
689 690 660 691 691 692 693 694 694 665 666 667 695 696 669 670 697 697 698 699 699 700 673 701 702 702 675 703 703 704 705 706 706 707 680 708 708 709 709 710 711 711 712 712 713 686 714 715 716 717
689 690 718 718 719 720 693 721 722 723 723 724 695 696 725 726 727 728 698 729 729 700 730 730 731 732 733 734 735 735 705 736 737 707 738 739 739 740 740 741 741 742 742 743 713 744 744 715 716 717
745 745 746 746 719 720 747 747 722 748 748 724 749 749 725 726 727 750 750 751 751 752 752 753 731 732 733 734 754 754 755 755 737 756 757 757 758 759 760 760 761 762 762 763 763 764 764 765 766 766
767 768 768 769 770 771 771 772 773 773 774 775 776 776 777 777 778 778 779 780 781 782 783 753 784 785 785 786 787 787 788 789 790 756 791 791 758 759 792 792 761 793 794 795 795 796 796 765 797 798
799 800 801 769 802 802 803 803 804 804 774 775 805 806 807 807 808 809 809 780 781 782 783 810 810 811 811 812 813 813 788 789 790 814 815 815 816 816 817 818 818 793 794 819 819 820 820 821 821 798
799 800 801 822 823 824 824 825 825 826 827 828 805 829 830 830 831 832 833 834 835 836 837 838 838 839 840 812 841 841 842 843 844 814 845 846 847 848 848 849 850 850 851 851 852 852 853 854 854 855
856 857 857 822 823 858 859 859 860 860 827 861 862 829 863 864 831 832 833 834 835 836 837 865 865 839 840 866 867 868 842 843 869 869 845 846 847 870 871 872 872 873 873 874 875 875 853 876 876 855
856 877 878 879 879 858 880 880 881 882 883 861 862 884 863 864 885 886 886 887 888 889 889 890 891 891 892 892 867 868 893 894 894 895 895 896 897 870 871 898 899 900 901 901 902 902 903 904 904 905
906 906 878 907 907 908 908 909 881 882 883 910 911 911 912 912 913 913 914 887 888 915 916 916 917 917 918 918 919 920 893 921 922 923 924 925 897 926 926 927 899 900 928 928 929 930 930 931 932 905
933 934 934 935 935 936 936 909 937 938 938 910 939 940 941 942 943 943 914 944 944 915 945 946 946 947 948 949 919 920 950 921 922 923 924 925 951 952 952 927 953 954 955 956 956 957 957 931 932 958
959 959 960 960 961 961 962 962 963 963 964 965 939 940 941 942 966 966 967 967 968 968 969 969 970 947 948 971 972 972 973 973 974 974 975 976 951 977 977 978 953 954 955 979 979 980 980 981 981 958
982 983 984 985 985 986 987 988 989 990 964 965 991 992 992 993 994 995 996 997 997 998 998 999 970 1000 1000 971 1001 1002 1003 1004 1005 1005 975 976 1006 1007 1007 978 1008 1009 1009 1010 1011 1011 1012 1013 1013 1014
982 1015 984 1016 1016 986 987 988 989 990 1017 1017 991 1018 1018 993 994 995 996 1019 1020 1021 1022 999 1023 1023 1024 1025 1025 1002 1003 1026 1026 1027 1028 1028 1029 1030 1031 1031 1008 1032 1033 1010 1034 1035 1036 1036 1037 1038
1039 1015 1040 1040 1041 1042 1043 1043 1044 1044 1045 1045 1046 1047 1048 1049 1050 1050 1051 1051 1020 1021 1052 1053 1054 1054 1024 1055 1055 1056 1056 1057 1058 1058 1059 1059 1029 1030 1060 1061 1061 1032 1033 1062 1034 1035 1063 1063 1064 1038
1065 1066 1066 1067 1041 1042 1068 1068 1069 1070 1070 1071 1046 1047 1048 1072 1073 1074 1074 1075 1075 1076 1052 1053 1077 1077 1078 1079 1079 1080 1081 1081 1082 1082 1083 1084 1085 1085 1060 1086 1086 1087 1087 1062 1088 1088 1089 1089 1064 1090
1065 1091 1092 1067 1093 1093 1094 1094 1069 1095 1095 1071 1096 1097 1098 1072 1073 1099 1100 1101 1101 1076 1102 1103 1104 1105 1105 1106 1107 1107 1108 1108 1109 1109 1083 1110 1111 1111 1112 1113 1113 1114 1114 1115 1115 1116 1116 1117 1118 1119
1120 1091 1121 1122 1122 1123 1123 1124 1125 1125 1126 1127 1127 1097 1098 1128 1129 1099 1100 1130 1131 1132 1132 1103 1104 1133 1134 1106 1135 1136 1136 1137 1138 1139 1140 1110 1141 1142 1112 1143 1144 1145 1146 1146 1147 1147 1148 1149 1118 1119
1120 1150 1121 1151 1152 1153 1154 1155 1156 1156 1157 1158 1158 1159 1160 1160 1129 1161 1161 1130 1162 1163 1164 1164 1165 1133 1166 1167 1135 1168 1168 1137 1169 1139 1140 1170 1141 1171 1171 1143 1144 1145 1172 1173 1173 1174 1174 1149 1175 1175
1176 1176 1177 1151 1178 1153 1154 1155 1179 1180 1157 1181 1181 1182 1183 1184 1184 1185 1186 1187 1162 1163 1188 1188 1165 1189 1166 1190 1191 1192 1192 1193 1169 1194 1194 1170 1195 1196 1196 1197 1198 1198 1172 1199 1200 1200 1201 1202 1203 1203
1204 1205 1206 1206 1178 1207 1208 1209 1179 1210 1210 1211 1211 1182 1212 1212 1213 1213 1186 1187 1214 1215 1215 1216 1217 1189 1218 1190 1219 1219 1220 1193 1221 1221 1222 1222 1195 1223 1224 1224 1225 1225 1226 1226 1227 1227 1201 1228 1228 1229
1230 1205 1231 1231 1232 1207 1208 1209 1233 1234 1235 1235 1236 1237 1238 1238 1239 1239 1240 1241 1241 1242 1242 1216 1217 1243 1218 1244 1245 1245 1220 1246 1246 1247 1248 1248 1249 1250 1251 1252 1252 1253 1253 1254 1255 1255 1256 1257 1258 1258
1230 1259 1260 1261 1262 1262 1263 1263 1233 1234 1264 1265 1265 1237 1266 1266 1267 1267 1240 1268 1269 1269 1270 1270 1271 1243 1272 1273 1273 1274 1274 1275 1275 1247 1276 1276 1277 1250 1251 1278 1279 1279 1280 1254 1281 1281 1256 1257 1282 1282
1283 1259 1260 1284 1284 1285 1285 1286 1287 1287 1288 1288 1289 1289 1290 1291 1291 1292 1292 1293 1293 1294 1295 1295 1296 1297 1272 1298 1298 1299 1300 1300 1301 1301 1302 1303 1277 1304 1304 1305 1305 1306 1307 1307 1308 1309 1309 1310 1311 1312
1283 1313 1314 1315 1315 1316 1317 1318 1318 1319 1319 1320 1320 1321 1290 1322 1323 1324 1325 1326 1327 1294 1328 1329 1296 1297 1330 1331 1331 1332 1332 1333 1333 1334 1302 1303 1335 1336 1336 1337 1338 1339 1339 1340 1340 1341 1342 1310 1311 1312
1343 1313 1314 1344 1344 1316 1317 1345 1346 1346 1347 1347 1348 1348 1349 1322 1323 1324 1325 1326 1327 1350 1350 1329 1351 1351 1330 1352 1353 1353 1354 1354 1355 1355 1356 1356 1335 1357 1357 1337 1338 1358 1359 1359 1360 1341 1342 1361 1362 1362
23 25 59 18 45 72 89 21 30 51 65 89 56 17 87 69 36 55 73 6 63 25 76 57 65 8 10 9 50 41 42 73 2 30 92 60 9 22 4 8 11 52 82 75 76 79 51 25 60 63
45 39 71 91 68 92 73 24 39 0 40 23 93 68 65 72 27 0 85 10 44 17 36 16 0 4 93 58 61 78 73 98 48 19 24 39 28 15 91 53 44 9 70 47 59 10 68 86 9 69
48 39 99 69 95 83 12 63 36 10 1 95 61 18 31 88 41 71 32 69 57 82 40 27 44 84 30 23 0 88 47 13 40 58 60 68 65 19 10 62 30 58 11 50 23 90 93 46 3 90
54 45 37 33 50 48 29 86 2 10 31 74 84 1 56 40 88 11 18 24 78 89 22 73 6 11 52 9 62 20 14 95 23 7 80 46 84 22 9 7 86 4 98 33 59 61 64 14 56 29
83 97 99 12 69 32 83 99 50 47 22 64 16 13 78 20 83 25 40 29 66 88 64 86 96 60 98 86 71 90 5 19 72 68 98 63 25 22 89 1 99 63 41 13 39 38 77 57 31 14
65 2 53 12 46 41 83 67 1 23 72 12 8 61 88 76 96 15 86 34 23 20 96 33 84 67 19 2 81 83 86 31 40 44 30 36 92 17 61 47 90 5 90 97 43 80 55 60 54 13
63 76 18 38 77 42 55 58 41 42 9 85 79 90 24 57 64 99 88 85 33 48 13 0 10 77 69 67 97 27 78 11 45 44 3 40 80 31 22 78 29 16 8 98 48 95 90 71 5 89
55 19 56 23 94 81 27 83 0 7 77 9 27 95 88 31 93 39 41 51 85 50 70 70 7 8 21 0 22 48 10 12 31 27 22 3 6 98 48 33 72 3 17 53 95 75 26 50 69 12
39 1 31 77 39 31 5 36 68 31 3 70 55 0 15 78 65 53 18 35 90 10 46 33 33 86 70 5 96 20 15 36 15 4 63 40 33 90 72 18 16 11 65 93 39 62 35 7 52 3
24 11 80 38 77 42 63 50 22 39 58 16 68 80 72 58 10 1 99 86 0 16 88 28 25 92 96 82 94 38 92 52 74 33 94 52 42 10 27 38 90 35 63 75 31 65 2 74 39 71
47 65 86 59 9 38 46 19 71 76 35 46 85 88 55 56 70 31 34 3 88 74 18 32 25 87 85 13 45 5 1 21 15 38 0 52 46 94 8 50 64 71 53 17 69 62 99 0 21 35
41 38 81 2 65 15 74 40 91 94 84 0 77 39 26 48 78 11 84 25 53 67 12 90 74 34 74 28 43 61 65 36 82 92 85 87 89 64 25 35 6 54 63 59 15 87 54 73 4 96
87 39 30 49 24 85 11 97 24 67 32 56 12 51 47 94 40 61 51 58 36 69 91 90 88 32 26 0 67 84 2 68 45 86 14 3 88 97 83 8 46 99 69 19 84 53 4 70 60 29
52 89 74 59 4 25 76 16 82 28 28 95 20 79 35 28 51 27 44 59 86 22 20 3 15 44 44 83 85 8 92 4 43 65 78 48 89 69 24 91 55 95 44 31 85 47 5 10 69 67
28 73 23 83 11 96 84 46 5 41 32 31 17 60 26 95 73 73 1 35 20 94 77 0 87 78 90 21 56 47 16 95 57 91 14 79 62 30 19 66 37 98 40 90 71 73 7 85 10 32
0 97 22 37 66 79 56 14 49 28 12 16 59 57 41 59 68 3 21 57 49 97 6 26 65 17 0 29 88 68 25 24 45 8 64 21 84 9 23 91 9 19 64 73 8 18 83 89 11 79
19 12 3 21 24 2 53 70 77 70 10 9 26 15 28 82 86 66 33 26 79 70 87 8 55 0 20 76 66 46 18 78 4 94 89 62 82 83 48 98 75 61 37 65 85 35 33 67 40 52
28 94 90 10 35 31 96 60 29 58 27 88 43 38 31 45 42 87 42 91 32 48 49 44 27 81 2 42 5 71 9 21 73 90 14 10 92 89 48 33 50 38 62 92 93 23 85 4 21 10
1 69 42 91 24 98 33 40 34 15 0 96 32 14 98 82 41 30 35 60 76 54 41 2 55 66 26 80 25 19 19 83 56 27 86 16 69 8 44 19 75 86 35 12 18 10 87 5 19 66
51 98 13 84 19 95 66 78 65 19 32 85 16 65 73 98 49 7 56 10 22 12 75 78 54 85 5 85 43 63 24 75 19 4 7 2 46 71 0 3 10 11 10 18 45 13 63 64 90 18
15 67 14 52 40 13 79 33 8 57 65 90 27 8 51 48 49 26 48 76 12 34 98 20 83 13 56 12 24 24 17 33 59 99 43 59 3 48 4 5 86 95 94 7 16 82 8 94 45 78
0 57 11 66 45 2 48 78 82 40 86 12 67 53 26 30 95 0 13 12 93 11 80 35 20 5 34 84 49 83 36 40 89 56 21 62 87 45 38 59 42 90 25 77 71 59 44 67 36 0
77 85 4 83 27 53 1 93 14 30 8 61 80 31 2 0 28 5 38 34 86 15 2 97 7 9 3 28 56 40 85 69 17 86 3 12 0 32 9 98 87 71 82 7 89 94 35 96 87 0
34 64 45 29 63 73 0 47 59 24 57 46 54 97 6 95 15 40 67 49 46 8 23 30 91 97 22 88 20 20 19 69 82 67 30 84 44 15 2 80 8 39 31 62 10 69 12 53 25 84
96 56 35 92 10 1 4 8 3 45 65 76 60 67 22 52 82 91 61 94 93 49 29 42 78 13 97 75 32 28 58 13 19 39 27 77 53 73 43 82 24 6 27 49 56 85 67 40 19 55
0 75 79 55 89 96 4 17 55 35 98 21 20 18 51 68 9 32 80 50 47 58 92 55 46 97 65 68 10 69 81 82 22 51 9 5 95 79 17 67 38 72 78 87 98 64 63 20 81 10
47 48 17 38 85 11 50 18 59 31 18 40 89 63 58 9 59 65 56 38 78 30 94 50 77 60 23 32 70 31 56 41 82 38 2 76 14 43 48 89 67 17 24 33 3 80 38 10 1 52
75 26 4 31 31 83 17 37 94 8 64 58 85 59 26 88 86 84 63 43 21 37 33 23 23 0 43 54 47 55 1 75 49 61 9 80 23 68 16 80 1 85 69 11 91 53 59 9 41 94
35 0 91 20 94 11 94 81 83 28 84 43 48 17 65 72 5 43 69 75 71 53 32 8 80 40 24 44 44 24 57 77 58 85 26 1 6 33 45 98 51 74 90 74 38 60 58 48 44 49
45 8 72 7 81 14 24 77 66 78 51 25 95 52 69 99 90 65 51 49 17 69 67 12 18 57 90 80 61 88 96 27 61 91 22 6 74 19 60 23 7 59 98 79 6 21 50 48 17 19
92 7 45 39 76 83 34 77 1 71 84 60 71 82 2 6 1 25 37 16 40 79 65 73 91 50 31 7 54 67 83 35 6 43 58 85 9 43 43 4 19 49 68 3 98 27 30 20 81 21
42 45 39 55 92 22 73 26 14 80 98 62 68 1 97 52 89 7 69 21 40 4 96 43 51 54 50 23 34 67 9 66 30 70 42 13 20 84 19 67 42 12 57 3 77 27 8 18 55 81
8 33 15 45 72 98 34 74 0 61 54 57 29 32 3 90 70 28 26 43 69 21 2 70 45 68 40 71 39 6 85 69 70 75 18 4 35 35 77 29 43 5 39 5 43 95 31 85 41 64
93 37 29 30 43 93 76 38 88 22 99 84 9 42 4 45 23 31 20 80 15 47 63 59 16 8 70 91 30 52 22 92 6 44 7 74 52 25 48 31 98 72 47 6 92 77 55 53 42 43
13 37 85 87 85 75 26 92 56 37 59 9 48 69 38 7 81 90 8 87 10 92 51 25 86 70 23 11 52 8 92 46 50 9 10 65 84 79 37 65 83 43 48 69 39 49 6 74 19 0
21 52 2 47 1 84 95 37 38 32 6 83 83 74 63 99 48 40 50 36 67 20 1 82 17 78 91 64 35 25 98 99 82 42 54 99 95 13 99 20 27 49 1 47 83 21 60 48 22 37
46 28 25 97 61 79 27 17 41 0 58 49 55 34 57 65 17 74 32 98 40 30 77 2 45 67 54 78 0 26 25 41 81 27 32 81 46 54 14 36 54 81 3 97 63 49 51 5 22 33
94 61 13 47 56 80 20 95 32 36 48 40 59 61 32 11 26 85 68 72 67 72 70 56 86 61 44 28 9 95 79 28 98 2 80 15 85 10 87 19 37 57 18 99 67 89 97 50 36 76
0 31 33 12 94 69 71 23 59 18 73 12 41 79 61 36 79 95 38 8 24 21 52 29 3 36 70 48 35 39 85 1 0 23 51 5 79 82 36 77 89 29 71 47 70 1 13 51 60 9
92 62 68 3 21 50 33 34 95 33 36 74 11 98 75 92 82 95 96 92 30 67 22 26 46 85 48 43 82 73 30 67 97 65 14 15 1 97 97 47 74 78 99 91 65 39 53 1 87 1
55 61 74 1 70 34 24 88 26 14 83 51 24 2 9 38 22 43 9 51 8 82 33 24 93 28 99 32 27 80 13 68 69 24 69 28 95 46 25 17 47 32 7 96 46 55 47 59 43 88
67 39 17 74 6 64 59 57 70 89 84 8 4 89 17 25 79 30 82 16 84 74 82 34 41 9 57 79 22 21 0 99 50 63 84 45 36 25 78 13 54 48 91 28 17 85 85 30 62 11
10 15 5 97 4 40 31 88 94 2 28 97 56 60 67 7 41 61 15 2 44 28 0 72 13 6 34 17 69 29 60 90 10 39 36 90 24 19 29 54 29 56 23 25 41 21 63 4 32 98
74 11 89 87 6 18 54 81 64 4 26 92 49 83 13 16 77 81 81 99 37 59 3 2 17 35 42 9 6 29 32 14 6 68 70 40 68 25 20 17 23 5 81 77 30 69 25 18 40 60
15 20 84 68 48 81 74 51 90 51 88 89 58 7 33 88 89 10 66 14 26 81 80 40 3 75 48 72 96 3 41 10 35 21 43 80 4 17 65 13 26 21 65 68 9 53 44 60 51 86
81 16 67 68 41 5 39 4 66 91 6 98 70 91 63 60 99 0 82 53 51 77 3 83 35 4 32 47 38 90 29 96 92 82 21 91 1 57 78 62 16 12 8 59 82 38 59 88 59 70
76 73 61 55 67 44 95 8 38 16 3 32 70 68 18 14 81 8 7 36 50 31 64 5 74 6 12 9 39 54 36 17 49 43 47 89 56 21 63 75 1 97 41 82 75 44 38 34 47 80
58 44 2 25 80 83 1 78 64 54 30 11 40 80 74 60 18 11 10 5 0 80 61 65 59 83 62 89 62 66 84 67 72 12 47 99 64 92 8 10 76 50 97 30 66 99 14 51 7 8
86 2 21 1 93 37 36 12 47 60 44 3 86 43 43 46 60 60 59 87 96 22 74 70 29 71 68 36 63 61 71 89 5 80 78 17 53 27 65 99 65 31 36 47 35 93 62 45 60 59
27 39 4 51 89 97 76 57 50 54 68 31 99 92 49 83 44 18 96 87 17 76 66 95 38 42 90 10 62 10 56 15 39 12 20 62 55 34 46 62 43 56 32 84 77 10 82 86 27 26
