33 12
0 0 1 1 2 3 3 4 5 6 6 7 7 8 8 9 10 11 11 12 13 13 14 14 15 16 16 17 17 18 19 19 20 21 21 22 23 23 24 24 25 26 27 28 28 29 30 30 31 31
32 33 34 35 36 37 37 4 38 38 39 40 41 41 42 9 10 43 43 12 44 44 45 46 46 47 48 48 49 18 50 51 51 52 52 22 53 54 55 55 25 26 27 56 57 57 58 59 59 60
32 61 34 62 36 63 63 64 65 65 39 40 66 66 42 67 67 68 68 69 70 70 45 71 72 47 73 74 49 75 76 77 78 78 79 79 53 54 80 81 81 82 82 56 83 83 58 84 85 85
86 61 87 62 88 89 90 64 91 92 92 93 94 95 96 97 97 98 99 69 100 100 101 71 72 102 73 103 103 75 76 77 104 104 105 105 106 107 80 108 109 109 110 110 111 112 113 114 114 115
86 116 116 117 88 118 90 119 120 121 121 93 94 95 96 122 123 98 99 124 124 125 101 126 126 102 127 128 129 130 131 132 132 133 134 135 135 107 136 136 137 137 138 138 111 112 113 139 139 115
140 141 142 117 143 118 144 119 120 145 146 146 147 148 148 122 149 149 150 150 151 152 153 154 154 155 155 128 129 130 131 156 157 133 134 158 158 159 159 160 160 161 161 162 163 164 165 166 167 167
140 141 168 168 143 169 144 170 170 145 171 171 147 172 173 173 174 174 175 175 151 152 153 176 176 177 178 178 179 180 181 156 157 182 183 183 184 184 185 185 186 187 187 188 163 164 165 166 189 190
191 192 193 194 195 169 196 196 197 197 198 199 200 172 201 201 202 203 203 204 205 205 206 206 207 208 209 209 210 180 211 212 212 182 213 213 214 215 215 216 217 217 218 188 219 219 220 220 189 190
191 221 193 194 222 222 223 224 224 225 198 226 200 227 228 228 202 229 229 204 230 230 231 231 207 208 232 233 210 234 211 235 235 236 236 237 238 239 239 216 240 240 241 241 242 243 243 244 244 245
246 221 247 247 248 249 223 250 251 251 252 226 253 253 254 255 256 257 257 258 258 259 260 261 262 262 232 233 263 263 264 264 265 266 266 237 238 267 267 268 269 269 270 271 242 272 272 273 274 275
246 276 277 277 248 249 278 250 279 280 281 282 283 283 254 255 256 284 285 285 286 259 260 261 287 287 288 288 289 290 290 291 265 292 293 294 295 295 296 297 297 298 298 271 299 300 301 301 274 275
302 276 303 304 305 306 307 308 279 280 281 309 310 311 312 313 314 315 315 316 317 317 318 318 319 319 320 321 289 322 323 291 324 325 293 294 326 327 296 328 328 329 330 331 299 300 332 333 334 334
335 336 336 304 305 306 307 308 337 338 338 309 310 311 312 313 339 339 340 316 341 342 343 343 344 345 320 321 346 346 323 347 324 325 348 348 326 327 349 350 350 329 330 331 351 352 332 333 353 354
335 355 355 356 356 357 358 359 337 360 361 361 362 363 364 364 365 366 366 367 367 342 368 368 344 345 369 369 370 370 371 371 372 373 373 374 374 375 349 376 377 378 378 379 351 352 380 381 381 354
382 382 383 383 384 385 358 359 386 386 387 387 362 363 388 388 389 389 390 390 391 392 393 394 395 395 396 397 397 398 399 399 372 400 401 401 402 375 403 376 377 404 404 379 405 405 380 406 407 407
408 409 409 410 410 385 411 412 413 413 414 415 416 416 417 417 418 419 419 420 391 392 393 394 421 421 396 422 423 423 424 425 425 400 426 426 402 427 403 428 428 429 429 430 430 431 431 406 432 433
408 434 434 435 435 436 411 437 437 438 414 415 439 440 441 442 442 443 443 420 444 444 445 445 446 447 447 422 448 449 450 451 452 453 454 455 455 427 456 457 458 458 459 459 460 460 461 461 462 433
463 463 464 465 466 467 468 468 469 438 470 470 471 440 441 472 472 473 473 474 474 475 475 476 477 478 478 479 448 449 450 451 452 453 454 480 481 482 456 457 483 484 485 486 487 487 488 489 462 490
491 491 464 492 466 467 493 494 469 495 495 496 471 497 497 498 499 500 501 502 503 504 505 476 477 506 507 507 508 508 509 509 510 511 511 512 481 482 513 514 483 484 485 486 515 515 488 489 516 517
518 519 520 492 521 521 493 494 522 523 523 496 524 524 525 525 499 500 501 502 526 504 527 527 528 528 529 530 530 531 532 533 510 534 534 512 535 535 513 514 536 536 537 537 538 539 540 540 516 517
518 519 520 541 541 542 542 543 522 544 544 545 545 546 547 548 548 549 549 550 526 551 551 552 553 554 554 555 556 556 532 533 557 557 558 558 559 560 561 561 562 562 563 563 538 539 564 565 566 566
567 568 569 569 570 570 571 572 572 573 574 574 575 546 547 576 576 577 578 550 579 580 581 552 582 583 584 555 585 586 587 588 589 589 590 590 591 560 592 593 594 594 595 596 596 597 597 565 598 598
567 568 599 600 601 602 571 603 604 573 605 605 575 606 607 607 608 577 578 609 579 580 581 610 582 583 611 611 585 586 612 588 613 613 614 615 591 616 617 593 618 618 595 619 619 620 621 622 623 624
625 626 626 600 601 627 628 603 629 629 630 630 631 632 633 633 634 635 636 637 638 638 639 610 640 641 642 642 643 644 612 645 646 647 647 615 648 648 617 649 649 650 650 651 652 652 621 622 623 624
625 653 653 654 654 627 628 655 656 657 658 659 659 632 660 660 634 661 636 637 662 663 663 664 640 665 666 666 643 667 667 645 668 668 669 669 670 671 672 673 674 675 675 651 676 676 677 678 678 679
680 680 681 681 682 683 683 655 656 657 658 684 684 685 686 686 687 661 688 689 662 690 690 664 691 665 692 693 694 695 696 696 697 698 699 699 670 671 700 673 674 701 702 702 703 703 677 704 704 679
705 706 706 707 707 708 708 709 709 710 710 711 712 685 713 713 687 714 688 715 716 717 718 718 691 719 719 693 694 720 720 721 721 698 722 722 723 723 700 724 725 725 726 726 727 727 728 728 729 729
705 730 730 731 732 733 733 734 735 736 736 711 737 737 738 739 739 740 740 715 716 717 741 741 742 742 743 744 744 745 746 746 747 747 748 749 749 750 750 724 751 751 752 752 753 753 754 755 755 756
757 757 758 731 732 759 759 734 735 760 761 761 762 762 738 763 763 764 764 765 766 766 767 768 769 770 771 771 772 745 773 774 774 775 775 776 776 777 777 778 779 780 780 781 782 782 754 783 784 756
785 785 786 787 788 789 790 790 791 792 792 793 794 794 795 796 797 798 799 800 800 801 801 768 769 802 802 803 804 804 805 806 807 808 808 809 809 810 811 778 779 812 812 781 813 814 815 816 784 817
818 818 786 787 819 789 820 820 791 821 821 793 822 823 823 796 797 798 799 824 825 825 826 827 828 828 829 803 830 831 805 806 832 833 834 834 835 810 811 836 837 838 838 839 813 814 815 816 840 840
841 842 842 843 819 844 845 845 846 847 848 848 822 849 850 850 851 852 853 854 855 856 826 827 857 857 858 859 830 860 861 861 832 833 862 863 835 864 865 836 837 866 866 839 867 867 868 869 869 870
841 871 872 872 873 844 874 875 846 847 876 876 877 878 878 879 851 852 853 854 855 856 880 881 881 882 858 859 883 860 884 885 885 886 862 863 887 887 865 888 889 890 891 891 892 892 868 893 893 870
894 871 895 895 873 896 874 897 897 898 898 899 900 900 901 901 902 903 903 904 905 905 880 906 906 882 907 907 883 908 884 909 910 910 911 911 912 912 913 888 889 890 914 914 915 916 916 917 917 918
894 919 919 920 920 921 921 922 922 923 923 924 925 925 926 927 928 929 929 904 930 931 932 932 933 933 934 934 935 908 936 937 937 938 938 939 939 940 913 941 941 942 942 943 915 944 944 945 945 918
946 947 947 948 949 949 950 951 951 952 952 924 953 954 926 927 928 955 955 956 956 931 957 958 958 959 960 960 961 962 936 963 963 964 965 965 966 966 967 968 969 969 970 971 972 973 973 974 975 975
946 976 977 977 978 978 979 979 980 981 982 982 953 983 984 984 985 985 986 987 987 988 989 990 991 991 992 993 961 994 994 995 996 964 997 998 998 999 999 968 1000 1000 970 971 1001 1002 1003 974 1004 1005
1006 976 1007 1008 1008 1009 1009 1010 980 981 1011 1012 1013 983 1014 1015 1015 1016 1017 1017 1018 988 989 1019 1020 1020 992 1021 1022 1023 1024 1024 996 1025 1025 1026 1027 1027 1028 1028 1029 1029 1030 1030 1001 1002 1031 1032 1004 1033
1034 1035 1007 1036 1037 1037 1038 1010 1039 1040 1011 1041 1013 1042 1014 1043 1043 1016 1044 1045 1018 1046 1046 1019 1047 1048 1048 1021 1022 1049 1049 1050 1050 1051 1051 1052 1053 1054 1054 1055 1055 1056 1056 1057 1058 1059 1031 1060 1060 1033
1034 1035 1061 1036 1062 1063 1063 1064 1039 1040 1065 1041 1066 1066 1067 1068 1069 1069 1044 1070 1071 1071 1072 1072 1047 1073 1074 1074 1075 1076 1077 1077 1078 1078 1079 1052 1053 1080 1081 1081 1082 1083 1084 1057 1058 1059 1085 1085 1086 1086
1087 1088 1061 1089 1062 1090 1090 1091 1092 1092 1065 1093 1094 1095 1095 1068 1096 1097 1097 1070 1098 1099 1100 1100 1101 1102 1102 1103 1075 1076 1104 1104 1105 1106 1107 1108 1108 1080 1109 1109 1082 1083 1084 1110 1110 1111 1111 1112 1113 1114
1087 1115 1116 1089 1117 1117 1118 1091 1119 1120 1120 1093 1094 1121 1122 1123 1096 1124 1125 1126 1098 1127 1127 1128 1129 1129 1130 1131 1132 1132 1133 1134 1134 1106 1107 1135 1136 1137 1137 1138 1138 1139 1140 1140 1141 1141 1142 1142 1113 1143
1144 1115 1145 1146 1147 1147 1118 1148 1148 1149 1150 1150 1151 1121 1122 1123 1152 1153 1125 1126 1154 1155 1156 1128 1157 1158 1158 1131 1159 1160 1160 1161 1162 1163 1163 1135 1164 1164 1165 1165 1166 1139 1167 1168 1169 1170 1170 1171 1172 1143
1173 1174 1145 1175 1176 1176 1177 1177 1178 1178 1179 1180 1151 1181 1181 1182 1182 1153 1183 1184 1154 1155 1185 1186 1187 1188 1188 1189 1190 1191 1191 1161 1192 1192 1193 1194 1194 1195 1196 1196 1166 1197 1167 1168 1198 1198 1199 1171 1172 1200
1173 1201 1201 1175 1202 1203 1204 1205 1205 1206 1179 1180 1207 1207 1208 1209 1209 1210 1183 1184 1211 1211 1185 1186 1187 1212 1213 1189 1190 1214 1214 1215 1215 1216 1217 1218 1218 1219 1219 1220 1220 1197 1221 1222 1222 1223 1223 1224 1225 1226
1227 1227 1228 1229 1202 1203 1230 1230 1231 1231 1232 1232 1233 1234 1235 1236 1236 1210 1237 1237 1238 1239 1239 1240 1241 1241 1213 1242 1243 1243 1244 1244 1245 1246 1217 1247 1248 1248 1249 1250 1251 1252 1253 1253 1254 1254 1255 1255 1225 1226
1256 1257 1228 1258 1259 1259 1260 1261 1261 1262 1263 1263 1233 1264 1235 1265 1265 1266 1267 1268 1269 1269 1270 1240 1271 1272 1272 1273 1273 1274 1274 1275 1245 1246 1276 1276 1277 1278 1279 1250 1251 1280 1280 1281 1282 1283 1284 1285 1286 1287
1256 1288 1288 1258 1289 1290 1291 1291 1292 1293 1294 1295 1296 1264 1297 1298 1298 1266 1299 1268 1300 1301 1270 1302 1271 1303 1303 1304 1305 1305 1306 1306 1307 1308 1308 1309 1277 1278 1279 1310 1311 1312 1313 1314 1282 1283 1284 1285 1286 1287
1315 1316 1317 1318 1289 1290 1319 1319 1292 1293 1294 1295 1320 1320 1297 1321 1322 1322 1299 1323 1323 1301 1324 1324 1325 1325 1326 1327 1327 1328 1329 1330 1330 1331 1332 1333 1333 1334 1335 1336 1311 1312 1337 1314 1338 1338 1339 1340 1340 1341
1315 1316 1317 1318 1342 1342 1343 1343 1344 1344 1345 1345 1346 1347 1347 1321 1348 1348 1349 1349 1350 1350 1351 1351 1352 1353 1353 1354 1355 1355 1329 1356 1356 1331 1332 1357 1357 1334 1335 1336 1358 1358 1337 1359 1359 1360 1360 1361 1361 1341
78 93 10 17 92 74 27 90 84 39 91 84 81 81 36 11 30 38 59 49 91 26 92 67 45 68 50 28 29 75 44 49 95 87 98 3 34 44 37 16 55 97 6 14 81 83 0 31 31 91
84 88 97 25 93 77 70 65 17 35 67 33 35 73 91 34 13 30 31 14 77 67 51 29 7 75 98 21 52 1 47 2 81 62 53 45 11 89 51 46 99 25 53 69 58 7 22 56 31 77
61 98 98 74 65 78 72 49 6 13 77 96 29 71 85 14 68 0 20 34 14 26 55 77 54 22 72 36 22 31 66 87 56 42 14 90 45 44 76 95 32 0 72 28 28 94 38 69 34 4
87 12 32 30 36 28 75 8 8 67 24 13 51 51 60 81 15 61 7 12 68 4 53 38 11 36 91 12 52 49 0 4 84 39 69 88 22 14 84 6 19 45 87 42 24 61 59 36 79 43
87 61 48 95 63 68 96 72 56 5 95 2 74 33 20 57 82 24 52 20 58 55 28 55 17 86 2 9 36 30 54 73 15 44 62 12 21 23 35 30 98 99 70 93 40 83 78 89 93 26
29 63 76 54 86 99 11 22 49 21 94 88 28 89 74 35 27 55 81 78 42 61 18 43 79 64 93 81 37 5 96 6 49 46 15 76 4 86 97 8 22 76 69 20 67 17 61 33 16 18
69 33 68 5 7 10 96 78 98 62 17 83 25 40 0 63 44 67 69 56 91 90 13 28 53 15 61 73 52 56 50 1 29 27 16 43 31 18 79 44 36 97 59 38 0 23 69 38 22 16
71 95 37 75 86 93 59 0 80 88 98 20 23 9 25 73 3 48 89 14 98 28 90 82 20 0 54 95 87 67 48 96 93 27 54 49 92 86 86 9 80 95 36 7 80 30 12 50 71 95
31 7 13 78 74 61 7 66 33 43 9 77 92 92 16 63 3 14 20 43 47 82 65 93 30 16 68 88 35 47 56 4 71 0 35 57 52 75 5 3 23 31 38 0 2 30 17 77 78 68
80 21 43 54 95 91 42 30 76 60 98 83 52 29 80 92 45 86 71 21 97 19 81 79 35 53 56 82 0 3 44 23 21 50 85 60 45 48 2 34 22 60 40 18 50 85 28 88 65 53
79 26 45 56 85 93 74 68 64 95 10 8 21 24 28 16 2 40 16 77 64 69 96 25 14 52 7 67 55 86 72 50 2 1 90 94 46 3 96 49 98 26 62 61 6 32 8 25 54 21
91 25 84 57 77 90 79 67 4 96 59 0 65 54 70 30 95 57 4 7 99 83 74 69 93 56 76 81 77 61 20 92 41 16 57 2 11 28 90 62 25 43 67 82 71 51 85 2 66 48
71 82 96 76 98 52 98 1 4 63 76 78 40 72 20 50 51 36 11 28 16 28 51 77 22 21 16 46 98 13 3 59 32 55 8 10 67 50 99 19 53 48 30 39 41 74 96 1 35 99
8 63 63 3 63 15 41 92 37 49 70 95 56 20 70 61 65 61 59 37 40 52 34 93 57 47 79 28 73 49 93 68 86 62 44 40 0 86 53 52 23 91 82 62 23 52 90 8 95 32
54 44 96 50 19 28 51 3 68 63 34 35 71 54 21 23 39 96 56 43 15 77 56 47 39 23 31 82 20 21 65 13 61 9 84 16 97 44 84 93 52 96 97 76 62 76 39 9 72 2
33 40 8 76 29 67 84 1 79 43 70 48 65 45 28 98 78 28 38 19 67 44 43 88 74 31 12 52 56 46 42 72 10 45 46 90 56 25 50 13 24 83 39 86 67 11 79 63 99 83
47 81 86 16 88 88 72 20 71 42 31 19 99 66 39 20 81 55 93 49 63 38 72 20 52 18 66 9 33 73 67 96 85 69 6 39 27 59 86 71 35 10 25 38 46 83 24 59 11 44
13 20 58 94 3 38 93 53 86 55 41 80 24 31 94 31 81 90 82 48 11 95 49 7 83 55 92 13 44 41 7 93 14 49 33 83 43 60 76 67 57 50 57 41 92 24 18 90 29 85
96 21 97 45 94 25 36 81 59 80 90 35 96 39 89 37 75 68 34 40 49 44 65 69 98 72 90 83 47 47 15 77 37 24 80 97 56 3 49 52 24 46 52 3 16 43 31 78 43 9
93 67 41 1 24 81 2 66 12 33 60 57 16 85 52 28 88 64 69 26 4 66 49 17 21 63 63 36 58 92 88 66 48 41 55 90 0 93 78 2 56 48 39 90 1 41 4 50 33 98
17 48 74 17 92 59 2 22 92 33 86 39 42 47 55 49 42 18 86 42 32 55 31 70 93 26 81 87 39 69 35 69 6 56 0 30 85 57 20 29 20 84 43 56 56 79 78 6 81 51
23 31 94 23 22 33 9 13 71 71 26 77 57 62 5 98 24 25 69 36 79 32 33 51 28 46 8 91 44 38 38 28 7 10 15 94 59 14 17 91 44 49 1 48 55 67 6 41 45 1
88 86 86 23 90 95 0 19 62 3 83 70 43 76 66 89 3 40 92 51 91 12 44 57 88 18 2 44 10 34 13 91 20 22 79 36 23 83 42 32 67 13 0 66 71 44 36 71 56 99
67 91 36 58 38 72 52 81 42 16 11 41 92 93 12 42 79 70 10 12 32 90 10 93 27 11 27 60 49 21 33 38 33 90 54 35 30 82 32 18 33 48 54 49 77 90 46 18 34 45
70 72 82 29 98 78 40 32 52 57 30 23 14 63 37 18 85 9 33 94 76 46 99 7 32 35 74 53 23 63 69 9 50 61 27 7 56 48 59 70 17 55 93 34 29 84 91 18 64 20
51 72 83 95 92 8 58 43 55 65 96 6 27 62 14 22 32 51 35 41 35 17 43 39 72 45 15 43 37 93 77 66 25 82 30 88 29 66 33 18 30 97 57 88 42 66 71 51 60 7
16 28 74 60 34 61 50 34 39 29 54 85 71 0 85 43 93 39 90 25 27 17 96 57 82 84 30 18 12 49 99 86 41 3 90 63 43 92 7 68 52 66 82 70 56 70 68 52 58 20
55 64 49 37 87 62 16 77 91 22 17 37 43 35 46 68 25 30 7 74 39 48 99 26 16 94 80 9 85 66 99 34 58 91 60 80 6 17 26 47 90 21 86 7 80 11 80 71 9 39
47 44 3 13 83 57 9 84 39 99 65 73 47 82 72 94 55 77 33 50 54 69 94 47 10 7 99 15 51 81 78 87 71 84 73 17 60 95 25 4 16 55 95 2 98 75 66 89 8 33
56 5 10 76 93 16 74 68 63 26 86 53 91 91 71 54 57 74 29 34 83 2 64 37 9 51 55 76 59 86 61 86 18 19 33 54 98 17 71 99 34 66 24 54 85 9 79 11 12 93
62 22 51 47 14 8 20 69 8 85 59 86 99 60 7 27 32 49 9 54 92 41 43 53 56 20 50 77 33 16 24 88 53 54 13 87 13 20 62 88 91 9 23 59 2 36 20 9 30 3
13 11 70 35 88 75 58 58 98 13 92 62 4 19 47 17 62 28 31 98 65 47 19 74 52 22 85 86 72 77 50 26 96 97 56 71 77 24 33 57 15 95 45 41 31 47 82 95 75 59
84 86 82 60 92 57 32 52 50 46 26 74 89 1 52 20 45 68 14 74 97 60 84 66 57 31 78 61 55 74 4 87 19 5 22 55 20 50 46 15 67 96 62 50 50 98 81 37 25 89
24 15 65 48 81 91 99 12 15 62 46 6 16 37 30 49 27 69 76 41 81 13 20 44 84 62 94 37 63 94 48 8 48 57 1 30 0 43 60 38 13 18 20 2 30 51 7 13 97 33
14 31 84 71 12 78 52 57 48 68 3 10 42 53 52 31 5 47 4 81 80 14 55 64 39 9 1 20 64 99 59 42 29 7 50 20 8 83 68 37 52 80 39 57 52 69 12 59 98 42
81 24 71 77 75 16 66 8 0 93 71 40 13 16 22 88 57 45 90 87 60 88 83 70 74 86 64 38 54 88 7 22 23 60 18 3 22 7 10 8 32 34 2 71 90 91 39 7 85 71
94 60 69 84 5 99 90 15 60 59 63 40 0 82 90 57 74 79 62 32 47 83 3 91 74 72 37 30 25 55 99 97 34 37 0 78 12 77 75 77 77 28 72 34 94 40 69 72 39 99
53 17 79 8 73 89 31 61 78 8 54 76 41 21 91 57 53 53 99 87 65 91 25 0 66 35 97 20 20 94 58 76 69 8 84 83 60 83 21 93 99 8 28 5 47 86 85 82 26 56
89 7 62 99 65 94 39 72 51 58 11 21 55 38 15 82 20 76 4 76 56 88 44 55 70 85 69 96 19 11 33 55 0 14 45 28 81 69 86 93 37 21 2 12 58 94 20 51 99 89
82 74 38 27 94 32 15 60 0 26 19 3 54 81 7 11 69 62 70 11 41 71 33 73 20 41 19 42 69 69 35 93 47 80 74 66 92 37 89 33 95 23 85 50 92 19 26 5 44 95
60 17 25 83 3 94 69 12 96 53 16 70 0 11 44 83 87 31 93 62 91 87 23 24 50 79 71 74 47 74 47 95 22 96 59 45 60 5 60 93 95 1 20 68 92 44 6 48 13 19
81 95 78 81 78 25 44 11 26 23 38 43 45 11 67 63 79 25 43 52 96 15 92 99 65 62 19 67 25 6 76 75 54 65 22 21 98 48 47 55 16 52 62 38 18 44 23 65 45 98
5 34 44 39 91 4 81 77 87 89 4 60 96 27 86 56 40 91 47 69 16 45 80 61 33 40 61 21 85 15 79 76 47 37 64 27 30 16 24 56 23 86 81 62 92 91 49 26 98 70
25 55 92 65 83 54 1 63 14 13 98 85 94 91 64 81 3 53 82 88 83 83 6 90 14 85 98 93 81 54 28 70 61 94 38 41 98 87 40 2 12 34 1 52 59 96 43 18 35 89
53 83 83 69 9 34 10 36 12 1 90 84 88 98 29 20 71 73 13 79 86 96 32 26 74 77 95 32 35 88 25 90 33 11 36 20 64 23 38 93 54 46 26 74 23 48 45 93 8 35
68 58 26 62 14 55 30 64 47 95 31 38 35 41 12 91 86 43 27 36 41 57 61 85 81 13 90 24 8 50 17 50 56 3 28 1 85 64 61 97 93 89 9 15 27 65 79 99 70 52
37 91 21 67 90 52 8 5 46 43 60 33 69 85 31 68 58 29 43 50 49 77 4 88 74 27 17 30 82 38 41 2 24 52 36 26 28 38 26 0 36 84 75 9 12 85 16 17 23 87
9 92 67 91 14 3 25 51 94 52 6 74 85 79 66 48 84 82 55 70 2 11 97 90 12 51 75 50 5 53 77 79 59 93 44 25 84 35 32 77 61 1 66 45 24 87 15 34 19 59
52 24 37 11 15 83 94 56 87 83 2 82 29 14 38 7 15 29 29 84 74 84 28 62 39 53 20 48 80 48 13 19 23 37 89 63 72 1 69 10 89 79 95 83 77 62 38 64 57 26
65 22 12 10 91 61 70 30 12 26 1 38 48 52 43 37 65 62 51 22 70 87 47 1 58 82 10 14 91 3 8 73 32 51 66 48 44 30 13 19 99 69 25 74 81 65 20 5 99 76
