6 40
0 1 1 2 3 4 5 6 6 7 8 8 9 9 10 11 12 13 13 14 15 16 16 17 17 18 19 19 20 21 22 22 23 23 24 25 26 27 28 29 30 31 31 32 33 33 34 34 35 35
0 36 37 2 3 4 38 39 40 40 41 42 42 43 10 11 12 44 44 14 15 45 46 46 47 18 48 49 49 21 50 50 51 51 24 25 26 27 28 29 52 52 53 32 54 55 55 56 56 57
58 36 37 59 59 60 38 39 61 62 63 64 64 43 65 65 66 66 67 67 68 45 69 69 47 70 48 71 72 72 73 74 74 75 75 76 77 77 78 78 79 79 80 80 54 81 81 82 83 57
58 84 85 86 86 60 87 87 61 62 63 88 88 89 89 90 91 91 92 92 68 93 93 94 94 95 96 96 97 98 73 99 100 101 101 102 103 103 104 104 105 106 106 107 107 108 109 82 110 110
111 112 85 113 113 114 114 115 115 116 116 117 118 118 119 90 120 121 122 123 124 125 126 127 127 95 128 128 97 98 129 129 100 130 131 102 132 133 133 134 105 135 135 136 137 108 109 138 139 139
111 112 140 140 141 142 143 143 144 145 146 117 147 147 119 148 148 121 122 149 124 125 126 150 150 151 152 152 153 154 155 155 156 130 131 157 132 158 159 134 160 160 161 161 137 162 162 138 163 164
165 165 166 167 167 142 168 169 144 170 146 171 171 172 172 173 173 174 175 149 176 177 178 179 180 181 182 183 153 184 185 186 156 187 187 157 188 158 159 189 190 191 192 193 194 194 195 196 163 164
197 198 166 199 199 200 168 201 202 170 203 204 205 206 207 208 209 174 210 210 176 177 211 179 212 181 182 213 213 184 185 186 214 214 215 216 217 218 218 219 190 220 192 221 222 222 195 196 223 223
197 198 224 224 225 225 226 201 202 227 203 204 205 228 207 229 209 230 231 232 233 233 211 234 212 235 236 236 237 238 239 240 240 241 215 216 217 242 242 219 243 220 244 221 245 246 247 248 248 249
250 251 251 252 253 254 255 256 256 227 257 258 259 228 260 229 261 230 231 232 262 263 264 234 265 265 266 266 267 238 268 268 269 269 270 271 272 273 273 274 243 275 275 276 276 246 247 277 278 278
250 279 279 252 280 254 255 281 282 282 257 258 283 284 285 286 287 287 288 288 262 263 264 289 289 290 290 291 267 292 293 293 294 294 270 271 295 296 297 274 298 298 299 300 300 301 302 303 304 304
305 306 306 307 280 308 308 281 309 309 310 311 283 284 285 312 312 313 314 315 315 316 317 318 318 319 320 321 321 322 322 323 323 324 325 325 295 296 297 326 327 327 299 328 329 330 302 303 331 331
305 332 333 333 334 334 335 336 336 337 310 338 339 339 340 340 341 313 314 342 343 343 317 344 344 319 320 345 346 347 348 348 349 324 350 351 351 352 353 326 354 355 356 356 329 330 357 358 358 359
360 361 362 363 363 364 335 365 365 337 366 338 367 368 369 369 370 371 372 342 373 373 374 374 375 376 377 345 346 347 378 379 349 380 350 381 381 352 353 382 354 355 383 383 384 384 357 385 386 359
360 361 387 387 388 388 389 389 390 391 392 393 367 394 394 395 370 371 372 396 396 397 398 398 375 376 377 399 400 400 378 379 401 380 402 403 404 405 406 382 407 408 409 409 410 411 411 412 386 413
414 414 415 416 416 417 417 418 418 391 392 393 419 419 420 395 421 421 422 423 424 424 425 425 426 426 427 399 428 429 430 430 431 432 433 403 404 405 406 434 407 408 435 436 410 437 438 412 439 413
440 440 441 442 443 443 444 444 445 445 446 446 447 447 420 448 448 449 422 423 450 451 452 453 454 454 455 455 428 429 456 457 431 432 433 458 458 459 459 434 460 460 435 461 462 437 438 463 464 464
465 466 441 442 467 467 468 469 470 471 471 472 473 473 474 475 475 449 476 477 450 478 452 453 479 480 480 481 481 482 456 483 483 484 485 486 486 487 487 488 489 490 490 461 491 491 492 463 493 493
465 466 494 494 495 496 497 469 470 498 498 472 499 500 474 501 501 502 476 503 504 478 505 505 479 506 507 508 508 482 509 510 510 484 485 511 512 513 513 488 514 515 515 516 516 517 492 518 518 519
520 521 522 523 495 496 497 524 525 525 526 527 499 500 528 529 529 502 530 503 531 531 532 532 533 506 507 534 535 536 536 537 537 538 538 511 512 539 539 540 514 541 542 542 543 544 544 545 546 519
547 521 522 523 548 548 549 524 550 551 526 552 553 554 528 555 556 556 557 557 558 558 559 559 533 560 560 534 561 562 562 563 564 565 566 567 567 568 568 540 569 541 570 570 543 571 572 572 546 573
547 574 574 575 575 576 549 577 550 551 578 552 553 554 579 555 580 580 581 581 582 582 583 583 584 584 585 586 561 587 588 563 564 565 566 589 589 590 590 591 569 592 592 593 594 571 595 596 597 597
598 599 599 600 600 576 601 577 602 602 578 603 603 604 579 605 606 606 607 607 608 608 609 609 610 610 585 586 611 612 588 613 614 614 615 615 616 617 618 618 619 620 620 593 621 621 595 596 622 623
598 624 625 626 626 627 628 628 629 629 630 631 632 633 634 635 636 637 638 639 639 640 641 641 642 642 643 644 611 612 645 645 646 646 647 647 616 617 648 649 650 651 652 652 653 654 655 656 656 623
657 657 625 658 658 659 660 660 661 661 630 631 632 633 634 635 662 637 638 663 663 640 664 665 665 666 667 644 668 669 669 670 671 671 672 673 673 674 648 649 650 675 676 677 677 654 655 678 678 679
680 681 682 683 683 659 684 684 685 686 687 687 688 688 689 690 662 691 691 692 693 694 695 696 697 697 667 698 668 699 699 670 700 700 672 701 701 674 702 703 704 675 705 705 706 707 707 708 709 679
680 681 682 710 710 711 712 713 685 714 715 715 716 717 718 690 719 720 721 692 693 694 695 696 722 722 723 723 724 725 725 726 727 727 728 729 730 730 731 703 704 732 732 733 733 734 735 708 709 736
737 737 738 739 740 711 712 741 741 714 742 742 743 717 718 744 744 720 745 746 746 747 748 748 749 750 750 751 724 752 753 726 754 755 728 729 756 756 731 757 758 758 759 759 760 761 735 762 762 736
763 764 738 739 765 766 766 767 768 768 769 769 743 770 771 771 772 772 745 773 774 775 775 776 749 777 777 751 778 752 779 779 754 755 780 781 781 782 782 757 783 783 784 785 760 761 786 787 787 788
763 764 789 790 765 791 792 792 793 793 794 794 795 796 797 798 798 799 799 773 774 800 801 776 802 803 804 805 806 806 807 808 808 809 780 810 811 811 812 812 813 814 814 785 815 815 786 816 817 788
818 819 789 790 820 791 821 822 823 824 824 825 795 796 797 826 826 827 828 829 830 800 801 831 802 832 804 805 833 833 834 834 835 809 836 837 838 839 840 840 813 841 842 842 843 843 844 844 817 845
818 819 846 846 820 847 821 822 848 848 849 825 850 850 851 852 852 827 828 829 830 853 854 831 855 832 856 856 857 858 858 859 835 860 861 837 862 839 863 864 865 841 866 866 867 868 869 869 870 845
871 872 872 873 873 847 874 875 875 876 876 877 877 878 851 879 880 881 881 882 883 853 884 884 855 885 886 886 857 887 888 859 889 860 861 890 862 891 892 864 865 893 893 894 894 868 895 896 896 897
871 898 898 899 899 900 901 901 902 902 903 903 904 905 905 906 880 907 908 909 883 910 910 911 911 885 912 913 913 887 914 914 889 915 915 890 916 891 892 917 917 918 919 920 920 921 922 922 923 897
924 924 925 925 926 927 927 928 928 929 930 930 904 931 932 906 933 934 908 909 935 935 936 937 937 938 912 939 939 940 940 941 942 943 944 945 916 946 947 948 948 949 919 950 950 921 951 951 952 953
954 954 955 955 956 957 958 958 959 960 960 961 961 931 932 962 962 934 963 963 964 965 966 967 968 938 969 969 970 971 971 972 942 973 944 945 974 946 975 975 976 949 977 977 978 979 979 980 952 953
981 981 982 982 956 983 984 985 959 986 987 987 988 988 989 989 990 990 991 992 964 965 966 993 968 994 994 995 996 996 997 972 998 973 999 1000 974 1001 1002 1002 1003 1004 1005 1005 1006 1007 1008 980 1009 1010
1011 1012 1012 1013 1013 983 984 985 1014 986 1015 1016 1017 1018 1018 1019 1019 1020 991 992 1021 1022 1023 993 1024 1025 1025 995 1026 1026 997 1027 998 1028 999 1029 1029 1001 1030 1030 1003 1004 1031 1032 1006 1007 1008 1033 1033 1010
1034 1035 1036 1036 1037 1038 1038 1039 1039 1040 1015 1016 1017 1041 1041 1042 1043 1043 1044 1044 1021 1022 1023 1045 1046 1047 1048 1049 1050 1051 1051 1027 1052 1053 1054 1054 1055 1056 1056 1057 1057 1058 1031 1032 1059 1059 1060 1061 1062 1062
1034 1063 1063 1064 1064 1065 1065 1066 1066 1040 1067 1067 1068 1069 1069 1042 1070 1070 1071 1071 1072 1072 1073 1073 1046 1047 1048 1074 1050 1075 1076 1077 1077 1053 1078 1078 1055 1079 1080 1080 1081 1081 1082 1083 1084 1085 1060 1086 1087 1088
1089 1090 1090 1091 1091 1092 1092 1093 1094 1094 1095 1095 1068 1096 1096 1097 1098 1098 1099 1100 1101 1102 1102 1103 1104 1104 1105 1074 1106 1106 1076 1107 1108 1108 1109 1109 1110 1079 1111 1112 1113 1114 1082 1115 1084 1116 1116 1086 1087 1088
1089 1117 1117 1118 1118 1119 1120 1120 1121 1121 1122 1123 1123 1124 1124 1125 1125 1126 1099 1100 1101 1127 1127 1103 1128 1129 1130 1131 1132 1132 1133 1107 1134 1135 1136 1137 1110 1138 1138 1112 1113 1114 1139 1115 1140 1141 1142 1142 1143 1144
1145 1146 1147 1147 1148 1149 1150 1150 1151 1152 1152 1153 1154 1154 1155 1156 1156 1126 1157 1158 1158 1159 1159 1160 1128 1129 1130 1131 1161 1161 1162 1162 1134 1135 1136 1163 1163 1164 1164 1165 1166 1166 1139 1167 1140 1168 1168 1169 1169 1144
1145 1146 1170 1170 1148 1149 1171 1172 1151 1173 1173 1174 1174 1175 1176 1177 1178 1179 1179 1180 1181 1182 1182 1183 1184 1185 1185 1186 1187 1187 1188 1188 1189 1190 1190 1191 1191 1192 1193 1165 1194 1195 1196 1197 1198 1198 1199 1199 1200 1201
1202 1202 1203 1204 1204 1205 1205 1172 1206 1206 1207 1207 1208 1175 1176 1177 1209 1209 1210 1180 1211 1212 1212 1183 1184 1213 1214 1186 1215 1216 1216 1217 1189 1218 1218 1219 1220 1220 1193 1221 1194 1195 1196 1197 1222 1223 1223 1224 1200 1201
1225 1225 1203 1226 1227 1228 1229 1229 1230 1231 1231 1232 1233 1234 1235 1235 1236 1237 1237 1238 1211 1239 1239 1240 1241 1213 1214 1242 1215 1243 1244 1217 1245 1246 1246 1219 1247 1248 1248 1249 1249 1250 1251 1251 1252 1253 1254 1255 1256 1256
1257 1258 1258 1226 1259 1228 1260 1260 1230 1261 1262 1262 1233 1263 1263 1264 1264 1265 1265 1238 1266 1266 1267 1240 1241 1268 1269 1269 1270 1243 1244 1271 1272 1272 1273 1274 1274 1275 1276 1276 1277 1278 1278 1279 1252 1280 1254 1255 1281 1282
1257 1283 1283 1284 1259 1285 1285 1286 1287 1261 1288 1289 1289 1290 1291 1292 1292 1293 1293 1294 1295 1295 1267 1296 1296 1297 1298 1298 1270 1299 1299 1271 1300 1300 1301 1301 1302 1275 1303 1303 1304 1304 1305 1306 1306 1280 1307 1308 1281 1282
1309 1310 1310 1284 1311 1312 1313 1286 1287 1314 1288 1315 1316 1317 1291 1318 1319 1319 1320 1321 1321 1322 1323 1324 1325 1297 1326 1326 1327 1327 1328 1328 1329 1329 1330 1330 1302 1331 1331 1332 1333 1333 1334 1335 1336 1336 1307 1308 1337 1337
1309 1338 1338 1339 1311 1312 1313 1340 1340 1341 1341 1315 1316 1317 1342 1318 1343 1343 1344 1344 1345 1322 1323 1324 1325 1346 1347 1347 1348 1348 1349 1349 1350 1351 1351 1352 1353 1353 1354 1332 1355 1355 1334 1356 1356 1357 1358 1358 1359 1359
45 74 36 68 30 80 71 89 57 47 93 10 84 14 67 74 55 76 37 94 89 5 13 7 35 13 5 50 45 0 41 63 15 86 9 46 31 92 53 53 54 56 36 12 67 71 45 36 42 71
22 2 9 42 13 14 19 18 25 75 68 25 87 74 62 74 94 43 95 60 44 18 37 64 3 23 72 36 63 8 25 20 63 68 43 88 17 71 32 11 31 63 47 21 52 90 33 64 21 6
20 35 45 25 34 93 37 78 5 98 36 4 2 88 75 16 79 37 52 79 66 72 70 15 52 72 15 92 56 73 96 20 16 99 82 25 9 8 27 67 32 70 66 5 62 80 98 42 73 97
70 80 89 0 71 98 47 96 47 97 99 70 42 87 26 56 2 15 68 47 30 1 70 95 17 46 20 5 45 11 94 20 64 50 49 61 95 16 55 91 96 48 32 37 59 85 85 15 50 44
86 6 45 7 96 29 67 16 88 13 89 68 19 12 77 80 42 71 44 10 13 94 14 61 61 20 94 39 77 7 14 96 76 1 67 98 94 39 43 47 46 69 78 70 78 40 71 51 25 62
27 24 11 9 64 41 16 51 26 12 78 25 71 49 78 95 64 83 73 40 88 45 98 76 40 98 87 2 88 22 37 68 17 80 61 58 95 92 90 69 19 70 29 96 61 15 85 91 44 85
15 33 86 56 74 63 72 19 45 93 45 4 91 91 95 94 83 43 56 42 75 58 47 87 19 76 65 56 70 63 36 97 59 2 57 71 57 82 2 73 26 75 42 11 21 99 73 88 76 91
5 14 68 20 92 82 53 4 92 67 26 40 46 88 80 93 79 20 9 60 11 33 20 87 60 91 21 86 42 87 27 31 79 26 11 78 70 25 28 16 19 98 19 39 34 3 90 25 0 19
9 67 80 34 27 79 45 45 92 71 24 96 7 98 79 40 5 86 63 42 62 65 69 18 41 2 38 36 92 34 30 51 46 96 7 63 92 69 38 35 65 8 41 52 5 1 83 41 40 99
22 45 28 84 39 28 23 32 89 74 98 87 70 26 74 4 14 0 6 68 22 42 58 5 52 82 15 17 92 96 84 0 77 28 63 22 2 3 83 71 59 82 69 87 92 31 41 51 38 13
95 78 98 54 53 65 64 80 40 20 6 29 88 98 71 56 1 47 1 72 27 72 37 93 80 30 0 16 10 18 32 99 50 59 88 48 21 18 20 22 19 70 36 49 83 28 82 43 71 41
6 75 34 43 14 17 0 98 94 85 91 20 58 39 8 84 34 88 96 68 54 68 86 96 9 84 70 68 15 33 68 25 39 23 5 17 71 82 24 24 5 62 60 40 92 27 62 76 96 52
74 53 6 34 71 46 22 32 71 3 83 67 38 14 39 47 23 90 6 60 47 78 69 49 11 15 37 64 14 48 60 90 86 72 45 95 21 55 4 56 14 80 57 69 70 2 50 26 70 92
89 87 26 55 44 54 80 73 11 24 92 44 54 39 69 24 5 34 61 92 13 85 54 96 3 55 20 19 67 12 76 35 8 66 87 95 74 66 32 58 68 86 11 53 3 63 36 21 25 79
30 80 8 47 8 6 87 83 67 3 28 5 17 20 55 43 85 78 87 52 28 61 85 30 27 61 58 52 54 50 92 19 38 73 36 75 51 28 6 35 24 45 56 23 7 54 79 79 76 32
82 18 3 50 58 94 98 63 75 92 82 0 44 11 57 60 58 29 10 69 87 77 27 24 4 50 75 40 60 31 29 9 61 34 1 14 75 90 2 86 7 43 74 26 28 13 16 84 31 47
55 36 53 38 87 36 39 27 33 21 86 7 66 3 19 0 79 4 37 9 38 73 6 1 77 74 89 35 2 2 48 71 81 55 0 49 0 51 89 92 28 10 94 87 97 26 76 70 17 31
32 13 1 49 1 84 95 11 15 21 34 14 3 47 88 77 25 80 17 18 16 1 90 1 51 40 0 90 25 19 71 2 64 94 31 21 8 8 46 2 54 57 14 8 34 91 67 17 47 67
57 58 49 93 28 48 8 72 42 45 19 3 18 65 99 56 59 85 99 36 4 89 78 95 59 78 92 55 73 15 89 10 82 37 14 49 61 89 45 43 80 62 11 26 69 92 24 71 96 79
96 60 39 14 21 79 32 83 77 7 3 88 92 89 91 44 81 66 74 52 11 86 87 22 82 89 37 11 98 60 35 50 86 75 96 45 80 34 70 80 57 40 10 6 75 49 7 86 22 14
5 24 14 35 62 75 39 5 75 49 62 90 81 95 45 34 17 44 5 33 44 97 63 41 9 84 21 99 5 83 70 29 18 82 46 14 88 61 19 23 81 91 32 47 24 68 97 65 19 13
92 19 88 33 65 75 66 38 96 4 24 57 75 22 94 12 77 32 89 15 21 52 58 93 78 76 26 11 7 89 94 43 36 36 44 2 1 7 1 99 54 74 97 58 31 67 49 62 59 50
13 23 73 30 22 6 78 12 16 15 56 59 22 49 35 90 90 87 47 98 16 2 66 69 80 56 73 86 31 27 79 42 51 25 90 65 29 72 78 30 0 18 83 11 8 85 59 59 6 52
14 91 41 88 99 7 68 80 35 22 49 83 62 69 19 98 43 92 33 12 17 52 9 77 83 84 35 79 30 73 36 70 31 90 17 67 92 85 42 1 76 50 4 22 63 58 6 7 13 69
38 82 55 2 85 47 84 40 23 49 19 67 8 22 88 95 35 11 96 12 86 17 84 38 25 14 76 97 16 21 43 27 66 16 36 79 1 51 47 56 0 49 49 82 97 51 22 2 91 7
28 99 41 76 3 53 92 55 23 20 37 8 41 28 44 13 7 5 60 81 69 7 37 59 42 75 2 14 74 70 1 6 84 90 55 89 21 22 95 8 72 6 88 51 15 7 83 2 19 9
16 45 27 78 3 5 38 34 17 33 45 47 21 68 90 62 31 89 46 7 18 75 15 26 43 33 24 33 99 43 76 77 94 51 18 7 57 20 43 87 31 6 0 0 18 94 48 18 71 48
28 46 74 63 10 92 85 0 53 1 91 73 44 73 69 19 21 19 13 48 47 98 73 29 78 67 66 27 60 70 14 92 25 55 40 8 32 69 95 5 2 98 75 7 92 15 95 31 25 95
16 90 65 45 35 39 64 8 83 17 32 50 13 34 83 22 55 20 32 49 84 37 44 32 42 34 5 86 76 87 1 20 33 34 48 77 44 8 89 53 63 54 34 8 6 19 72 65 17 27
81 36 88 10 25 19 46 41 55 87 64 33 97 83 55 89 65 64 77 66 46 19 30 36 27 94 15 3 63 86 49 96 63 83 3 15 48 26 60 65 53 45 31 88 84 70 29 40 54 21
73 19 35 74 48 52 83 16 81 82 87 61 76 29 28 23 14 0 26 62 79 36 59 56 62 63 14 60 56 83 39 35 18 41 75 95 26 58 89 6 78 84 16 51 90 19 88 79 59 57
4 71 28 99 47 10 96 71 33 37 97 71 93 65 16 70 11 14 73 1 92 78 78 5 28 30 51 68 44 48 91 19 12 84 19 26 48 15 83 86 23 97 12 70 93 77 44 70 49 7
74 54 75 72 37 20 75 91 98 45 48 39 66 38 35 82 71 11 22 43 17 73 78 82 10 48 73 54 14 84 59 62 40 92 26 14 99 90 57 92 96 43 9 74 82 29 54 22 70 36
2 23 52 2 39 34 46 91 93 94 66 60 41 41 80 33 38 40 83 56 83 66 25 56 22 25 16 22 29 32 99 84 90 77 11 25 25 84 93 98 59 86 55 87 19 23 25 75 53 69
16 34 67 19 18 60 50 56 44 9 63 25 11 27 23 44 44 27 11 57 56 67 73 70 55 41 2 65 80 23 17 10 90 47 28 29 10 98 84 78 9 31 57 3 17 85 43 71 80 30
11 66 0 42 64 90 55 95 24 90 87 96 73 30 57 55 26 11 56 24 96 0 94 25 52 89 56 58 29 95 59 35 95 48 42 67 92 27 44 44 90 61 4 10 70 28 43 62 12 27
87 69 40 32 5 9 70 58 80 48 91 60 90 37 32 86 7 62 96 32 91 21 46 29 86 61 59 62 16 88 68 37 80 39 19 39 46 0 47 65 42 34 13 71 20 64 62 82 71 72
51 37 62 25 90 1 53 94 43 65 78 58 68 52 58 60 97 40 51 90 81 99 22 21 51 31 52 17 62 53 28 44 34 81 43 3 69 3 3 59 33 64 10 2 4 3 45 91 64 1
63 14 42 24 96 15 15 77 98 14 76 47 43 22 40 39 5 69 58 53 33 47 15 91 24 48 19 55 49 42 11 67 98 12 62 98 65 59 1 87 84 1 52 17 5 8 61 46 92 24
62 84 51 33 43 92 30 28 52 25 38 52 43 93 97 99 62 82 30 37 24 77 57 10 7 25 31 54 27 15 95 26 16 40 30 6 58 13 1 19 60 67 39 88 17 27 9 59 19 89
18 51 5 62 34 14 82 90 98 25 11 14 79 90 74 41 90 53 24 95 25 8 71 46 28 19 47 83 32 40 39 3 17 26 91 66 6 13 46 50 35 14 5 3 42 46 94 17 81 89
85 71 66 55 91 88 55 40 76 60 43 99 12 41 49 64 38 65 23 13 57 37 20 69 96 20 44 44 10 77 10 3 24 80 82 55 65 38 1 80 15 20 59 11 50 11 23 8 80 75
74 75 0 16 68 71 85 51 61 64 30 22 70 14 40 81 8 53 45 0 52 24 46 14 33 12 5 32 67 3 22 26 68 36 92 31 15 9 78 11 12 53 20 44 93 59 38 64 39 13
47 82 97 94 13 14 89 63 50 29 67 79 60 80 15 77 88 20 10 21 44 34 56 99 1 93 60 38 27 88 89 17 62 50 43 50 85 70 97 48 72 27 98 4 98 59 98 73 62 33
17 84 22 52 17 6 4 81 9 49 61 39 31 13 73 8 19 70 38 57 24 23 37 35 50 65 70 29 20 68 23 74 1 29 67 76 8 11 52 32 34 12 26 22 13 50 49 46 63 26
60 38 17 12 20 40 45 45 43 66 58 12 67 38 39 84 55 81 69 23 68 9 88 79 41 3 11 16 92 37 65 48 40 45 9 87 98 24 40 83 76 12 44 45 75 1 92 78 2 99
26 76 51 78 25 17 57 82 53 77 2 3 26 53 32 65 20 40 35 89 52 85 7 76 64 16 90 88 41 65 91 59 94 97 13 82 74 89 93 26 75 99 46 78 12 4 23 11 48 63
70 64 8 60 95 38 48 19 15 4 14 94 25 7 28 76 12 21 83 96 65 14 56 19 76 31 53 68 93 22 55 84 85 10 59 21 0 67 46 89 60 88 42 46 46 54 44 39 47 51
29 45 8 29 74 20 36 20 64 50 50 30 47 42 98 17 63 69 14 59 51 34 60 25 65 74 26 70 24 76 62 70 80 38 78 12 77 64 58 18 29 68 49 0 58 15 43 44 38 70
8 11 15 78 3 31 39 97 19 66 52 56 45 66 47 61 23 78 54 81 91 27 14 9 55 30 79 20 34 93 20 24 61 0 85 87 96 65 88 8 65 60 35 61 59 54 92 12 33 89
