36 38
0 1 2 3 3 4 5 6 7 8 8 9 9 10 11 12 13 14 14 15 16 16 17 17 18 19 19 20 21 22 23 23 24 25 26 26 27 28 28 29 29 30 31 32 32 33 34 34 35 35
0 1 2 36 36 4 5 37 7 38 38 39 39 10 40 12 41 41 42 43 44 45 46 46 18 47 47 48 21 22 49 50 50 25 51 52 27 53 54 55 55 30 56 57 58 33 59 60 60 61
62 63 63 64 65 66 66 37 67 67 68 68 69 70 40 71 71 72 42 43 44 73 73 74 75 75 76 48 77 78 79 80 80 81 51 52 82 82 54 83 83 84 56 57 58 85 59 86 86 61
62 87 88 64 65 89 90 90 91 91 92 92 69 93 93 94 94 95 95 96 97 98 99 99 100 100 101 102 103 78 79 104 104 81 105 106 107 107 108 108 109 110 110 111 112 85 113 114 114 115
116 87 88 117 118 89 119 119 120 120 121 121 122 123 124 125 126 127 128 96 129 98 130 131 132 132 101 102 103 133 133 134 135 135 105 106 136 136 137 137 109 138 138 111 112 139 113 140 140 115
141 142 143 143 118 144 144 145 146 147 147 148 148 123 149 125 126 127 128 150 129 151 130 131 152 153 153 154 155 155 156 134 157 157 158 159 160 160 161 161 162 163 164 165 165 139 166 167 168 168
141 142 169 169 170 171 171 145 146 172 172 173 174 175 149 176 176 177 178 150 179 151 180 180 152 181 182 154 183 183 184 185 186 187 187 159 188 188 189 190 162 163 191 192 192 193 193 167 194 194
195 195 196 197 170 198 198 199 200 201 201 173 174 175 202 202 203 203 178 204 179 205 206 207 207 181 182 208 208 209 184 185 186 210 210 211 211 212 212 190 213 214 191 215 215 216 216 217 218 218
219 219 196 197 220 220 221 199 200 222 223 224 224 225 226 226 227 227 228 228 229 205 230 230 231 231 232 232 233 234 234 235 235 236 237 238 238 239 240 240 213 241 242 242 243 244 244 245 245 246
247 248 249 249 250 251 221 252 253 222 254 255 256 256 257 258 258 259 260 261 262 262 263 263 264 264 265 265 266 266 267 268 269 236 237 270 270 271 271 272 272 241 273 274 274 275 276 276 277 246
247 248 278 279 250 251 280 252 253 281 254 255 282 282 257 283 283 259 284 261 285 285 286 287 288 288 289 289 290 291 292 268 293 294 295 295 296 297 297 298 299 299 300 300 301 275 302 302 303 304
305 305 278 279 306 306 280 307 308 309 309 310 311 312 313 313 314 315 284 316 317 317 286 318 318 319 319 320 320 291 292 321 293 322 323 323 324 324 325 298 326 326 327 327 301 328 329 330 303 331
332 333 334 335 336 336 337 307 308 338 338 310 339 312 340 341 314 342 342 316 343 343 344 344 345 346 346 347 348 348 349 349 350 322 351 352 352 353 325 354 354 355 356 357 358 328 329 359 360 331
332 333 334 361 361 362 363 363 364 365 366 366 339 367 340 341 368 369 369 370 371 372 373 374 374 375 375 347 376 376 377 378 350 379 351 380 381 353 382 382 383 383 356 357 358 384 384 359 360 385
386 386 387 387 388 388 389 390 364 391 392 393 394 395 396 397 368 398 398 370 371 372 373 399 399 400 401 401 402 403 377 378 404 405 405 380 381 406 407 408 409 409 410 411 412 413 413 414 415 416
417 418 418 419 420 420 389 390 421 391 422 393 394 395 396 397 423 423 424 425 425 426 427 427 428 400 429 429 402 430 430 431 404 432 433 433 434 406 407 408 435 435 410 411 412 436 436 414 415 416
437 438 439 440 441 441 442 442 443 443 422 444 445 445 446 446 447 447 424 448 449 426 450 451 428 452 452 453 454 455 456 456 457 432 458 459 459 460 461 462 463 463 464 465 466 467 468 468 469 470
437 438 439 440 471 471 472 472 473 473 474 444 475 476 477 478 478 479 479 480 449 481 450 451 482 482 483 453 454 455 484 485 485 486 458 487 487 460 461 462 488 489 489 465 466 490 491 492 492 470
493 493 494 494 495 495 496 497 498 499 474 500 500 476 477 501 502 503 503 480 504 504 505 505 506 506 483 507 508 508 484 509 509 486 510 511 511 512 512 513 513 514 514 515 515 490 491 516 516 517
518 518 519 520 521 521 496 497 498 522 523 524 524 525 526 526 502 527 528 529 529 530 531 532 533 534 534 507 535 535 536 536 537 537 510 538 538 539 540 541 541 542 543 544 544 545 545 546 546 517
547 547 519 548 548 549 550 551 551 522 523 552 553 553 554 554 555 527 556 556 557 530 558 532 533 559 559 560 561 561 562 563 564 564 565 565 566 566 540 567 567 542 543 568 568 569 569 570 570 571
572 573 574 575 575 549 576 576 577 578 579 580 580 581 581 582 582 583 583 584 585 585 558 586 587 588 588 560 589 590 562 563 591 592 593 594 594 595 595 596 597 598 599 600 601 602 603 604 605 571
606 573 574 607 608 608 609 610 610 578 579 611 611 612 613 613 614 615 615 584 616 616 617 618 587 619 619 620 589 590 621 622 623 592 593 624 624 625 626 626 597 627 599 600 601 602 603 604 628 628
606 629 630 630 631 631 632 632 633 634 635 636 636 612 637 637 638 638 639 640 641 641 617 618 642 643 643 620 644 645 621 622 623 646 647 648 648 625 649 650 650 627 651 652 653 654 655 655 656 656
657 657 658 658 659 659 660 661 662 634 635 663 664 665 666 667 668 669 639 670 671 671 672 672 642 673 674 674 644 645 675 676 676 646 647 677 678 679 649 680 680 681 651 682 653 654 683 684 684 685
686 686 687 687 688 688 660 661 662 689 690 690 664 665 666 667 668 669 691 670 692 692 693 694 695 696 696 697 698 698 675 699 699 700 700 677 678 701 702 703 703 681 704 682 705 706 706 707 708 709
710 711 712 713 714 714 715 716 716 689 717 717 718 718 719 719 720 721 722 722 723 724 724 694 695 725 726 697 727 728 728 729 729 730 731 732 733 701 734 734 735 736 736 737 705 738 738 707 739 709
740 711 712 713 741 742 715 743 743 744 744 745 745 746 746 747 720 748 749 750 751 751 752 753 753 725 726 754 727 755 755 756 757 730 731 732 733 758 759 759 735 760 760 761 761 762 763 763 739 764
740 765 766 766 741 742 767 768 768 769 769 770 771 771 772 773 773 748 749 750 774 774 752 775 776 776 777 754 778 778 779 756 757 780 780 781 782 782 783 783 784 784 785 786 786 762 787 787 788 789
790 791 792 792 793 794 767 795 795 796 797 770 798 798 772 799 800 801 801 802 803 804 805 775 806 807 808 808 809 810 779 811 812 812 813 813 814 814 815 815 816 817 818 818 819 820 821 822 822 789
790 791 823 823 793 824 825 825 826 796 797 827 827 828 828 799 800 829 829 802 803 804 830 830 806 807 831 831 809 810 832 811 833 833 834 835 836 836 837 838 839 817 840 840 819 820 841 842 843 843
844 845 846 846 847 824 848 848 826 849 850 850 851 852 852 853 853 854 855 855 856 856 857 858 859 860 861 862 863 863 864 865 865 866 866 835 867 867 837 838 839 868 868 869 870 871 841 872 873 874
844 845 875 875 847 876 877 878 879 879 880 881 882 882 883 884 884 854 885 885 886 886 857 858 859 860 861 862 887 888 864 889 889 890 891 891 892 893 894 894 895 895 896 896 870 871 897 872 873 874
898 899 900 901 901 876 877 878 902 902 880 881 903 904 905 905 906 906 907 908 909 909 910 911 912 913 914 914 887 915 915 916 916 917 918 918 892 893 919 920 921 922 922 923 924 925 925 926 927 927
898 899 900 928 929 930 931 931 932 933 933 934 903 904 935 936 937 937 907 908 938 939 939 911 912 940 941 941 942 942 943 944 945 917 946 947 947 948 948 920 949 950 951 923 952 952 953 926 954 954
955 955 956 928 929 957 957 958 932 959 960 934 961 961 935 936 962 963 963 964 938 965 966 967 967 940 968 968 969 970 943 944 971 971 972 973 973 974 974 975 949 950 951 976 976 977 953 978 979 979
980 980 981 981 982 982 983 983 984 959 985 985 986 986 987 988 962 989 990 991 991 965 966 992 993 994 995 996 996 970 997 997 998 999 972 1000 1001 1002 1003 975 1004 1004 1005 1005 1006 1006 1007 1007 1008 1008
1009 1010 1011 1012 1012 1013 1014 1015 984 1016 1016 1017 1018 1018 987 988 1019 989 1020 1020 1021 1021 1022 992 993 994 995 1023 1023 1024 1025 1025 998 1026 1027 1027 1001 1002 1003 1028 1029 1030 1031 1031 1032 1033 1034 1034 1035 1035
1009 1010 1036 1037 1038 1038 1014 1015 1039 1039 1040 1040 1041 1042 1043 1043 1019 1044 1044 1045 1046 1047 1022 1048 1048 1049 1049 1050 1051 1051 1052 1053 1054 1026 1055 1056 1057 1057 1058 1059 1029 1060 1061 1061 1032 1033 1062 1062 1063 1063
1064 1064 1036 1065 1065 1066 1067 1067 1068 1069 1070 1071 1041 1042 1072 1072 1073 1073 1074 1074 1046 1075 1075 1076 1076 1077 1077 1050 1078 1078 1052 1053 1079 1079 1055 1056 1080 1081 1081 1059 1082 1060 1083 1084 1084 1085 1086 1087 1088 1088
1089 1090 1090 1091 1092 1092 1093 1093 1068 1069 1070 1071 1094 1095 1095 1096 1097 1097 1098 1098 1099 1099 1100 1100 1101 1101 1102 1102 1103 1103 1104 1104 1105 1105 1106 1107 1108 1109 1110 1110 1082 1111 1111 1112 1112 1085 1086 1113 1113 1114
1115 1116 1117 1091 1118 1119 1119 1120 1121 1121 1122 1122 1123 1124 1125 1096 1126 1126 1127 1128 1128 1129 1130 1131 1132 1133 1134 1135 1135 1136 1136 1137 1138 1138 1106 1139 1108 1140 1141 1141 1142 1143 1143 1144 1144 1145 1145 1146 1146 1114
1115 1116 1117 1147 1118 1148 1149 1149 1150 1150 1151 1151 1123 1124 1152 1153 1154 1154 1127 1155 1155 1129 1130 1156 1132 1133 1157 1158 1158 1159 1159 1137 1160 1160 1161 1139 1162 1140 1163 1163 1142 1164 1165 1165 1166 1166 1167 1167 1168 1168
1169 1170 1171 1147 1172 1172 1173 1174 1174 1175 1176 1176 1177 1178 1152 1153 1179 1180 1180 1181 1182 1182 1183 1156 1184 1184 1157 1185 1185 1186 1186 1187 1188 1189 1161 1190 1162 1191 1192 1193 1193 1164 1194 1194 1195 1196 1196 1197 1198 1198
1169 1170 1171 1199 1199 1200 1173 1201 1201 1175 1202 1203 1177 1178 1204 1204 1179 1205 1205 1181 1206 1207 1183 1208 1209 1209 1210 1211 1211 1212 1212 1187 1188 1213 1213 1190 1214 1191 1192 1215 1216 1216 1217 1218 1195 1219 1220 1221 1221 1222
1223 1223 1224 1224 1225 1226 1226 1227 1227 1228 1202 1229 1230 1231 1232 1233 1234 1235 1236 1237 1206 1238 1239 1208 1240 1240 1241 1241 1242 1242 1243 1243 1244 1244 1245 1245 1214 1246 1247 1215 1248 1249 1249 1218 1250 1219 1220 1251 1252 1222
1253 1253 1254 1255 1256 1257 1257 1258 1258 1259 1260 1229 1230 1231 1232 1233 1234 1235 1236 1261 1262 1238 1239 1263 1263 1264 1265 1266 1266 1267 1268 1269 1269 1270 1271 1271 1272 1273 1247 1274 1248 1275 1275 1276 1276 1277 1277 1251 1252 1278
1279 1279 1254 1255 1256 1280 1281 1281 1282 1259 1260 1283 1283 1284 1284 1285 1286 1286 1287 1261 1288 1288 1289 1290 1291 1292 1265 1293 1293 1267 1268 1294 1294 1270 1295 1295 1272 1273 1296 1297 1298 1298 1299 1299 1300 1301 1302 1303 1304 1278
1305 1305 1306 1307 1308 1309 1309 1310 1310 1311 1312 1312 1313 1313 1314 1315 1315 1316 1287 1317 1318 1319 1320 1290 1291 1292 1321 1322 1322 1323 1323 1324 1324 1325 1326 1327 1327 1328 1296 1297 1329 1330 1331 1331 1332 1301 1333 1303 1304 1334
1335 1335 1306 1307 1336 1336 1337 1337 1338 1338 1339 1339 1340 1340 1341 1341 1342 1316 1343 1317 1318 1319 1320 1344 1344 1345 1321 1346 1347 1347 1348 1349 1349 1325 1326 1350 1350 1351 1351 1352 1329 1330 1353 1353 1332 1354 1333 1355 1355 1334
91 23 79 97 5 27 72 53 51 96 10 29 6 56 19 58 89 83 60 47 32 60 44 0 64 69 99 68 48 47 50 43 29 56 41 94 65 88 50 90 62 9 32 30 19 50 9 26 19 8
17 43 73 57 91 22 19 14 7 46 34 53 9 2 38 20 25 77 3 50 29 21 9 33 14 18 4 40 83 89 68 89 91 62 7 50 71 39 32 87 27 72 29 18 15 77 53 64 26 50
90 88 90 13 73 46 44 77 36 37 5 27 73 30 26 85 65 18 61 74 9 60 84 7 42 87 95 22 70 79 18 27 36 4 6 14 23 10 58 3 13 93 67 11 56 9 9 56 69 90
48 53 45 2 27 55 27 56 0 7 45 45 32 80 43 82 81 23 94 4 6 34 80 50 3 42 52 66 28 9 71 72 58 12 31 85 89 79 0 60 4 86 70 12 66 95 7 45 28 87
12 31 15 55 60 0 38 46 4 99 9 43 78 17 1 5 89 98 69 2 73 27 63 16 30 81 31 8 95 92 73 66 50 79 78 62 30 93 76 44 36 6 16 69 81 12 77 57 41 99
19 42 21 39 82 97 98 36 62 49 41 50 25 73 22 60 65 71 37 68 59 34 43 69 52 2 30 64 95 75 12 77 66 76 34 38 85 74 88 59 58 68 26 67 76 40 75 40 95 91
14 32 10 0 88 94 0 78 11 79 2 20 72 33 92 72 95 42 3 49 29 62 22 49 34 86 20 3 87 47 41 46 74 24 74 48 0 81 90 48 35 37 55 55 12 30 23 69 49 14
46 79 76 12 5 81 4 48 58 42 54 54 72 46 34 76 88 53 19 10 29 91 63 7 36 37 52 88 51 68 62 41 85 28 84 82 86 53 39 80 57 36 73 32 31 80 97 46 74 51
46 18 39 73 54 54 5 61 46 61 98 0 50 16 11 2 50 4 92 47 52 24 7 72 66 1 34 19 31 62 67 47 32 10 24 16 28 91 33 67 33 26 33 71 96 20 98 45 47 19
26 50 49 2 77 8 2 61 33 30 67 39 62 25 30 3 65 53 42 81 89 69 89 23 98 45 35 3 49 4 23 49 30 10 29 84 75 31 65 64 48 59 31 86 86 9 3 55 68 71
93 36 50 88 14 17 97 15 6 57 14 95 22 86 28 40 24 13 83 4 90 4 46 58 23 43 63 46 81 60 61 59 9 49 82 62 55 9 65 5 20 7 73 5 16 52 28 97 49 23
43 30 41 94 57 14 33 90 38 27 48 42 52 40 71 19 63 25 23 64 78 51 44 32 18 88 8 84 66 7 24 79 54 15 62 69 86 70 61 45 77 46 85 58 93 27 18 90 59 37
27 31 22 55 75 13 82 13 71 51 95 67 31 6 70 57 12 95 3 95 95 71 59 18 94 75 8 49 9 44 72 52 25 21 3 52 74 81 74 41 71 72 13 37 19 65 10 87 3 2
77 91 85 39 96 64 62 57 70 32 68 66 57 63 36 65 65 72 30 15 94 28 82 81 22 54 69 64 80 36 84 12 35 84 16 31 46 2 5 39 3 47 83 5 66 52 78 37 62 70
21 70 70 34 97 90 49 95 41 84 68 56 52 84 25 0 85 62 25 57 55 50 94 80 77 37 99 80 53 96 38 89 80 28 43 21 24 16 5 53 37 25 33 33 21 12 73 20 69 10
70 83 91 41 97 18 25 47 37 23 92 44 65 23 83 70 54 23 18 67 90 86 88 96 45 59 14 60 34 59 10 41 49 37 90 42 52 95 22 89 61 95 74 86 29 53 73 83 14 11
99 79 16 68 28 64 88 56 90 9 8 56 50 86 17 91 56 56 3 7 46 85 68 90 83 35 3 63 97 36 34 90 74 9 26 69 6 12 84 74 20 89 43 23 40 28 92 20 39 20
85 60 97 56 67 67 18 83 83 32 21 34 99 66 86 40 45 62 12 81 77 12 96 78 15 85 96 7 8 50 91 43 16 54 87 31 86 15 54 41 57 78 37 17 69 56 11 1 73 50
37 33 38 81 6 23 94 84 62 73 44 37 88 87 12 39 0 52 53 19 24 9 86 52 79 89 66 21 88 80 55 5 23 39 14 15 74 1 93 33 4 32 4 27 80 86 7 17 84 56
59 67 38 68 78 62 49 85 84 95 67 0 22 99 83 20 79 60 15 3 95 54 44 32 37 74 46 41 90 71 61 2 28 90 59 86 21 68 23 29 64 75 59 28 83 99 22 31 0 98
20 13 74 31 63 47 59 58 25 13 43 49 93 51 90 52 55 25 12 46 16 54 47 71 3 34 43 94 75 76 97 32 90 3 96 61 12 48 70 44 47 60 10 81 83 45 60 96 21 24
69 79 2 97 45 14 5 23 71 50 11 37 54 35 28 25 31 49 45 37 37 71 52 42 8 50 77 45 58 68 60 51 85 98 75 70 8 24 16 86 71 69 22 15 73 53 3 81 61 74
63 92 40 33 18 61 24 62 83 57 89 99 92 60 83 95 51 64 8 90 10 30 21 93 55 90 5 26 52 46 90 47 26 79 2 46 83 48 97 67 12 45 93 59 53 2 2 86 2 82
82 53 29 30 10 90 60 47 70 84 54 16 27 4 53 33 78 97 32 8 42 34 38 15 65 75 36 44 74 29 13 97 92 20 33 87 87 15 60 69 83 82 19 18 99 8 46 86 87 55
11 51 93 65 64 34 16 76 29 63 68 35 74 92 60 29 85 14 24 29 25 37 88 63 98 53 15 93 67 97 36 61 33 75 88 17 11 6 4 19 73 43 43 83 17 96 77 69 58 61
78 44 82 6 56 68 82 45 29 34 2 90 46 1 92 98 33 97 20 33 91 25 34 32 60 24 58 36 61 13 25 83 81 82 63 21 88 89 33 69 96 69 29 42 73 37 11 78 44 74
38 67 11 98 56 21 96 94 72 9 0 9 55 18 5 11 92 93 43 33 3 26 52 79 3 63 8 55 65 96 25 34 13 0 89 89 43 90 8 72 83 1 62 42 45 94 46 18 96 46
72 24 54 84 73 73 31 89 99 21 29 50 60 85 96 37 88 51 71 17 71 94 47 62 47 82 80 95 7 82 64 13 32 22 9 65 28 15 38 53 47 40 31 61 81 88 20 47 45 80
1 55 11 3 90 70 29 83 34 0 96 8 47 2 85 75 18 30 87 55 89 23 78 43 90 99 35 87 88 15 82 78 85 84 78 10 45 99 15 84 49 60 22 80 73 81 92 14 10 88
86 2 62 6 97 71 38 42 0 53 34 60 48 36 19 7 93 2 21 36 39 74 37 57 94 63 64 30 45 54 32 99 44 39 58 14 41 65 34 4 87 93 3 83 47 63 48 35 16 4
72 27 78 64 64 52 15 0 5 17 39 65 2 56 78 90 79 41 2 75 55 57 36 38 73 97 19 1 0 3 79 95 56 34 14 91 80 76 61 96 63 45 90 78 54 2 75 98 38 59
60 55 40 81 41 72 33 28 21 92 99 19 75 84 79 68 31 53 36 78 14 21 64 26 39 6 38 9 98 0 33 79 43 19 20 84 83 55 57 95 93 5 13 62 56 14 77 39 69 94
69 80 70 78 32 41 7 0 37 80 82 94 8 45 58 65 21 70 31 34 30 15 19 4 32 2 11 7 16 9 14 19 33 86 52 55 50 40 17 20 49 72 60 1 13 55 5 87 24 5
67 22 81 37 6 91 69 98 1 6 79 58 18 92 92 47 58 9 47 51 84 95 48 56 90 49 34 4 92 79 72 25 38 66 76 13 80 87 98 41 57 52 35 47 76 89 33 30 41 5
70 27 75 83 59 45 65 42 23 75 68 74 56 46 94 48 30 5 30 13 94 12 67 52 39 95 38 75 26 96 58 51 12 78 3 4 66 60 72 72 13 83 5 51 9 90 12 86 73 66
21 67 81 13 78 52 77 84 16 88 61 14 58 48 5 53 11 83 59 0 50 69 55 37 27 93 14 83 16 57 46 93 74 15 10 46 40 31 89 31 26 48 98 4 3 53 83 78 60 83
14 77 0 40 31 30 27 79 26 86 75 88 47 85 72 55 95 30 26 48 64 23 2 38 88 29 63 25 64 22 77 75 14 0 2 87 40 82 43 95 28 2 87 92 68 29 16 90 81 62
47 90 66 99 60 1 41 51 59 50 28 41 17 82 70 43 51 8 3 68 16 64 86 17 91 79 68 22 14 0 39 62 70 51 91 70 57 29 99 95 28 22 18 94 80 22 9 83 26 67
29 99 27 76 31 45 75 89 54 70 53 50 67 93 61 80 13 22 9 67 26 55 62 97 68 74 9 19 88 53 43 80 93 67 30 58 68 89 93 85 85 85 53 91 56 46 75 15 99 22
20 60 28 42 69 42 80 31 53 33 25 46 35 69 16 45 27 29 54 55 21 43 90 7 73 79 22 38 6 60 54 62 93 25 11 36 50 86 46 46 10 41 48 43 29 40 33 86 58 74
20 28 11 99 75 73 19 76 12 6 13 78 65 37 76 15 38 30 67 76 22 67 26 72 60 64 88 0 93 88 38 63 47 92 43 61 72 61 32 99 78 87 31 99 98 25 28 27 2 83
34 72 74 57 95 83 56 70 91 73 27 25 7 61 45 89 96 84 63 65 27 66 66 25 74 63 38 65 67 16 84 59 33 25 47 88 49 40 31 22 53 51 60 53 46 27 66 9 25 27
66 8 13 61 91 59 94 62 68 62 79 53 19 24 30 52 18 86 95 80 91 54 58 63 48 89 56 82 55 37 3 80 27 86 12 96 58 21 22 93 26 0 12 16 53 55 90 31 29 40
59 47 66 96 81 56 31 98 6 47 39 59 72 47 51 37 2 80 53 88 80 23 30 85 13 53 79 87 54 51 11 76 34 22 51 89 52 18 67 39 80 66 4 55 49 80 97 19 97 43
67 34 61 55 76 85 8 68 36 83 17 61 89 78 21 59 62 9 81 60 30 7 31 82 45 54 12 0 73 8 37 51 98 39 98 97 68 94 33 74 99 62 11 27 80 52 0 34 25 39
92 84 79 57 52 53 31 73 83 81 89 35 41 41 10 98 23 23 33 50 99 31 22 31 63 8 64 44 9 28 92 79 8 37 40 60 3 7 84 71 65 31 76 19 72 54 73 57 48 33
92 30 99 6 27 65 7 0 5 44 74 67 95 26 27 82 9 80 86 28 19 53 89 53 85 33 36 85 47 3 94 78 26 76 22 10 83 28 70 36 29 32 26 80 32 85 61 75 25 70
22 15 80 86 16 12 16 11 30 86 59 51 19 21 79 78 4 1 36 13 4 45 75 8 70 6 18 78 35 29 64 35 42 34 57 65 53 7 56 72 87 13 67 15 73 82 81 19 99 79
65 27 61 75 78 21 67 65 37 42 62 27 66 31 79 93 54 84 77 84 85 4 0 48 77 35 63 10 58 54 39 58 82 20 92 30 72 46 58 46 56 99 46 56 6 80 76 26 36 38
32 10 44 47 70 85 3 58 95 67 57 77 72 18 13 25 79 21 3 42 83 12 45 81 76 45 67 79 84 89 7 39 30 95 79 6 15 47 39 7 11 70 36 74 67 36 51 37 62 34
