10 46
0 1 2 2 3 3 4 4 5 6 6 7 7 8 9 10 11 11 12 13 13 14 14 15 16 17 17 18 19 20 21 21 22 22 23 24 24 25 26 27 28 29 30 30 31 31 32 33 33 34
0 35 35 36 37 38 39 39 40 41 42 43 43 8 9 44 45 46 12 47 48 49 49 15 16 50 51 18 19 20 52 53 53 54 23 55 55 25 26 27 28 29 56 57 57 58 32 59 60 34
61 62 62 36 37 63 64 65 40 41 42 66 67 68 69 44 45 46 70 47 48 71 71 72 73 50 74 74 75 75 52 76 76 54 77 78 78 79 79 80 80 81 81 82 83 83 84 59 60 85
61 86 87 88 89 63 64 65 90 90 91 66 67 68 92 92 93 94 94 95 96 96 97 72 73 98 99 99 100 100 101 101 102 102 77 103 103 104 105 106 107 108 108 82 109 109 84 110 110 85
111 86 87 88 89 112 112 113 113 114 91 115 115 116 116 117 117 118 119 95 120 121 97 122 122 98 123 124 125 125 126 126 127 128 128 129 129 104 105 106 107 130 131 132 132 133 134 134 135 135
111 136 137 137 138 138 139 139 140 140 141 142 143 143 144 144 145 146 119 147 147 121 148 148 149 149 123 150 151 152 153 153 154 154 155 156 157 158 159 160 161 130 131 162 162 163 164 165 165 166
167 136 168 169 169 170 171 171 172 172 141 142 173 174 175 176 176 146 177 177 178 178 179 180 181 182 183 150 151 152 184 185 186 186 155 156 157 158 159 160 161 187 188 189 189 163 164 190 190 166
167 191 168 192 192 193 194 195 195 196 197 197 173 198 175 199 200 200 201 202 203 204 204 180 181 182 183 205 206 207 207 185 208 208 209 209 210 211 212 213 213 187 188 214 215 216 216 217 217 218
219 191 220 221 221 193 222 222 223 196 224 225 226 198 227 227 228 229 201 230 203 231 232 233 234 235 235 205 206 236 236 237 238 239 239 240 210 211 212 241 241 242 242 214 215 243 243 244 244 218
219 245 245 246 246 247 247 248 223 249 249 225 226 250 251 252 228 229 253 230 254 255 232 233 234 256 256 257 257 258 258 237 259 260 260 261 262 262 263 263 264 264 265 265 266 267 268 268 269 270
271 271 272 272 273 273 274 274 275 275 276 277 277 250 251 252 278 278 253 279 254 255 280 280 281 282 282 283 284 284 285 286 259 287 287 261 288 289 289 290 291 292 292 293 266 267 294 294 269 270
295 296 297 298 299 299 300 300 301 301 302 302 303 303 304 305 306 307 307 279 308 309 309 310 281 311 311 283 312 312 285 313 313 314 315 316 288 317 318 290 291 319 320 320 321 322 322 323 323 324
295 296 297 325 325 326 326 327 328 328 329 330 331 332 304 333 306 334 334 335 308 336 336 310 337 337 338 339 340 340 341 341 342 314 315 343 343 317 318 344 345 346 347 348 349 349 350 351 351 352
353 353 354 355 355 356 357 327 358 358 329 330 331 332 359 333 360 361 361 335 362 362 363 364 365 365 338 339 366 366 367 367 368 369 370 371 372 372 373 373 345 346 347 374 374 375 375 376 376 352
377 378 354 379 379 356 357 380 381 382 382 383 383 384 359 385 360 386 387 387 388 389 363 390 390 391 391 392 393 393 394 394 368 369 370 371 395 395 396 396 397 397 398 398 399 399 400 400 401 401
377 378 402 403 403 404 404 380 381 405 405 406 407 407 408 409 409 386 410 410 388 389 411 412 413 413 414 392 415 415 416 417 418 418 419 419 420 421 422 423 423 424 425 425 426 426 427 427 428 428
429 430 402 431 431 432 432 433 434 435 435 406 436 436 408 437 437 438 438 439 440 441 411 412 442 442 443 443 444 444 416 417 445 446 447 447 420 421 422 448 449 449 450 450 451 452 453 454 455 456
429 430 457 457 458 458 459 433 434 460 461 462 462 463 463 464 465 465 466 439 440 441 467 468 468 469 470 470 471 471 472 472 445 446 473 473 474 475 476 448 477 477 478 478 451 452 453 454 479 456
480 481 481 482 482 483 483 484 484 460 461 485 485 486 487 488 488 489 466 490 491 491 467 492 492 469 493 494 494 495 495 496 496 497 497 498 474 475 499 500 501 502 503 504 505 506 507 508 479 509
480 510 510 511 512 513 514 514 515 515 516 517 517 486 518 518 519 520 521 521 522 522 523 524 525 525 493 526 527 527 528 528 529 530 531 498 532 533 499 500 534 502 535 504 505 506 507 508 536 509
537 538 538 511 512 513 539 540 540 541 542 542 543 543 544 544 519 520 545 545 546 546 523 524 547 548 549 550 551 552 553 554 529 530 531 555 555 533 556 557 534 558 535 559 559 560 561 561 536 562
537 563 564 564 565 565 539 566 567 541 568 568 569 569 570 571 572 573 573 574 575 576 576 577 547 548 549 550 551 552 578 554 579 580 581 582 583 583 584 557 585 558 586 587 587 560 588 588 589 562
590 591 591 592 593 593 594 566 567 595 596 597 597 598 570 599 572 600 600 574 601 602 603 577 604 605 606 607 608 609 578 610 579 580 581 582 611 612 584 613 585 614 614 615 616 617 618 618 589 619
620 621 621 592 622 623 623 624 625 595 626 626 627 627 628 599 629 629 630 631 601 602 603 632 632 605 606 607 608 633 634 635 636 637 638 639 639 612 640 613 641 642 643 644 616 617 645 646 647 647
620 648 649 650 622 651 651 624 625 652 652 653 653 654 654 655 656 656 630 631 657 657 658 659 660 661 661 662 663 633 634 635 664 637 638 665 665 666 640 667 641 642 643 644 668 668 645 669 670 670
671 671 649 650 672 672 673 673 674 674 675 675 676 676 677 655 678 679 680 681 681 682 682 659 683 684 685 662 686 687 687 688 664 689 689 690 690 666 691 667 692 692 693 693 694 694 695 669 696 696
697 697 698 699 700 701 701 702 702 703 703 704 705 705 677 706 706 679 707 707 708 709 710 711 683 684 685 712 686 713 713 714 714 715 715 716 716 717 691 718 718 719 720 720 721 722 695 723 723 724
725 726 698 699 727 727 728 729 729 730 731 732 733 734 734 735 736 737 738 739 708 740 710 711 741 742 743 712 744 744 745 745 746 747 748 748 749 749 750 751 752 719 753 753 721 754 755 756 756 724
725 757 757 758 758 759 728 760 760 730 761 732 733 762 762 735 736 737 763 739 764 740 765 765 741 742 743 766 767 768 769 769 746 747 770 771 771 772 750 751 752 773 774 775 776 754 755 777 778 779
780 780 781 781 782 783 783 784 785 786 761 787 788 789 790 790 791 791 763 792 764 793 794 794 795 795 796 796 767 768 797 798 799 799 800 800 801 802 803 804 805 805 774 775 776 806 806 777 778 779
807 808 809 810 782 811 811 784 785 812 812 813 788 789 814 815 816 817 817 792 818 793 819 819 820 821 822 822 823 824 824 798 825 826 826 827 801 802 803 804 828 829 829 830 831 832 833 833 834 835
807 808 809 810 836 836 837 837 838 838 839 813 840 841 814 815 842 842 843 843 844 844 845 845 846 821 847 847 823 848 849 849 825 850 851 827 852 853 853 854 828 855 855 830 831 832 856 856 857 835
858 859 860 861 862 862 863 863 864 865 839 866 840 841 867 867 868 869 869 870 871 872 873 873 846 874 874 875 876 848 877 877 878 850 851 879 880 880 881 882 882 883 884 884 885 885 886 886 857 887
888 859 889 861 890 891 892 892 864 865 893 893 894 895 896 897 898 898 899 870 900 872 901 901 902 903 903 904 876 905 906 907 908 909 910 911 911 912 881 913 913 883 914 914 915 916 917 917 918 918
888 919 889 920 890 921 921 922 922 923 923 924 894 895 896 925 925 926 899 927 900 928 929 930 931 932 933 904 934 905 906 907 908 909 935 936 937 937 938 938 939 940 941 941 915 916 942 942 943 943
944 944 945 946 946 947 948 948 949 950 950 951 952 952 953 954 954 926 955 956 957 957 929 930 931 932 958 959 960 961 962 963 964 965 935 936 966 966 967 968 939 940 969 969 970 970 971 972 973 973
974 975 945 976 976 947 977 978 949 979 980 951 981 981 953 982 982 983 955 956 984 984 985 985 986 987 958 988 960 961 989 963 964 965 990 991 991 992 967 968 993 994 994 995 996 997 971 998 998 999
974 1000 1000 1001 1001 1002 977 1003 1003 979 980 1004 1005 1006 1006 1007 1007 1008 1009 1010 1011 1012 1012 1013 986 987 1014 988 1015 1015 989 1016 1017 1017 1018 1018 1019 992 1020 1020 993 1021 1022 1022 996 997 1023 1024 1024 999
1025 1025 1026 1027 1028 1002 1029 1029 1030 1031 1031 1032 1005 1033 1034 1035 1036 1008 1009 1010 1011 1037 1037 1038 1038 1039 1040 1041 1042 1043 1043 1044 1044 1045 1045 1046 1019 1047 1048 1048 1049 1049 1050 1051 1052 1053 1023 1054 1054 1055
1056 1057 1058 1027 1028 1059 1059 1060 1061 1062 1062 1032 1063 1063 1034 1035 1036 1064 1064 1065 1066 1066 1067 1067 1068 1039 1040 1041 1042 1069 1069 1070 1070 1071 1072 1073 1073 1074 1075 1075 1076 1076 1050 1051 1052 1053 1077 1078 1078 1079
1056 1080 1058 1081 1082 1082 1083 1060 1061 1084 1085 1085 1086 1087 1087 1088 1088 1089 1090 1065 1091 1092 1093 1094 1094 1095 1095 1096 1097 1098 1099 1099 1100 1071 1072 1101 1101 1074 1102 1102 1103 1104 1105 1106 1107 1107 1108 1109 1110 1079
1111 1080 1112 1081 1113 1113 1114 1115 1115 1116 1116 1117 1086 1118 1119 1120 1121 1122 1090 1123 1091 1124 1093 1125 1126 1127 1128 1128 1097 1098 1129 1129 1100 1130 1131 1132 1133 1134 1135 1136 1103 1104 1105 1137 1138 1139 1108 1109 1140 1140
1141 1141 1112 1142 1143 1143 1114 1144 1145 1146 1147 1147 1148 1118 1119 1120 1121 1122 1149 1150 1151 1124 1152 1152 1126 1153 1154 1154 1155 1155 1156 1156 1157 1130 1131 1158 1133 1134 1135 1136 1159 1160 1160 1137 1138 1139 1161 1162 1162 1163
1164 1165 1165 1142 1166 1167 1167 1144 1145 1146 1168 1168 1169 1170 1170 1171 1171 1172 1149 1150 1151 1173 1174 1175 1175 1153 1176 1177 1177 1178 1179 1179 1157 1180 1180 1158 1181 1181 1182 1182 1159 1183 1183 1184 1185 1185 1161 1186 1186 1163
1164 1187 1188 1188 1189 1190 1191 1192 1193 1193 1194 1194 1169 1195 1195 1196 1197 1197 1198 1198 1199 1199 1174 1200 1201 1202 1176 1203 1204 1178 1205 1205 1206 1206 1207 1207 1208 1209 1209 1210 1211 1212 1212 1184 1213 1213 1214 1214 1215 1215
1216 1187 1217 1217 1189 1218 1191 1192 1219 1220 1221 1221 1222 1223 1223 1196 1224 1225 1226 1227 1227 1228 1229 1200 1201 1202 1230 1203 1204 1231 1232 1232 1233 1233 1234 1235 1235 1236 1237 1237 1211 1238 1239 1240 1241 1242 1243 1243 1244 1245
1216 1246 1246 1247 1248 1218 1249 1250 1250 1220 1251 1251 1222 1252 1252 1253 1224 1225 1226 1254 1255 1255 1229 1256 1257 1257 1258 1258 1259 1260 1261 1262 1263 1263 1234 1264 1264 1236 1265 1266 1266 1238 1239 1240 1241 1242 1267 1268 1244 1245
1269 1270 1270 1247 1248 1271 1249 1272 1272 1273 1274 1275 1276 1276 1277 1277 1278 1278 1279 1254 1280 1281 1282 1283 1283 1284 1285 1286 1259 1260 1261 1287 1287 1288 1288 1289 1290 1290 1265 1291 1291 1292 1293 1293 1294 1294 1295 1268 1296 1296
1269 1297 1298 1299 1299 1271 1300 1301 1302 1273 1274 1275 1303 1304 1305 1305 1306 1307 1279 1308 1308 1281 1282 1309 1310 1284 1285 1286 1311 1312 1313 1314 1315 1315 1316 1316 1317 1318 1318 1319 1320 1292 1321 1322 1323 1324 1295 1325 1326 1327
1328 1297 1298 1329 1329 1330 1300 1301 1302 1331 1332 1332 1303 1304 1333 1333 1306 1307 1334 1334 1335 1336 1336 1309 1337 1337 1338 1338 1311 1312 1313 1339 1339 1340 1340 1341 1341 1342 1342 1319 1320 1343 1343 1322 1323 1324 1344 1325 1326 1327
6 87 36 85 11 41 62 18 85 46 17 47 80 57 26 82 88 8 97 90 61 82 15 87 30 66 82 7 28 17 52 91 84 11 38 56 52 66 26 36 9 9 15 65 68 1 55 97 29 90
44 36 24 29 41 38 39 67 7 40 43 87 76 53 90 98 11 6 41 97 99 68 27 69 13 68 84 45 29 95 44 74 90 37 86 57 39 29 41 82 86 78 70 47 95 6 78 96 52 18
50 36 22 88 75 83 83 5 33 78 13 81 87 36 15 11 44 27 58 8 89 29 57 32 73 82 81 32 94 78 54 63 36 23 30 71 66 3 65 31 2 68 39 76 65 9 80 28 59 30
10 79 77 48 72 73 22 77 44 87 37 0 82 43 75 57 45 31 2 86 39 11 5 26 71 83 95 30 16 52 70 95 80 25 14 24 83 65 74 71 23 54 12 41 36 36 33 92 5 85
12 65 41 21 3 57 60 4 6 52 57 89 43 90 35 97 22 60 20 87 42 3 94 82 23 86 20 83 66 5 78 19 44 68 65 28 42 30 42 14 22 78 88 72 82 18 80 49 86 68
13 51 68 50 99 54 37 65 89 47 40 67 44 99 12 34 73 41 53 21 3 68 91 38 98 14 72 33 93 50 84 6 35 77 65 52 1 64 1 4 51 55 68 37 85 54 59 67 52 1
74 48 82 64 62 70 53 85 87 67 54 72 49 93 96 68 43 57 99 35 37 53 51 13 9 90 15 15 26 62 88 26 93 66 14 40 26 32 22 1 65 26 3 17 84 24 76 19 56 66
89 92 22 14 58 69 23 29 86 35 13 52 82 16 51 49 39 83 13 47 36 87 73 81 72 85 21 96 78 93 91 19 99 41 32 34 30 47 23 80 99 75 52 17 1 98 58 25 19 75
18 8 82 18 69 36 79 17 90 71 12 50 43 99 93 19 83 78 98 21 8 31 28 71 13 29 99 4 65 50 55 31 92 34 83 36 20 2 56 5 6 36 83 90 67 69 45 13 79 43
78 42 54 44 4 14 18 38 6 87 2 0 33 89 57 14 73 1 11 87 82 72 17 53 82 1 95 89 51 61 1 64 16 6 41 12 79 14 18 10 81 88 86 77 46 15 96 75 51 51
98 35 90 28 68 39 38 47 33 3 68 61 52 74 39 84 91 52 71 19 93 94 23 31 45 71 19 44 25 41 49 13 42 42 66 46 57 18 49 56 41 53 85 70 8 55 60 62 28 83
11 12 98 60 54 15 88 9 35 4 95 49 71 64 11 50 47 47 76 31 25 0 43 34 88 53 27 77 98 73 58 34 10 7 82 81 52 38 10 12 23 70 90 31 25 48 58 91 14 27
1 69 67 93 21 70 29 29 69 88 72 96 98 92 86 5 80 26 47 40 60 51 62 76 51 88 43 13 10 57 88 70 21 1 4 56 85 46 82 45 38 86 61 83 31 0 40 58 44 26
66 9 23 75 42 86 62 49 9 89 58 54 88 94 49 90 86 71 24 9 64 86 36 10 6 79 28 45 70 72 34 3 11 97 88 14 40 46 16 2 72 34 7 17 83 62 2 24 53 29
22 78 95 83 52 55 78 71 81 37 59 81 48 37 72 61 71 11 61 96 20 74 98 76 66 82 74 63 40 62 36 60 55 36 2 72 81 92 59 68 86 88 64 71 33 50 68 47 93 83
18 96 27 9 10 34 38 48 18 15 19 40 86 85 21 63 11 32 3 76 96 66 32 46 95 15 94 34 38 83 0 27 16 94 28 76 63 65 76 90 71 23 48 44 2 54 41 5 20 74
99 38 63 39 48 59 93 22 70 91 27 99 75 55 0 33 75 63 28 12 31 32 22 66 33 76 7 51 40 72 65 9 22 89 78 25 96 84 12 90 52 17 60 10 14 7 10 52 19 1
5 69 99 4 16 0 23 14 91 71 20 81 46 16 45 59 51 34 10 63 6 92 41 84 32 21 31 58 47 65 8 8 33 17 89 75 12 44 66 83 86 53 50 13 18 27 5 19 99 34
63 66 67 54 61 48 19 89 5 33 91 72 88 66 86 94 14 34 7 71 68 15 16 39 70 21 69 33 65 36 46 72 99 72 91 56 7 50 31 64 1 94 93 86 40 89 59 19 73 46
98 66 12 57 4 25 93 19 22 83 25 97 0 41 91 37 54 48 70 81 81 14 86 55 17 34 72 2 1 10 43 43 72 39 45 60 16 29 4 45 47 32 69 16 27 39 43 23 7 0
94 20 71 68 86 14 72 12 49 82 33 40 17 16 87 3 15 27 19 7 46 46 83 84 39 85 73 58 98 49 57 36 12 33 97 86 34 92 18 72 33 34 95 59 66 50 16 52 74 80
85 81 32 0 64 55 72 91 86 77 24 98 29 28 14 45 35 99 79 18 0 48 11 37 66 29 74 10 41 22 36 23 54 38 64 66 18 1 87 8 29 94 50 67 67 72 93 97 58 83
36 18 73 65 77 47 72 8 35 37 98 13 57 17 59 67 41 10 21 10 63 74 1 85 6 91 18 62 91 22 4 12 84 54 6 50 29 7 64 64 29 7 4 75 5 64 91 69 4 38
46 94 8 17 83 78 65 91 72 18 93 27 20 88 68 62 55 54 17 13 33 57 84 83 57 60 48 17 71 92 16 91 49 10 27 52 43 21 24 8 54 44 65 90 66 74 41 50 18 21
45 10 48 56 83 4 81 54 80 7 41 43 54 61 32 95 10 78 3 89 79 11 52 90 77 19 49 3 89 62 7 35 68 77 19 40 73 21 91 35 54 12 80 80 31 71 58 38 40 16
58 7 14 73 50 72 19 21 78 65 52 4 86 73 75 8 24 26 21 15 76 33 23 86 4 86 42 66 22 5 17 35 35 62 81 64 84 5 92 84 33 26 48 63 98 82 41 84 67 0
83 21 69 47 58 49 31 43 31 69 54 13 23 69 69 95 12 48 24 35 25 80 85 76 5 17 61 41 14 39 65 78 98 25 64 43 97 67 58 5 9 72 42 30 89 38 17 99 97 31
26 49 10 31 24 3 16 13 51 45 86 87 48 2 36 97 12 10 7 41 45 76 4 52 44 96 61 33 29 80 78 82 68 19 29 91 71 89 82 92 10 55 68 84 58 14 81 97 85 96
45 93 48 40 95 95 67 73 34 26 52 66 42 2 62 27 71 70 92 24 87 26 11 90 33 12 45 99 96 54 53 42 18 31 20 48 34 15 62 32 16 90 73 55 76 13 10 25 2 98
45 71 26 74 87 29 50 31 18 58 34 22 54 22 12 59 87 50 94 51 70 26 82 13 78 0 71 60 86 67 62 97 30 64 11 71 3 48 41 59 16 16 48 70 72 51 94 59 82 26
47 19 48 21 53 38 56 79 12 48 85 77 6 88 59 78 44 23 64 39 53 5 53 97 56 85 54 62 48 99 45 85 41 49 15 95 7 85 68 62 87 65 16 64 93 6 89 76 22 9
77 41 15 39 47 49 72 44 24 70 85 75 93 27 39 82 78 85 84 25 88 34 60 88 65 98 19 84 56 43 70 6 17 99 73 2 87 76 38 98 0 94 22 73 0 35 33 2 37 98
6 51 53 63 50 84 18 29 67 8 5 35 33 53 67 90 17 72 86 73 67 19 80 86 75 70 30 90 17 36 56 99 94 62 21 33 48 83 73 51 11 82 24 55 60 51 82 54 7 68
94 86 82 46 82 27 75 48 27 59 45 2 97 77 50 17 64 33 21 41 59 77 92 99 35 24 22 77 32 73 49 8 45 42 33 8 50 50 68 28 17 23 22 97 93 20 32 36 83 41
0 35 13 73 63 2 33 86 89 39 83 99 21 63 76 69 13 26 27 66 11 94 4 40 83 13 90 63 39 52 18 4 60 70 90 15 5 3 7 63 84 3 19 10 91 57 57 81 50 19
17 78 99 53 20 45 41 44 55 9 41 70 33 70 80 76 85 51 61 57 34 66 28 66 41 56 41 83 27 91 30 91 99 77 49 56 11 7 52 34 38 61 8 56 88 92 60 19 28 96
50 26 16 73 70 27 25 49 87 0 51 47 33 56 93 72 41 85 22 57 73 82 91 65 5 49 47 71 41 29 38 99 25 60 0 62 61 82 79 11 87 4 27 50 94 48 8 62 44 36
7 92 40 9 16 24 29 72 74 22 70 63 57 54 30 74 6 57 94 49 46 9 9 78 32 76 21 73 62 25 73 69 80 61 55 73 25 47 57 17 27 81 14 71 22 31 36 70 1 74
33 72 30 3 70 2 85 30 47 59 88 9 2 13 20 8 48 29 87 28 90 97 84 32 42 66 70 57 93 75 91 40 77 88 10 67 15 50 46 38 15 95 85 11 7 42 64 1 39 63
33 89 70 9 55 10 27 90 80 84 53 89 17 71 16 22 78 26 70 43 40 48 1 1 99 22 74 28 39 70 97 45 18 43 50 91 46 68 73 18 54 67 29 92 84 95 4 31 72 96
77 97 74 4 89 75 59 2 69 76 30 32 96 11 14 47 89 45 61 30 11 60 97 71 7 38 95 53 88 4 99 20 30 48 60 38 44 80 20 52 62 73 39 82 92 49 67 23 18 90
19 41 14 2 66 71 34 73 21 71 49 50 93 2 16 81 82 87 90 4 74 55 93 77 88 36 64 8 75 15 11 67 67 53 20 79 84 65 38 2 96 89 84 35 77 82 93 80 53 36
40 74 34 3 87 73 84 78 68 15 72 24 1 85 41 72 61 41 38 89 25 6 21 80 60 87 1 95 98 69 71 99 52 36 82 23 65 56 38 9 32 28 5 11 53 68 33 47 28 16
99 80 53 23 74 69 22 57 53 78 3 66 73 24 21 81 58 88 53 20 80 36 24 44 55 13 76 95 5 51 34 91 84 68 78 30 85 68 22 85 62 79 11 92 58 87 15 23 18 43
20 52 86 96 29 28 72 55 20 0 1 57 85 72 73 45 53 61 47 39 5 88 64 75 48 6 37 72 29 45 46 71 78 46 77 95 43 81 61 7 66 48 65 3 75 1 22 62 33 80
75 46 43 76 3 8 14 5 48 83 17 89 68 76 1 13 18 9 35 50 51 97 18 97 30 44 81 49 50 88 74 16 78 80 91 53 74 76 33 43 25 11 10 65 36 34 21 54 13 93
43 82 9 82 43 37 91 35 95 77 68 15 27 52 55 5 19 54 18 71 53 4 87 43 62 36 48 23 54 56 30 15 47 5 98 93 98 3 30 58 6 21 47 68 85 30 80 28 94 12
65 28 35 85 46 22 1 0 68 87 28 24 3 35 15 42 5 91 61 93 7 80 18 73 50 71 64 72 41 32 22 12 14 4 53 80 19 30 17 65 13 69 25 0 98 29 96 1 61 81
88 45 98 3 13 89 49 65 61 95 93 70 53 75 26 67 10 42 8 63 9 5 62 99 65 16 7 11 6 85 86 84 22 53 48 53 70 1 93 57 93 34 17 28 27 4 67 77 23 60
44 49 57 35 26 24 2 46 4 8 85 16 27 83 28 61 35 0 68 41 17 23 3 88 57 14 53 37 99 50 18 24 21 46 39 18 64 73 64 52 35 55 14 99 27 2 54 23 34 98
