29 37
0 0 1 1 2 3 4 5 5 6 6 7 8 8 9 9 10 11 11 12 12 13 13 14 15 15 16 17 18 19 19 20 20 21 22 22 23 24 24 25 25 26 27 28 28 29 30 31 32 33
34 35 36 36 2 37 4 38 38 39 40 41 42 43 43 44 10 45 45 46 47 47 48 14 49 49 16 17 50 50 51 51 52 21 53 54 55 55 56 56 57 26 58 58 59 29 30 31 32 33
60 35 61 62 62 37 63 63 64 65 40 41 42 66 66 44 67 67 68 68 69 70 48 71 72 72 73 74 74 75 76 76 77 77 53 54 78 78 79 80 80 81 81 82 59 83 84 84 85 86
60 87 87 88 88 89 90 91 91 65 92 93 94 94 95 95 96 97 98 99 99 70 100 71 101 101 102 103 103 75 104 104 105 105 106 106 107 107 79 108 109 110 111 82 112 113 114 114 85 86
115 116 116 117 118 118 90 119 120 120 92 93 121 121 122 123 96 124 98 125 126 127 127 128 129 129 102 130 131 131 132 133 133 134 135 136 136 137 137 108 109 110 111 138 139 113 140 141 142 142
143 144 144 117 145 146 146 119 147 148 148 149 150 151 122 123 152 124 153 125 126 154 154 128 155 156 156 157 157 158 132 159 159 134 135 160 161 162 163 164 165 166 166 138 139 167 140 168 168 169
143 170 170 171 145 172 173 173 174 175 175 149 150 151 176 177 178 179 153 180 180 181 182 182 155 183 183 184 185 185 186 186 187 187 188 160 161 162 163 164 165 189 189 190 191 192 192 193 193 194
195 196 196 171 197 172 198 199 174 200 200 201 202 202 176 177 178 179 203 204 204 181 205 206 207 207 208 184 209 209 210 211 211 212 188 213 213 214 215 216 217 218 219 219 191 220 221 221 222 194
195 223 224 224 225 225 198 199 226 226 227 227 228 229 230 231 231 232 232 233 233 234 234 206 235 235 236 236 237 238 239 240 240 212 241 241 242 242 215 216 217 218 243 243 244 244 245 246 222 247
248 249 249 250 251 251 252 252 253 254 255 256 256 229 230 257 258 258 259 259 260 261 262 262 263 264 265 265 237 238 239 266 267 268 269 270 270 271 272 273 274 275 275 276 277 277 245 278 279 247
248 280 281 250 282 282 283 283 253 254 255 284 284 285 285 257 286 286 287 287 260 261 288 288 263 264 289 289 290 291 292 292 267 268 293 293 294 271 272 273 295 295 296 297 297 298 298 278 299 299
300 300 281 301 301 302 303 304 305 305 306 307 307 308 308 309 310 310 311 312 312 313 314 314 315 316 317 318 318 291 319 319 320 321 321 322 322 323 324 325 326 327 296 328 328 329 330 330 331 331
332 332 333 334 334 302 303 304 335 336 336 337 337 338 338 309 339 340 311 341 342 313 343 344 344 316 317 345 345 346 346 347 320 348 349 349 350 351 324 325 326 352 353 354 355 356 356 357 358 359
360 361 362 363 363 364 364 365 366 367 367 368 369 370 370 371 371 340 372 373 342 374 375 375 376 376 377 378 379 380 381 347 382 382 383 383 350 351 384 385 385 352 353 354 355 386 387 357 358 359
360 388 362 389 389 390 391 365 366 392 392 393 369 394 394 395 396 396 372 373 397 374 398 399 400 401 377 378 379 380 381 402 403 404 404 405 405 406 406 407 407 408 408 409 409 386 387 410 410 411
412 388 413 414 414 390 391 415 415 416 417 393 418 419 420 421 422 423 424 424 425 425 426 399 400 427 427 428 429 430 431 402 403 432 433 433 434 435 436 436 437 438 438 439 439 440 441 442 442 411
443 443 444 445 446 447 447 448 448 416 417 449 418 419 420 421 422 423 450 450 451 452 426 453 454 454 455 428 429 430 456 457 457 432 458 459 459 435 460 460 437 461 461 462 463 440 441 464 464 465
466 467 444 445 468 468 469 469 470 471 471 472 472 473 473 474 475 475 476 477 478 452 479 453 480 480 455 481 482 482 456 483 483 484 484 485 486 487 488 489 489 490 491 462 463 492 492 493 493 465
466 467 494 494 495 495 496 496 470 497 498 498 499 500 501 502 502 503 476 477 478 504 479 505 505 506 506 481 507 508 509 510 511 512 512 485 486 487 488 513 513 514 491 515 516 516 517 517 518 519
520 521 521 522 523 524 525 525 526 497 527 527 499 500 528 528 529 530 530 531 532 504 533 533 534 534 535 535 507 508 536 510 537 538 539 540 540 541 541 542 542 514 543 544 544 545 546 546 547 519
520 548 549 549 523 524 550 550 526 551 551 552 553 553 554 555 529 556 557 531 558 558 559 559 560 561 562 563 563 564 536 565 537 566 539 567 568 569 570 570 571 572 572 573 573 574 574 575 547 576
577 577 578 579 579 580 581 582 582 583 584 585 586 587 554 555 588 556 557 589 590 590 591 591 560 561 592 592 593 593 594 594 595 566 596 596 568 569 597 598 599 599 600 600 601 602 603 603 604 605
606 607 578 608 608 580 609 610 610 583 584 585 586 611 611 612 613 613 614 589 615 616 617 617 618 619 620 620 621 622 622 623 624 624 625 626 627 627 597 598 628 629 630 630 601 602 631 632 604 605
606 633 634 634 635 635 609 636 637 638 638 639 640 641 642 642 643 644 645 645 615 616 646 647 618 619 648 649 621 650 651 623 652 652 625 626 653 653 654 654 628 629 655 656 657 658 659 632 660 661
662 633 663 664 665 665 666 636 637 667 668 639 640 641 669 670 643 644 671 672 672 673 673 647 674 674 675 649 676 676 651 677 678 678 679 680 680 681 682 682 683 683 655 656 657 658 659 684 684 661
685 685 686 664 687 687 666 688 688 667 689 689 690 691 669 692 693 693 671 694 694 695 695 696 697 697 675 698 698 699 699 677 700 701 679 702 703 703 704 705 706 706 707 707 708 708 709 710 711 711
712 712 686 713 714 714 715 715 716 717 718 719 690 691 720 692 721 721 722 723 723 724 724 725 726 727 728 728 729 730 730 731 700 701 732 702 733 733 704 705 734 734 735 736 736 737 738 710 739 740
741 742 742 713 743 744 745 745 716 717 718 719 746 747 720 748 749 749 722 750 750 751 752 725 726 753 753 754 755 756 756 731 757 757 732 758 758 759 760 760 761 761 735 762 762 737 738 763 739 740
764 764 765 765 743 766 767 768 769 770 770 771 746 747 772 772 773 773 774 775 775 751 752 776 777 777 778 754 755 779 779 780 780 781 781 782 782 759 783 784 784 785 785 786 787 787 788 763 789 790
791 792 792 793 793 766 767 768 794 794 795 796 796 797 797 798 799 799 774 800 801 801 802 803 803 804 805 806 806 807 807 808 808 809 810 810 811 812 783 813 813 814 814 786 815 815 788 816 817 790
791 818 818 819 819 820 820 821 822 822 795 823 823 824 825 826 826 827 828 800 829 830 830 831 831 832 805 833 834 834 835 836 837 809 838 838 811 812 839 839 840 840 841 842 843 843 844 844 817 845
846 846 847 847 848 849 850 821 851 852 852 853 854 824 855 855 856 827 828 857 857 858 859 860 861 832 862 863 864 865 835 836 837 866 866 867 868 869 869 870 871 871 841 872 872 873 873 874 874 845
875 876 876 877 878 849 850 879 879 880 881 881 854 882 883 883 856 884 884 885 886 886 859 860 861 887 862 863 888 865 889 889 890 891 892 867 868 893 894 895 896 897 897 898 899 899 900 901 902 903
875 904 904 877 878 905 906 906 907 880 908 909 909 882 910 910 911 911 912 912 913 913 914 914 915 887 916 916 888 917 917 918 890 891 892 919 920 920 894 895 896 921 921 898 922 923 900 901 902 924
925 926 926 927 928 928 929 929 907 930 930 931 932 933 933 934 934 935 936 936 937 938 939 940 941 941 942 943 944 944 945 945 946 946 947 919 948 949 949 950 950 951 952 952 922 923 953 953 954 924
925 955 956 957 957 958 959 959 960 960 961 961 932 962 962 963 964 965 966 967 967 938 939 940 968 968 942 969 969 970 971 972 972 973 973 974 948 975 975 976 977 951 978 978 979 979 980 981 982 982
983 955 956 984 985 958 986 986 987 988 988 989 989 990 991 963 964 965 966 992 993 994 994 995 995 996 997 997 998 970 971 999 999 1000 1000 974 1001 1001 1002 1003 977 1004 1005 1006 1006 1007 980 981 1008 1009
1010 1010 1011 984 985 1012 1013 1014 1014 1015 1016 1016 1017 990 991 1018 1019 1020 1020 992 1021 1022 1023 1023 1024 1025 1026 1027 998 1028 1029 1029 1030 1030 1031 1031 1032 1033 1002 1003 1034 1004 1005 1035 1035 1007 1036 1036 1008 1009
1037 1037 1011 1038 1039 1012 1013 1040 1040 1015 1041 1042 1043 1043 1044 1018 1019 1045 1045 1046 1021 1022 1047 1047 1024 1025 1026 1027 1048 1028 1049 1049 1050 1051 1052 1052 1032 1033 1053 1053 1054 1054 1055 1055 1056 1057 1058 1059 1060 1060
1061 1061 1062 1038 1039 1063 1063 1064 1064 1065 1041 1042 1066 1067 1068 1068 1069 1069 1070 1071 1072 1072 1073 1074 1075 1076 1076 1077 1048 1078 1078 1079 1050 1051 1080 1080 1081 1081 1082 1083 1083 1084 1085 1085 1056 1057 1086 1059 1087 1087
1088 1089 1089 1090 1091 1091 1092 1092 1093 1065 1094 1095 1066 1067 1096 1097 1098 1099 1070 1071 1100 1100 1101 1074 1102 1102 1103 1077 1104 1105 1105 1106 1107 1108 1108 1109 1109 1110 1110 1111 1112 1112 1113 1114 1115 1115 1086 1116 1116 1117
1088 1118 1119 1090 1120 1121 1121 1122 1123 1123 1094 1095 1124 1124 1096 1097 1098 1099 1125 1125 1126 1127 1101 1128 1129 1129 1103 1130 1131 1131 1132 1106 1107 1133 1133 1134 1135 1136 1137 1137 1138 1138 1113 1139 1140 1141 1142 1142 1143 1143
1144 1145 1119 1146 1120 1147 1147 1122 1148 1149 1149 1150 1150 1151 1152 1152 1153 1153 1154 1154 1126 1155 1156 1128 1157 1157 1158 1130 1159 1160 1132 1161 1162 1163 1164 1165 1135 1136 1166 1166 1167 1168 1169 1139 1140 1170 1170 1171 1171 1172
1173 1145 1174 1146 1175 1176 1177 1177 1178 1178 1179 1180 1181 1151 1182 1182 1183 1184 1184 1185 1186 1155 1156 1187 1188 1188 1158 1189 1189 1160 1190 1161 1162 1163 1164 1165 1191 1192 1193 1194 1194 1168 1195 1195 1196 1197 1198 1198 1199 1199
1173 1200 1174 1201 1202 1176 1203 1203 1204 1205 1205 1180 1181 1206 1207 1208 1208 1209 1210 1210 1186 1211 1212 1187 1213 1214 1214 1215 1216 1217 1217 1218 1219 1220 1221 1221 1191 1192 1193 1222 1223 1223 1224 1225 1196 1197 1226 1226 1227 1228
1229 1230 1231 1201 1202 1232 1233 1233 1204 1234 1234 1235 1236 1206 1207 1237 1238 1238 1239 1239 1240 1211 1241 1242 1213 1243 1243 1244 1216 1245 1246 1218 1219 1247 1247 1248 1248 1249 1249 1222 1250 1251 1252 1225 1253 1254 1254 1255 1255 1228
1229 1230 1256 1256 1257 1232 1258 1259 1260 1260 1261 1235 1236 1262 1262 1237 1263 1263 1264 1264 1265 1265 1241 1242 1266 1267 1267 1244 1268 1245 1269 1269 1270 1270 1271 1271 1272 1273 1274 1274 1250 1251 1252 1275 1276 1277 1277 1278 1279 1279
1280 1281 1281 1282 1257 1283 1258 1259 1284 1284 1261 1285 1285 1286 1287 1287 1288 1289 1290 1290 1291 1292 1293 1293 1266 1294 1295 1296 1268 1297 1297 1298 1299 1299 1300 1301 1272 1273 1302 1303 1304 1305 1305 1275 1276 1306 1307 1307 1308 1309
1310 1311 1312 1282 1313 1313 1314 1315 1316 1317 1318 1318 1319 1320 1321 1321 1288 1322 1323 1323 1291 1292 1324 1324 1325 1294 1295 1296 1326 1327 1327 1298 1328 1329 1330 1301 1331 1332 1332 1303 1304 1333 1334 1334 1335 1335 1336 1336 1308 1309
1310 1311 1337 1337 1338 1338 1314 1315 1316 1317 1339 1340 1340 1320 1341 1341 1342 1322 1343 1343 1344 1344 1345 1345 1346 1346 1347 1348 1348 1349 1349 1350 1328 1329 1330 1351 1352 1352 1353 1353 1354 1333 1355 1356 1356 1357 1358 1358 1359 1359
59 17 78 27 42 64 8 45 68 7 58 59 70 11 96 68 37 23 75 32 75 8 20 50 77 57 96 34 73 36 18 95 40 77 45 71 2 8 7 79 0 37 99 17 88 94 70 62 96 67
87 69 43 62 84 95 24 64 10 48 86 16 89 35 53 25 70 39 10 76 26 30 81 6 74 9 69 86 20 82 66 84 55 80 11 66 42 57 39 47 57 49 0 22 77 20 42 45 15 75
4 53 3 6 2 52 15 92 53 90 99 17 70 67 90 38 47 61 2 27 22 35 46 98 19 50 63 14 7 87 81 65 53 59 9 14 19 44 53 99 76 65 23 23 27 51 7 2 51 88
87 23 41 47 23 93 88 69 79 45 55 28 52 79 45 12 47 6 6 55 94 76 2 27 84 8 68 7 48 99 53 99 97 84 19 32 12 70 58 34 44 2 88 46 59 67 13 15 97 13
2 89 4 17 15 6 52 95 82 64 43 9 70 67 6 29 40 88 97 13 89 82 62 54 17 8 93 12 63 33 26 1 42 19 53 98 98 56 59 91 23 1 51 42 84 97 77 54 69 41
6 27 54 95 25 51 9 13 14 80 35 16 92 0 86 91 93 64 81 29 91 88 77 68 14 11 62 16 46 9 35 54 30 53 9 91 65 93 33 72 92 26 34 73 50 36 50 91 36 28
6 80 18 33 58 33 70 93 12 78 83 32 83 94 63 80 91 16 87 35 67 92 73 87 5 25 30 7 55 98 98 57 71 39 80 11 88 19 37 25 95 1 21 73 14 13 71 31 47 61
92 24 99 96 46 48 49 81 79 28 77 98 29 55 50 62 52 95 73 65 32 12 40 54 57 64 87 87 70 20 42 10 10 74 6 67 40 72 79 53 76 47 95 36 69 9 50 71 76 37
25 50 78 68 44 10 40 93 55 92 70 98 34 40 93 57 70 32 19 14 8 52 71 39 52 3 53 28 24 20 89 6 18 44 82 89 65 97 60 59 20 76 50 59 46 32 24 57 2 41
94 35 84 77 93 28 11 24 2 95 26 10 50 87 4 94 60 2 53 64 74 44 1 63 33 13 59 48 94 28 75 19 65 18 16 67 42 69 59 24 36 72 6 52 39 87 42 76 32 65
96 15 99 86 87 19 97 24 85 13 95 96 2 10 20 16 17 89 63 6 69 95 95 95 51 79 7 77 37 92 96 33 54 32 62 79 59 48 66 9 48 2 59 12 52 34 3 49 45 19
37 67 74 74 78 11 78 60 88 12 82 91 45 67 9 42 9 6 30 27 88 98 23 27 40 83 70 11 47 36 27 46 39 46 19 80 63 78 81 83 74 52 30 69 62 8 66 16 90 52
64 55 36 15 2 51 23 3 52 81 1 48 3 67 16 23 22 47 41 26 31 50 71 64 86 68 98 36 18 79 68 6 98 28 24 34 21 47 63 17 95 9 91 62 14 12 89 56 50 37
0 95 91 33 94 69 92 39 36 0 99 85 36 80 71 63 77 49 19 45 36 56 10 47 39 2 15 51 60 6 89 75 47 25 33 51 41 58 64 5 91 88 24 27 17 58 43 5 40 58
94 95 7 18 78 55 79 2 48 28 78 48 93 60 63 26 31 57 61 96 18 34 29 64 21 19 80 87 85 79 80 14 88 9 68 61 3 30 9 61 79 57 39 94 18 41 31 79 18 40
31 76 72 27 64 83 84 44 76 4 76 47 1 69 93 29 23 13 27 65 81 33 4 92 5 68 56 93 7 49 88 18 68 87 17 74 4 8 62 12 82 66 35 83 44 24 53 31 99 25
52 0 68 18 87 36 98 9 15 38 59 26 62 2 97 96 30 66 26 33 1 53 18 64 14 13 80 51 7 91 94 89 46 14 13 86 57 9 29 24 41 81 92 8 11 76 34 20 70 65
92 81 53 37 95 14 99 59 54 5 20 68 27 29 3 77 54 12 35 49 6 40 3 71 88 98 44 60 82 45 42 16 67 2 53 32 86 72 84 32 7 68 38 39 98 99 76 98 52 76
33 27 72 69 64 54 57 3 92 28 74 45 9 87 87 46 10 42 76 81 10 16 3 80 17 90 15 78 67 77 26 44 36 64 55 1 20 61 81 15 49 61 27 31 59 83 67 67 72 59
72 97 97 41 71 54 34 3 49 27 67 8 88 33 62 28 36 74 38 86 12 59 56 78 40 74 33 17 68 98 96 50 43 85 21 7 16 55 11 63 79 79 4 36 16 63 23 99 65 87
74 65 54 52 61 39 48 18 19 22 1 62 41 59 23 33 37 70 7 51 70 46 60 43 45 8 63 79 81 82 75 7 68 80 70 46 30 20 79 28 3 23 51 72 80 28 24 19 33 18
91 95 73 79 55 32 47 29 85 29 3 7 62 88 29 85 70 46 40 18 12 13 1 8 48 56 63 79 67 9 2 55 20 72 35 60 51 59 60 0 14 62 20 92 34 26 42 65 52 5
4 85 76 96 19 70 45 49 44 86 77 93 97 44 83 88 35 18 47 17 82 0 37 13 66 45 90 44 60 25 22 9 8 87 46 67 4 82 56 12 52 74 51 27 50 68 58 99 69 20
17 78 7 23 67 94 37 95 1 9 98 48 10 25 84 38 30 81 1 20 49 45 43 64 42 90 36 82 86 89 77 26 61 61 37 79 80 21 8 57 78 45 73 56 91 85 26 56 43 37
43 45 39 40 45 57 70 99 74 53 3 93 15 86 97 87 66 5 95 35 90 45 20 89 87 12 14 95 53 84 11 35 6 59 36 15 95 2 5 37 25 19 37 49 78 62 43 76 76 13
52 93 23 68 64 85 59 62 63 40 25 5 33 31 56 79 45 34 93 37 62 90 25 96 29 87 75 7 31 54 55 95 3 46 92 73 59 8 26 65 7 12 15 20 56 92 76 91 31 93
75 40 41 82 71 97 14 20 22 87 32 7 24 82 63 35 11 68 14 41 40 35 78 10 20 47 90 3 65 49 63 5 32 52 1 65 58 61 68 24 51 70 19 77 57 38 88 37 50 79
44 11 72 90 53 87 65 47 83 8 67 22 17 86 50 11 26 82 84 8 60 87 6 40 6 59 64 65 11 6 14 64 59 51 9 30 30 69 78 29 95 89 27 63 40 11 15 60 27 46
67 33 95 22 46 22 10 27 69 13 5 5 84 80 42 94 44 14 3 49 3 12 52 20 46 92 79 9 66 23 85 99 63 43 80 4 28 84 21 11 0 41 29 33 52 87 1 76 76 97
94 29 31 67 98 1 79 20 62 83 48 90 33 28 94 57 61 51 78 75 96 43 53 66 34 23 24 56 40 31 93 48 18 84 25 93 86 1 53 49 11 81 88 55 59 45 88 4 60 65
9 7 20 64 14 95 82 73 90 40 20 85 53 34 65 29 99 10 99 10 37 57 23 92 48 47 90 23 29 99 10 86 50 99 2 29 26 12 80 22 81 98 83 50 97 77 62 66 60 32
4 25 46 22 91 18 68 81 52 14 51 25 72 32 59 46 30 51 4 44 7 28 37 47 75 21 17 74 48 48 54 84 93 14 35 18 16 33 76 26 76 28 21 67 77 18 1 52 65 78
63 52 54 83 67 48 75 62 18 31 45 24 85 77 32 90 39 97 22 27 41 88 26 7 22 86 16 31 61 33 52 80 42 9 99 23 48 93 88 51 96 80 88 80 70 94 46 13 38 47
33 35 29 67 42 26 98 68 12 95 2 12 45 13 10 5 6 50 62 83 17 93 82 29 48 40 98 35 10 48 52 52 99 55 20 18 72 19 65 96 9 44 50 61 78 69 83 22 77 62
92 95 31 8 95 43 81 91 38 7 71 22 73 66 11 63 13 42 84 92 75 38 39 19 52 72 89 12 40 76 45 43 31 36 83 95 73 69 36 20 28 87 49 86 78 84 66 89 39 53
18 91 36 79 7 49 92 27 39 1 13 22 85 96 35 56 27 95 36 96 67 89 19 57 74 16 78 27 88 48 60 10 96 28 19 52 78 35 8 12 99 93 60 55 14 39 85 80 13 51
67 45 17 99 86 77 63 4 61 85 5 13 25 14 60 57 87 80 28 62 64 72 56 22 0 10 90 41 86 10 29 28 4 68 96 72 82 61 87 74 40 10 8 50 49 85 18 65 41 52
37 12 56 98 51 22 48 12 36 88 60 18 12 40 94 63 36 11 90 24 36 0 48 42 71 58 36 25 70 45 15 89 27 21 32 13 98 89 20 1 33 8 17 97 34 48 73 85 53 42
37 39 26 15 98 14 52 43 18 60 94 4 65 91 83 46 18 41 74 2 95 93 25 69 65 74 44 21 99 29 28 31 15 74 49 64 46 97 72 80 63 8 98 97 40 58 21 18 65 88
79 11 58 70 78 4 46 98 96 44 57 48 45 2 19 93 72 24 92 45 83 35 51 57 5 90 16 74 23 0 23 94 43 33 29 85 64 89 75 49 81 55 52 31 43 78 43 22 85 0
86 69 30 67 2 80 7 36 39 87 23 31 7 15 76 27 45 3 82 10 83 25 57 61 41 70 46 20 92 63 71 83 42 62 31 84 94 5 66 45 54 80 51 98 86 10 46 63 22 91
89 50 25 39 72 30 94 64 19 48 96 54 17 88 26 46 49 91 95 45 96 69 85 15 33 7 60 74 59 80 55 50 46 35 60 13 26 69 88 36 90 73 4 4 75 28 33 32 85 31
30 5 2 8 59 5 91 56 54 61 18 74 46 55 77 86 75 15 92 53 61 76 73 56 51 75 80 92 51 46 15 5 9 33 40 45 93 11 25 9 87 69 46 70 21 78 23 17 66 72
51 31 34 25 40 69 99 51 48 26 50 56 18 95 8 67 93 21 73 22 93 25 41 9 68 88 7 70 9 89 10 73 60 52 11 64 22 54 42 32 4 52 14 38 73 39 49 37 20 33
93 81 72 94 18 19 78 0 80 87 37 97 59 66 83 96 57 49 13 89 7 2 92 40 73 23 73 14 23 25 20 50 62 67 43 32 8 61 4 6 28 10 84 86 19 32 0 94 12 38
5 63 49 10 38 90 48 77 67 53 18 77 23 1 87 85 24 64 85 42 70 69 19 99 35 64 85 62 13 94 75 24 40 11 92 93 61 29 61 79 69 55 80 40 4 78 59 66 55 31
88 59 39 68 98 68 87 17 7 25 99 76 30 35 38 31 99 89 84 45 98 98 11 1 46 52 16 33 21 26 69 65 34 47 70 10 38 26 64 57 94 56 48 20 70 97 67 72 23 20
27 61 19 0 84 80 71 40 13 50 24 81 61 72 64 78 58 59 81 8 99 30 88 82 96 20 39 11 22 85 19 26 3 86 66 37 6 46 5 55 91 11 31 98 4 21 82 31 91 14
11 28 89 16 0 61 93 80 57 74 35 71 31 76 45 20 81 1 38 9 11 71 10 57 97 74 94 73 53 95 21 62 96 46 7 45 59 87 14 65 80 13 95 56 85 70 94 31 3 30
67 80 56 94 29 66 49 24 75 6 84 84 12 58 73 37 74 3 6 59 9 89 87 55 32 35 25 27 44 50 53 7 45 27 94 6 85 47 26 91 2 65 6 91 85 10 41 48 43 86
