29 2
0 0 1 1 2 3 4 5 5 6 6 7 8 8 9 9 10 11 11 12 12 13 14 15 15 16 16 17 17 18 19 20 20 21 22 22 23 24 25 25 26 27 27 28 28 29 29 30 30 31
32 33 33 34 2 3 4 35 35 36 37 7 38 38 39 39 10 40 41 42 42 13 14 43 43 44 45 45 46 47 19 48 49 21 50 51 23 24 52 52 26 53 53 54 54 55 56 56 57 57
32 58 59 60 60 61 62 63 63 36 64 65 65 66 66 67 68 40 41 69 69 70 70 71 72 44 73 74 46 47 75 75 49 76 77 51 78 79 79 80 80 81 81 82 82 55 83 83 84 84
85 58 59 86 87 61 62 88 89 89 64 90 90 91 91 67 92 93 94 94 95 96 97 71 72 98 73 74 99 100 100 101 101 76 77 102 78 103 104 104 105 105 106 107 108 108 109 110 111 112
113 114 115 115 87 116 117 88 118 118 119 119 120 120 121 121 92 122 123 123 95 96 97 124 125 98 126 127 99 128 128 129 130 131 132 102 133 103 134 135 136 136 137 107 138 138 109 139 111 140
113 114 141 142 143 116 117 144 144 145 146 146 147 148 149 150 151 122 152 153 154 154 155 124 125 156 157 127 158 158 159 129 130 160 132 161 161 162 162 135 163 164 137 165 165 166 167 139 168 140
169 169 170 142 143 171 171 172 173 173 174 174 147 148 175 150 151 176 176 153 177 178 155 179 179 180 157 181 182 182 183 184 184 160 185 186 186 187 188 188 189 164 190 190 191 166 167 192 168 193
194 195 170 196 197 198 199 172 200 200 201 202 203 203 175 204 205 206 206 207 177 208 208 209 210 180 211 212 213 213 183 214 215 215 216 217 218 187 219 219 189 220 221 221 222 223 223 224 224 193
225 195 226 196 197 198 199 227 228 229 229 202 230 231 232 232 205 233 233 234 235 235 236 209 210 237 211 212 238 239 239 214 240 240 216 241 218 242 243 244 244 220 245 245 222 246 247 247 248 248
225 249 250 251 251 252 252 227 253 254 254 255 230 256 257 258 259 260 261 234 262 263 264 265 266 237 267 267 238 268 269 270 270 271 271 241 272 242 243 273 274 275 275 276 276 277 277 278 278 279
280 280 250 281 281 282 282 283 253 284 284 255 285 256 257 286 259 260 261 287 288 263 264 265 266 289 290 291 291 268 269 292 293 294 295 295 296 297 297 273 298 299 300 300 301 302 302 303 303 279
304 304 305 306 306 307 307 283 308 308 309 309 310 311 311 286 312 313 314 287 288 315 316 316 317 289 290 318 319 320 320 292 293 321 322 323 296 324 324 325 298 326 327 328 329 329 330 330 331 331
332 333 334 334 335 336 336 337 338 339 340 340 310 341 342 343 312 313 314 344 345 315 346 346 347 348 348 318 319 349 350 351 351 321 352 323 353 353 354 325 355 326 327 328 356 357 357 358 358 359
332 360 361 362 335 363 363 337 338 364 364 365 366 341 367 343 368 368 369 369 345 370 371 371 347 372 373 374 375 349 376 376 377 377 352 378 379 379 354 380 380 381 381 382 356 383 384 385 386 359
387 360 361 362 388 388 389 389 390 391 391 365 366 392 367 393 394 395 395 396 397 370 398 398 399 372 373 374 375 400 400 401 401 402 402 378 403 403 404 404 405 406 407 382 408 383 384 385 409 409
410 411 411 412 413 414 415 416 390 417 417 418 419 420 421 422 394 423 423 396 424 424 425 426 399 427 427 428 429 430 430 431 432 432 433 433 434 434 435 435 405 406 407 436 408 437 437 438 438 439
410 440 441 412 413 414 415 442 443 443 444 444 419 420 421 422 445 445 446 447 447 448 425 449 449 450 450 428 429 451 451 431 452 453 454 455 456 457 458 458 459 460 460 461 462 463 463 464 464 439
465 440 441 466 467 468 469 442 470 471 471 472 472 473 474 474 475 475 476 477 478 448 479 479 480 480 481 482 482 483 483 484 484 453 454 455 456 485 485 486 459 487 487 461 462 488 488 489 490 490
491 491 492 466 493 468 469 494 470 495 496 496 497 473 498 498 499 500 476 477 501 501 502 503 504 504 481 505 506 507 507 508 509 509 510 510 511 512 513 486 514 515 516 516 517 517 518 489 519 519
520 521 521 522 493 523 524 494 525 526 527 528 497 529 530 530 499 531 531 532 533 533 502 503 534 534 535 505 536 536 537 508 538 539 540 541 511 512 513 542 514 543 543 544 545 546 546 547 548 548
520 549 549 550 550 523 524 551 525 526 527 528 552 552 553 554 555 555 556 557 558 558 559 559 560 560 535 561 561 562 563 563 538 539 540 541 564 565 566 542 567 568 568 544 569 569 570 571 571 572
573 574 574 575 575 576 576 551 577 578 578 579 580 580 581 554 582 582 583 557 584 585 585 586 587 588 589 589 590 562 591 591 592 592 593 594 564 565 566 595 596 597 597 598 599 599 570 600 600 572
601 602 602 603 603 604 604 605 606 607 607 608 609 610 581 611 611 612 583 613 584 614 614 586 587 615 616 616 590 617 618 619 620 621 622 594 623 623 624 624 596 625 625 598 626 626 627 628 629 629
601 630 631 631 632 632 633 605 606 634 635 608 609 610 636 637 637 638 638 613 639 640 640 641 642 615 643 643 644 617 645 619 646 621 622 647 648 649 650 651 651 652 652 653 653 654 655 628 656 657
658 630 659 659 660 660 633 661 661 634 635 662 662 663 663 664 664 665 666 667 667 668 668 641 642 669 670 671 644 672 645 673 646 674 675 647 648 649 650 676 677 677 678 679 679 654 655 680 681 657
658 682 683 683 684 684 685 685 686 687 688 688 689 690 690 691 691 665 666 692 692 693 694 695 695 669 670 696 696 672 697 698 698 674 699 700 700 701 702 676 703 704 705 705 706 706 707 680 681 708
709 682 710 711 711 712 712 713 686 687 714 715 715 716 717 718 719 720 720 721 721 693 694 722 723 724 725 726 726 727 697 728 729 730 699 731 731 701 702 732 703 704 733 734 735 735 707 736 737 708
709 738 710 739 740 741 742 713 743 744 745 746 747 748 717 718 719 749 750 750 751 752 752 722 723 724 753 753 754 727 755 728 729 756 756 757 758 758 759 759 760 761 733 734 762 762 763 736 764 764
765 765 766 767 740 741 742 768 743 744 745 769 747 748 770 771 772 772 773 773 751 774 775 775 776 776 777 777 778 778 755 779 779 780 780 781 781 782 782 783 783 761 784 785 785 786 763 787 787 788
789 789 766 767 790 790 791 768 792 793 794 769 795 796 770 771 797 797 798 798 799 774 800 800 801 802 802 803 803 804 804 805 805 806 807 807 808 809 809 810 811 812 784 813 814 815 815 816 816 788
817 817 818 818 819 819 791 820 820 793 794 821 821 796 822 822 823 823 824 825 825 826 827 827 828 829 829 830 830 831 832 833 833 806 834 834 808 835 836 810 811 812 837 813 838 838 839 839 840 840
841 842 842 843 844 844 845 845 846 847 847 848 849 849 850 850 851 852 853 854 854 826 855 855 828 856 856 857 858 858 832 859 860 860 861 862 863 835 836 864 864 865 865 866 867 867 868 869 869 870
841 871 872 873 874 874 875 875 876 876 877 848 878 878 879 880 880 852 853 881 881 882 882 883 883 884 884 857 885 886 887 859 888 888 861 862 863 889 890 891 891 892 893 894 894 895 896 896 897 870
898 898 872 873 899 900 901 902 902 903 903 904 905 906 879 907 908 908 909 910 910 911 911 912 913 914 914 915 915 886 916 917 918 918 919 920 921 889 890 922 922 892 923 923 924 895 925 926 926 927
928 929 929 930 899 900 901 931 931 932 933 904 905 906 934 907 935 935 909 936 936 937 937 938 913 939 939 940 941 941 916 942 942 943 944 920 945 946 947 948 949 949 950 950 924 951 925 952 953 927
928 954 955 930 956 956 957 957 958 932 959 960 961 961 934 962 963 963 964 965 966 967 968 938 969 969 970 940 971 971 972 973 974 975 944 976 945 946 947 948 977 978 979 980 980 951 981 952 953 982
983 954 955 984 985 985 986 987 988 989 959 990 990 991 991 962 992 993 964 965 966 967 968 994 994 995 995 996 997 998 972 973 974 975 999 976 1000 1000 1001 1002 977 978 979 1003 1003 1004 1004 1005 1005 982
983 1006 1006 984 1007 1007 986 987 988 989 1008 1009 1010 1011 1012 1012 992 1013 1014 1014 1015 1016 1017 1018 1018 1019 1019 996 997 998 1020 1020 1021 1021 999 1022 1022 1023 1024 1002 1025 1026 1027 1027 1028 1029 1030 1031 1031 1032
1033 1034 1035 1036 1036 1037 1038 1039 1040 1041 1041 1009 1010 1011 1042 1043 1044 1013 1045 1046 1015 1016 1047 1047 1048 1049 1050 1050 1051 1051 1052 1052 1053 1054 1054 1055 1055 1023 1024 1056 1057 1026 1058 1059 1028 1029 1030 1060 1060 1032
1033 1034 1035 1061 1061 1037 1062 1039 1063 1063 1064 1065 1065 1066 1042 1043 1044 1067 1045 1046 1068 1068 1069 1070 1071 1049 1072 1073 1074 1075 1075 1076 1076 1077 1077 1078 1078 1079 1079 1056 1057 1080 1080 1059 1081 1081 1082 1083 1084 1085
1086 1086 1087 1088 1089 1090 1062 1091 1091 1092 1064 1093 1094 1094 1095 1096 1097 1098 1099 1100 1101 1102 1069 1070 1071 1103 1103 1073 1074 1104 1105 1105 1106 1106 1107 1107 1108 1109 1110 1111 1111 1112 1112 1113 1114 1115 1082 1083 1084 1085
1116 1116 1087 1088 1117 1090 1118 1118 1119 1119 1120 1093 1121 1121 1095 1096 1097 1098 1099 1100 1101 1102 1122 1122 1123 1123 1124 1124 1125 1125 1126 1126 1127 1127 1128 1129 1108 1109 1110 1130 1131 1131 1132 1113 1133 1115 1134 1135 1136 1136
1137 1137 1138 1138 1117 1139 1140 1140 1141 1142 1142 1143 1143 1144 1144 1145 1145 1146 1147 1147 1148 1148 1149 1150 1150 1151 1151 1152 1152 1153 1154 1154 1155 1156 1156 1129 1157 1157 1158 1159 1159 1160 1161 1161 1133 1162 1134 1135 1163 1163
1164 1165 1165 1166 1166 1139 1167 1168 1169 1169 1170 1171 1172 1173 1173 1174 1175 1146 1176 1177 1178 1179 1179 1180 1180 1181 1182 1183 1183 1153 1184 1185 1155 1186 1186 1187 1187 1188 1188 1189 1189 1190 1191 1192 1192 1162 1193 1194 1195 1195
1196 1197 1197 1198 1198 1199 1167 1168 1200 1200 1170 1171 1201 1202 1203 1203 1175 1204 1176 1177 1178 1205 1206 1206 1207 1181 1182 1208 1208 1209 1209 1185 1210 1210 1211 1211 1212 1212 1213 1214 1214 1190 1215 1215 1216 1216 1193 1194 1217 1218
1196 1219 1219 1220 1220 1199 1221 1222 1223 1223 1224 1224 1201 1225 1226 1227 1228 1229 1229 1230 1230 1231 1231 1232 1207 1233 1233 1234 1234 1235 1235 1236 1237 1237 1238 1238 1239 1239 1240 1241 1241 1242 1243 1243 1244 1245 1245 1246 1217 1247
1248 1249 1250 1250 1251 1252 1221 1222 1253 1254 1254 1255 1255 1225 1226 1227 1256 1256 1257 1258 1259 1260 1260 1232 1261 1261 1262 1263 1263 1264 1265 1236 1266 1266 1267 1268 1268 1269 1240 1270 1270 1242 1271 1271 1244 1272 1272 1246 1273 1247
1248 1249 1274 1275 1251 1252 1276 1276 1277 1277 1278 1278 1279 1280 1280 1281 1282 1282 1257 1258 1259 1283 1284 1284 1285 1285 1286 1287 1287 1264 1265 1288 1289 1289 1267 1290 1290 1291 1291 1292 1292 1293 1294 1295 1296 1296 1297 1298 1273 1299
1300 1301 1274 1275 1302 1303 1303 1304 1305 1305 1306 1307 1279 1308 1308 1281 1309 1310 1310 1311 1312 1313 1314 1314 1315 1316 1286 1317 1317 1318 1318 1288 1319 1319 1320 1321 1321 1322 1322 1323 1323 1293 1324 1295 1325 1326 1297 1327 1327 1328
1300 1329 1329 1330 1330 1331 1331 1304 1332 1332 1306 1307 1333 1333 1334 1334 1309 1335 1335 1311 1312 1313 1336 1336 1315 1337 1337 1338 1338 1339 1340 1340 1341 1341 1320 1342 1343 1343 1344 1344 1345 1345 1324 1346 1346 1326 1347 1347 1348 1328
27 42 58 32 77 51 60 7 61 40 63 72 79 85 26 22 84 80 26 59 73 30 52 83 40 14 82 74 3 24 95 74 15 20 45 87 60 0 45 72 93 89 14 72 38 90 2 10 10 30
91 95 17 85 68 57 70 50 24 37 44 29 6 22 68 10 60 47 98 38 6 97 28 26 39 5 27 38 19 3 2 70 39 16 42 81 21 88 74 81 7 8 62 73 23 27 86 6 45 95
72 63 68 49 73 62 0 31 7 60 24 6 28 46 18 28 36 84 96 5 59 95 28 70 6 57 94 32 59 56 15 99 10 18 4 12 99 8 73 20 1 35 34 42 13 0 64 42 19 86
28 68 83 67 26 61 7 74 33 28 10 94 56 43 44 84 73 83 51 72 62 90 61 83 53 3 44 3 32 18 81 14 63 6 58 58 98 59 54 36 86 24 71 50 91 19 40 36 49 33
9 47 56 54 72 88 29 93 59 99 16 12 91 26 68 21 49 14 62 15 44 0 24 10 32 36 51 69 22 59 31 18 44 93 31 50 37 61 39 14 6 30 6 40 60 6 1 24 36 23
48 88 29 10 4 65 79 6 99 72 53 40 56 72 59 0 22 88 43 60 72 30 23 24 93 66 40 73 41 68 77 56 58 68 13 44 54 16 90 37 69 54 3 5 63 90 87 29 83 60
98 87 71 86 35 53 32 91 74 84 22 31 50 43 65 29 19 10 85 34 50 59 21 13 78 47 53 9 20 48 71 6 18 68 47 65 2 80 61 56 81 22 48 95 63 82 7 64 30 65
47 69 8 69 34 24 42 71 80 18 54 50 35 68 43 33 9 43 56 42 42 8 55 49 67 52 63 54 72 60 18 41 97 99 95 98 89 67 42 92 88 87 25 74 56 0 22 72 59 11
41 31 12 97 5 78 67 55 52 87 20 9 2 37 12 27 23 8 42 19 51 3 7 60 84 95 63 78 33 21 95 55 23 9 44 17 0 46 79 74 63 82 3 23 49 85 56 87 82 36
60 11 59 12 73 85 96 33 46 14 86 0 58 8 70 65 25 54 91 1 2 40 62 53 12 24 24 30 86 40 85 96 74 10 77 44 31 40 14 39 73 59 34 15 90 23 46 12 95 88
59 27 1 92 41 33 9 53 13 95 64 16 72 53 50 58 88 31 63 78 57 94 15 94 96 18 27 21 89 6 73 43 97 38 55 15 65 89 72 25 11 94 84 62 19 30 90 38 39 78
0 25 75 56 23 18 55 79 45 27 75 13 77 29 2 46 42 8 76 24 6 77 82 82 16 33 72 32 65 99 42 87 26 18 81 83 47 45 57 50 57 18 64 31 64 99 23 20 11 49
41 4 59 55 53 59 39 57 81 73 77 99 78 77 62 19 76 42 70 41 82 16 30 75 88 6 12 73 70 44 62 67 36 19 28 9 40 61 87 23 99 92 77 12 5 97 56 30 48 99
51 86 95 69 43 88 37 63 95 86 33 52 43 44 93 79 47 83 98 77 38 15 46 9 55 2 87 29 43 76 0 16 62 29 31 90 15 36 82 96 49 69 28 43 24 69 36 90 35 13
74 40 29 65 42 21 31 1 66 81 2 50 30 94 32 51 10 86 56 22 56 8 67 17 83 58 6 10 23 79 7 87 80 40 33 71 23 82 85 80 7 10 65 75 30 97 42 10 8 43
43 60 59 43 75 91 67 78 6 24 47 70 93 44 94 33 32 81 20 51 64 70 53 85 57 94 4 35 10 49 11 36 8 97 39 66 11 55 55 53 15 88 46 9 73 57 15 98 23 20
28 35 77 72 70 37 68 43 42 32 63 21 10 53 67 32 67 67 48 14 42 72 58 60 69 41 49 18 38 13 1 98 24 52 96 28 91 0 24 84 53 19 31 55 43 21 11 59 36 67
26 14 17 25 27 9 58 39 67 28 8 72 55 91 38 57 23 50 73 38 33 32 99 54 3 74 27 12 75 27 93 59 26 34 27 48 44 87 67 77 31 13 95 58 53 32 5 65 85 21
55 56 45 86 69 35 71 97 47 2 81 42 73 71 3 37 76 57 2 67 76 6 1 13 41 68 81 18 32 49 59 13 1 25 0 41 3 53 62 69 56 89 69 78 2 82 35 69 28 87
30 20 30 55 48 91 66 21 71 46 23 99 54 60 1 85 0 41 5 37 73 18 60 83 91 80 32 7 56 33 64 28 17 51 82 97 55 19 68 62 54 94 11 99 7 28 2 38 56 67
9 4 32 55 80 93 81 84 71 34 63 29 67 2 2 88 71 29 58 33 96 30 14 65 12 0 5 0 11 3 23 78 44 64 66 91 98 8 46 21 90 26 41 54 64 30 32 41 53 84
72 13 23 24 26 99 23 44 84 51 85 11 48 91 28 55 80 59 7 46 40 34 9 21 26 72 17 38 37 31 2 92 95 1 68 56 52 91 74 41 85 82 98 67 67 72 54 3 63 73
9 64 79 78 81 96 26 71 11 69 52 48 41 27 79 79 79 95 19 16 36 35 27 69 61 37 13 65 4 44 25 7 92 76 47 66 95 58 11 29 70 34 97 69 12 58 58 50 57 85
52 41 64 40 73 80 89 76 43 44 86 12 12 30 35 80 61 93 46 19 55 61 48 83 46 59 28 59 73 4 70 25 38 87 90 37 90 7 90 79 19 58 94 59 81 12 86 99 46 90
81 54 21 5 65 38 56 41 40 47 90 47 14 43 52 95 88 10 24 98 57 63 49 90 0 13 90 51 25 28 21 5 96 65 64 31 30 79 80 27 32 4 11 32 76 88 47 22 63 92
78 18 96 70 92 32 64 36 6 83 61 20 35 75 90 76 43 49 72 8 91 59 38 83 75 24 50 67 73 33 46 62 12 75 65 73 40 58 67 13 61 83 99 88 47 13 40 78 71 93
21 94 62 34 53 48 58 65 92 39 66 83 15 39 88 93 57 51 24 77 83 68 63 65 70 1 37 40 99 66 56 33 17 90 46 28 34 65 89 46 86 98 67 51 96 41 60 1 19 21
11 88 50 56 44 28 67 83 82 19 91 17 4 50 38 65 71 5 3 77 76 64 77 56 43 43 12 46 12 91 22 0 27 79 33 15 32 40 74 92 11 68 33 10 37 8 63 54 14 42
33 86 4 1 33 6 66 46 80 77 1 18 84 57 86 62 63 34 67 96 46 82 78 38 9 82 35 75 32 91 76 94 39 97 3 91 89 66 48 7 27 91 41 33 63 79 17 76 62 29
75 26 12 73 26 85 15 88 28 25 62 35 50 98 12 59 6 52 68 96 36 46 63 3 7 72 43 4 59 72 7 5 37 9 51 41 16 65 69 32 30 87 22 11 66 54 38 64 29 82
36 91 99 42 95 43 73 56 46 97 96 42 18 55 34 53 28 66 19 68 61 42 99 78 49 25 19 67 55 79 13 25 5 35 33 83 39 43 77 0 12 48 89 41 10 1 45 25 3 94
92 60 51 45 44 23 75 68 13 37 51 2 82 26 74 11 1 88 52 57 21 15 47 59 86 18 68 45 78 62 93 49 78 56 65 59 53 99 60 48 1 9 81 95 87 90 35 39 38 30
55 83 95 78 5 30 2 90 53 94 70 45 40 63 33 78 82 2 74 40 62 88 43 82 15 20 87 2 47 23 56 39 37 53 70 99 52 1 46 58 97 38 69 64 77 93 36 39 30 30
49 24 13 73 1 12 25 38 2 88 69 15 31 11 41 87 4 84 51 5 12 97 55 90 78 85 16 47 79 77 59 72 85 25 80 35 58 37 33 11 68 51 96 21 47 20 94 40 32 18
58 31 83 77 49 85 18 4 69 7 32 83 11 57 64 98 28 53 78 5 62 7 66 21 4 92 34 35 77 7 76 2 48 7 81 96 24 62 52 42 31 87 94 36 58 56 18 63 7 99
95 21 48 91 58 82 61 0 93 32 38 59 11 99 47 79 88 33 26 47 44 56 1 49 81 32 80 27 17 30 24 73 53 56 60 77 21 79 40 9 54 40 33 14 50 85 20 85 98 98
30 78 28 43 28 18 96 82 28 14 17 66 1 85 69 85 73 78 82 82 97 40 23 52 45 52 74 71 11 2 41 52 63 34 5 94 17 83 58 55 43 24 8 66 21 65 95 34 40 43
90 78 93 77 12 4 45 27 21 58 83 13 3 16 53 45 33 12 44 4 12 83 54 51 43 0 49 62 24 90 17 80 35 62 58 77 89 75 22 95 37 43 48 5 34 0 99 10 0 11
19 22 70 27 94 34 72 84 57 31 76 71 76 45 91 30 26 8 40 42 86 87 12 50 2 47 98 11 70 70 94 51 42 0 15 85 18 2 43 99 45 33 73 85 13 79 79 64 45 45
49 82 25 38 35 61 25 7 88 54 80 2 25 71 56 76 49 93 56 73 96 71 59 84 14 31 30 8 1 87 45 77 11 85 53 69 97 74 48 64 0 37 16 9 16 51 16 37 49 67
81 8 63 94 70 66 57 68 49 41 80 37 55 57 80 62 13 67 76 78 44 70 49 30 64 0 61 34 69 92 77 68 23 95 32 68 58 7 98 14 14 56 90 65 52 81 32 82 29 44
90 73 69 50 71 94 81 40 76 19 39 22 91 87 22 46 62 64 70 31 13 89 74 2 82 11 90 28 21 82 20 39 37 18 83 92 20 30 93 6 82 50 21 86 2 76 71 28 76 90
48 40 8 55 86 61 93 89 55 98 44 83 1 85 28 59 60 80 53 14 12 15 49 69 11 37 72 20 14 82 75 32 26 45 56 78 19 37 38 13 61 90 76 72 4 25 83 13 35 66
1 57 94 81 83 35 87 66 34 68 47 93 47 77 73 20 6 18 79 57 82 1 25 43 35 58 92 30 32 59 4 71 68 59 62 93 18 11 96 64 88 66 74 69 6 26 65 9 76 1
81 88 57 88 97 78 0 67 43 57 54 71 35 45 65 63 28 25 13 8 53 68 34 87 34 47 65 69 70 67 28 60 53 0 19 42 70 99 14 5 2 27 62 29 2 27 74 92 72 9
25 45 67 63 70 11 34 13 33 72 18 87 30 0 19 29 88 70 39 50 13 10 76 13 73 38 74 75 5 95 88 48 47 38 75 43 85 57 82 20 66 85 19 51 94 88 93 34 2 86
55 81 86 73 42 87 14 68 40 98 1 47 9 68 46 7 72 53 54 95 22 17 33 46 81 72 43 76 11 41 94 60 55 46 76 80 34 50 15 31 61 91 43 15 18 44 67 24 60 16
90 97 86 52 84 41 87 92 63 54 19 47 86 23 28 6 2 35 92 35 76 54 30 15 17 13 58 53 44 46 26 13 42 93 97 33 46 47 30 41 7 28 60 90 16 75 6 68 52 36
9 19 93 67 85 21 2 4 65 47 70 96 55 9 45 25 95 49 22 80 69 88 77 64 17 60 33 67 78 23 41 42 48 22 3 28 20 59 6 25 7 49 90 79 75 23 41 99 36 52
88 46 4 19 82 62 61 19 80 9 23 80 32 31 10 26 36 37 44 74 62 82 36 98 44 84 48 72 68 73 37 62 10 23 23 71 29 61 98 50 75 11 53 27 8 58 50 22 4 46
