37 10
0 0 1 1 2 3 4 5 6 7 8 9 10 10 11 11 12 13 13 14 14 15 16 16 17 17 18 19 20 21 22 23 24 24 25 25 26 27 27 28 29 30 31 31 32 32 33 33 34 34
35 36 37 38 2 3 4 5 6 7 8 9 39 39 40 40 12 41 42 43 44 45 45 46 47 48 18 19 20 21 22 49 49 50 51 52 53 54 54 28 29 30 55 56 57 58 58 59 60 60
35 36 37 38 61 62 62 63 64 65 65 66 66 67 68 68 69 41 42 43 70 71 71 46 47 48 72 72 73 73 74 75 75 76 51 52 53 77 77 78 78 79 79 56 57 80 80 59 81 82
83 84 85 85 61 86 86 87 64 88 89 90 91 67 92 92 93 94 95 95 70 96 97 98 98 99 100 100 101 102 103 103 104 76 105 106 106 107 108 109 109 110 110 111 112 112 113 114 114 82
83 115 116 117 118 118 119 87 120 88 89 90 91 121 122 122 93 94 123 124 124 96 97 125 125 99 126 126 127 102 128 128 129 130 130 131 132 133 108 134 135 135 136 136 137 137 113 138 139 139
140 115 116 141 142 143 119 144 120 145 145 146 146 121 147 148 149 150 123 151 151 152 153 154 154 155 156 156 127 157 158 158 129 159 159 131 132 133 160 161 161 162 163 164 165 166 167 138 168 169
170 171 171 141 142 143 172 144 173 173 174 174 175 175 147 148 149 176 177 177 178 152 153 179 179 155 180 180 181 157 182 183 184 184 185 186 187 188 160 189 190 162 191 164 165 166 167 192 168 169
170 193 193 194 195 195 172 196 196 197 198 198 199 200 200 201 202 176 203 204 178 205 206 207 207 208 209 210 210 211 212 183 213 213 185 214 187 215 216 216 190 217 191 218 218 219 220 192 221 221
222 223 224 225 226 226 227 227 228 197 229 230 199 231 232 201 202 233 203 204 234 205 206 235 236 208 209 237 238 211 212 239 240 240 241 214 242 215 243 243 244 217 245 246 246 219 220 247 247 248
249 223 250 225 251 251 252 252 228 253 229 254 255 231 256 256 257 257 258 258 259 260 261 235 262 263 263 237 238 264 265 265 266 267 268 268 269 269 270 270 244 271 245 272 272 273 274 275 275 248
249 276 250 277 277 278 279 279 280 280 281 254 255 282 283 284 285 285 286 286 259 260 261 287 262 288 289 289 290 291 292 293 293 267 294 294 295 296 296 297 297 298 299 300 301 273 274 302 302 303
304 305 305 306 306 278 307 308 309 310 310 311 312 282 283 284 313 314 314 315 316 316 317 287 318 288 319 319 290 291 292 320 320 321 321 322 295 323 323 324 325 298 299 300 301 326 327 328 329 329
330 331 332 332 333 334 307 308 309 335 336 311 312 337 338 338 313 339 340 315 341 342 317 343 344 344 345 345 346 347 348 348 349 350 351 322 352 353 354 324 325 355 356 356 357 326 327 328 358 358
330 331 359 360 360 334 361 362 362 335 336 363 363 364 364 365 365 339 366 366 341 342 367 343 368 368 369 369 346 370 370 371 349 350 351 372 352 373 354 374 375 376 377 378 378 379 380 381 382 383
384 385 359 386 387 387 361 388 388 389 390 390 391 391 392 393 394 394 395 396 396 397 398 399 400 401 402 403 404 405 405 406 406 407 407 372 408 373 409 374 375 376 410 410 411 379 380 381 382 383
384 385 412 386 413 414 414 415 415 389 416 417 418 419 392 393 420 420 421 421 422 397 398 399 400 401 402 403 404 423 424 425 426 426 427 427 428 428 409 429 429 430 431 432 432 433 433 434 435 435
436 436 412 437 413 438 438 439 440 440 441 417 418 419 442 442 443 444 445 446 422 447 448 449 450 450 451 451 452 423 424 425 453 453 454 455 455 456 457 458 458 430 431 459 459 460 460 461 462 462
463 464 464 465 465 466 467 439 468 468 441 469 470 470 471 471 443 444 445 446 472 472 448 449 473 474 475 476 476 477 478 478 479 480 481 482 482 456 483 483 484 485 486 486 487 487 488 461 489 489
463 490 491 491 492 466 493 493 494 494 495 495 496 496 497 498 499 500 501 502 503 504 504 505 473 474 475 506 507 477 508 509 479 480 481 510 511 512 513 513 484 485 514 514 515 515 488 516 517 518
519 519 520 520 492 521 521 522 523 523 524 525 526 527 497 498 499 500 501 502 528 529 530 531 532 533 533 506 534 534 508 535 535 536 537 510 511 538 538 539 540 540 541 542 543 544 544 516 517 518
545 545 546 547 547 548 549 549 550 551 524 525 526 552 552 553 553 554 555 555 528 556 530 531 557 558 559 559 560 560 561 561 562 563 537 564 565 565 566 539 567 568 541 542 543 569 569 570 571 572
573 574 574 575 576 548 577 577 550 551 578 579 580 580 581 581 582 582 583 584 585 556 586 586 557 558 587 587 588 588 589 590 590 563 591 564 592 592 593 594 567 568 595 596 596 597 597 598 571 572
599 600 601 601 576 602 603 603 604 604 578 605 606 606 607 607 608 608 583 584 585 609 610 611 611 612 613 613 614 615 589 616 617 617 591 618 619 620 593 594 621 622 595 623 624 624 625 598 626 626
599 627 628 629 630 630 631 632 632 633 633 605 634 634 635 636 636 637 638 639 639 609 610 640 641 612 642 642 614 615 643 616 644 645 645 618 619 620 646 647 621 648 648 649 649 650 625 651 652 653
654 627 628 629 655 656 631 657 658 658 659 660 660 661 661 662 663 663 638 664 664 665 665 666 641 667 667 668 668 669 643 670 644 671 672 673 674 674 646 647 675 675 676 677 677 678 678 651 652 653
654 679 680 680 655 656 681 657 682 683 683 684 684 685 686 686 687 687 688 688 689 690 691 666 692 693 694 695 695 696 697 698 698 671 672 673 699 700 701 701 702 703 676 704 704 705 705 706 707 707
708 679 709 709 710 711 712 713 714 715 716 717 718 685 719 719 720 721 722 723 689 690 691 724 692 693 725 725 726 696 697 727 728 729 729 730 731 700 732 733 702 703 734 734 735 736 736 737 738 738
739 739 740 740 710 741 712 713 714 715 716 717 718 742 743 743 720 721 722 723 744 745 746 724 747 748 748 749 726 750 750 727 751 752 753 754 731 755 732 733 756 757 758 758 759 759 760 737 761 761
762 762 763 764 765 741 766 766 767 767 768 769 770 742 771 771 772 773 774 774 744 745 775 776 747 777 778 749 779 780 781 782 751 752 753 754 783 755 784 785 756 786 787 788 789 789 760 790 790 791
792 793 793 764 765 794 794 795 796 797 798 769 770 799 800 800 772 773 801 801 802 802 775 776 803 777 778 804 804 780 781 782 805 805 806 807 807 808 808 785 809 786 787 788 810 811 812 813 813 791
792 814 815 815 816 817 817 795 796 797 798 818 819 819 820 821 821 822 823 824 824 825 825 826 803 827 827 828 829 829 830 831 832 832 806 833 833 834 834 835 835 836 837 837 810 811 838 839 839 840
841 814 842 842 816 843 844 844 845 845 846 818 847 848 849 850 851 822 823 852 852 853 853 854 855 855 856 856 857 857 830 831 858 859 860 860 861 862 863 864 865 836 866 867 868 868 838 869 869 870
871 872 872 873 873 874 874 875 875 876 877 878 847 848 849 850 851 879 880 881 881 882 883 854 884 885 886 887 887 888 889 890 891 859 892 893 893 862 863 894 865 895 866 867 896 897 898 898 899 870
871 900 900 901 901 902 902 903 904 876 877 878 905 906 906 907 907 879 908 908 909 882 883 910 910 885 911 912 913 888 889 890 891 914 915 915 916 916 917 894 918 895 919 920 896 897 921 921 899 922
923 924 925 926 927 928 929 930 904 931 931 932 933 934 935 936 937 937 938 939 909 940 940 941 941 942 911 912 913 943 943 944 945 946 947 948 948 949 950 950 918 951 919 920 952 952 953 954 954 922
923 924 925 926 955 928 929 930 956 956 957 957 933 958 935 959 959 960 938 939 961 962 962 963 964 965 966 966 967 967 968 944 969 946 947 970 971 971 972 972 973 973 974 975 976 976 977 977 978 978
979 979 980 981 955 982 983 984 985 985 986 987 987 958 988 988 989 990 991 991 961 992 992 963 964 965 993 993 994 995 996 997 969 998 998 970 999 999 1000 1001 1001 1002 1002 975 1003 1003 1004 1005 1005 1006
1007 1008 980 981 1009 1009 983 1010 1011 1012 986 1013 1014 1014 1015 1016 989 990 1017 1017 1018 1018 1019 1020 1021 1022 1023 1024 994 995 996 997 1025 1025 1026 1026 1027 1028 1028 1029 1030 1031 1032 1033 1033 1034 1035 1036 1037 1006
1038 1008 1039 1040 1041 1042 1042 1010 1011 1012 1043 1043 1044 1045 1045 1016 1046 1047 1048 1048 1049 1049 1019 1050 1021 1051 1023 1024 1052 1053 1053 1054 1054 1055 1056 1056 1027 1057 1057 1029 1030 1031 1032 1058 1059 1059 1035 1036 1060 1060
1038 1061 1062 1040 1041 1063 1063 1064 1065 1066 1066 1067 1044 1068 1068 1069 1069 1047 1070 1071 1071 1072 1072 1050 1073 1051 1074 1074 1052 1075 1075 1076 1076 1077 1078 1079 1079 1080 1080 1081 1081 1082 1083 1083 1084 1085 1086 1087 1088 1088
1089 1061 1062 1090 1091 1092 1093 1064 1065 1094 1095 1096 1096 1097 1098 1098 1099 1099 1070 1100 1101 1101 1102 1103 1073 1104 1104 1105 1105 1106 1107 1108 1109 1077 1110 1111 1112 1112 1113 1113 1114 1114 1115 1116 1116 1085 1117 1087 1118 1118
1119 1120 1121 1090 1091 1092 1122 1123 1123 1094 1095 1124 1124 1097 1125 1125 1126 1127 1128 1128 1129 1130 1102 1103 1131 1132 1132 1133 1134 1134 1107 1135 1109 1136 1110 1137 1137 1138 1138 1139 1140 1140 1141 1141 1142 1142 1117 1143 1144 1145
1119 1120 1121 1146 1147 1147 1122 1148 1148 1149 1149 1150 1151 1152 1152 1153 1126 1127 1154 1154 1129 1130 1155 1156 1131 1157 1157 1158 1159 1160 1160 1135 1161 1162 1162 1163 1163 1164 1164 1165 1166 1167 1168 1168 1169 1169 1170 1170 1144 1171
1172 1172 1173 1174 1175 1176 1176 1177 1178 1179 1180 1150 1181 1182 1182 1153 1183 1184 1185 1185 1186 1186 1155 1156 1187 1188 1189 1158 1190 1191 1192 1192 1193 1194 1195 1195 1196 1197 1198 1165 1166 1199 1200 1201 1202 1203 1204 1204 1205 1171
1206 1206 1207 1174 1175 1208 1208 1209 1178 1179 1180 1210 1181 1211 1211 1212 1183 1213 1214 1214 1215 1215 1216 1217 1187 1188 1218 1218 1190 1219 1219 1220 1193 1221 1221 1222 1196 1197 1198 1223 1223 1199 1200 1201 1202 1203 1224 1224 1205 1225
1226 1227 1207 1228 1228 1229 1230 1209 1231 1232 1232 1210 1233 1233 1234 1212 1235 1213 1236 1236 1237 1238 1239 1217 1240 1240 1241 1241 1242 1242 1243 1220 1244 1245 1246 1222 1247 1248 1248 1249 1249 1250 1251 1251 1252 1253 1254 1255 1255 1225
1226 1227 1256 1257 1257 1229 1230 1258 1258 1259 1259 1260 1261 1261 1234 1262 1263 1263 1264 1265 1237 1238 1239 1266 1266 1267 1267 1268 1269 1269 1243 1270 1244 1271 1246 1272 1247 1273 1273 1274 1275 1250 1276 1277 1252 1253 1278 1278 1279 1280
1281 1282 1282 1283 1284 1285 1285 1286 1287 1288 1288 1260 1289 1290 1290 1262 1291 1292 1264 1293 1293 1294 1294 1295 1296 1297 1298 1298 1299 1300 1300 1270 1301 1271 1302 1272 1303 1304 1305 1274 1306 1307 1276 1308 1309 1310 1311 1312 1279 1280
1313 1313 1314 1283 1284 1315 1316 1286 1317 1318 1319 1319 1320 1320 1321 1322 1291 1292 1323 1323 1324 1324 1325 1295 1296 1297 1326 1326 1299 1327 1327 1328 1328 1329 1330 1331 1331 1304 1332 1332 1306 1333 1333 1308 1309 1334 1311 1312 1335 1336
1337 1337 1314 1338 1338 1315 1316 1339 1317 1318 1340 1340 1341 1341 1321 1322 1342 1342 1343 1343 1344 1344 1325 1345 1345 1346 1347 1347 1348 1348 1349 1350 1350 1329 1330 1351 1352 1352 1353 1353 1354 1354 1355 1356 1356 1334 1357 1357 1335 1336
72 5 65 17 29 10 45 25 37 42 39 22 93 56 90 98 25 5 34 77 19 8 72 94 9 1 10 40 89 16 53 95 10 82 7 90 85 70 27 60 85 18 23 33 39 86 79 38 20 68
7 0 86 40 21 85 59 73 72 67 66 51 25 43 41 59 83 65 29 54 36 19 27 32 13 61 18 17 56 20 98 91 12 98 73 78 22 40 30 10 75 1 83 11 43 91 24 33 82 62
72 18 83 13 19 28 72 50 32 47 29 24 35 24 49 50 63 3 83 59 89 80 11 70 27 47 25 92 9 41 96 93 79 2 87 67 7 42 2 75 81 41 46 54 93 5 92 34 75 23
46 58 89 1 51 22 54 17 19 22 50 92 18 12 74 42 25 16 96 26 97 86 77 33 87 5 98 9 2 27 5 50 30 36 82 23 55 0 38 24 31 0 47 30 89 6 41 39 36 7
83 51 72 50 88 13 97 31 23 38 73 91 73 55 74 17 21 38 37 49 2 10 74 70 85 64 49 89 53 54 8 69 36 92 42 58 92 48 86 85 76 6 20 89 56 36 31 55 92 94
5 99 38 61 69 81 32 48 6 6 89 38 10 90 55 5 42 6 87 76 31 73 77 13 91 4 19 31 68 38 64 20 81 20 41 39 22 3 39 39 81 4 58 66 96 38 79 11 11 22
41 87 43 81 60 94 42 71 85 9 28 99 93 92 13 20 10 0 72 44 36 98 88 90 24 70 55 82 88 60 29 91 40 5 80 92 13 14 1 52 79 54 61 2 4 90 48 11 45 19
65 94 84 11 34 55 26 5 25 74 76 42 40 73 52 97 38 94 45 29 62 61 41 11 97 40 70 20 31 5 15 37 67 61 19 72 14 2 99 19 29 23 68 79 27 53 13 89 16 92
75 95 40 9 76 77 28 46 62 38 51 29 79 82 41 93 94 62 98 39 41 66 69 68 80 99 55 28 9 51 66 30 42 46 29 53 8 83 76 47 35 7 94 47 66 93 33 48 43 97
46 8 80 93 33 78 23 5 95 50 3 60 96 23 5 4 9 45 87 62 41 28 53 78 87 76 30 16 54 2 97 34 45 35 62 99 48 78 15 53 92 37 35 79 22 82 36 54 68 2
54 0 11 87 14 33 67 45 51 21 24 21 48 45 41 54 56 20 46 90 37 70 30 25 70 40 45 78 66 4 20 59 29 30 58 36 82 37 21 3 43 62 0 89 74 59 59 74 82 99
94 20 93 26 56 63 68 78 27 14 65 87 11 49 51 64 14 48 51 5 65 19 47 35 48 45 10 22 28 81 70 72 2 71 24 90 60 30 48 50 51 57 2 10 21 86 21 71 50 60
3 6 73 71 75 87 97 84 16 36 78 22 71 51 26 87 39 68 78 11 22 68 81 43 59 33 88 24 79 52 96 5 42 87 80 38 66 57 41 62 78 85 3 2 84 58 53 91 88 32
68 94 52 2 19 0 40 45 67 1 78 72 0 90 32 93 37 70 61 21 84 93 82 78 20 63 94 33 79 41 8 1 85 25 82 93 57 75 63 82 4 43 50 77 85 51 1 32 3 13
94 45 51 81 5 42 14 46 7 91 70 98 37 49 67 96 80 71 79 2 79 95 58 15 9 22 21 83 2 96 46 38 67 72 23 66 65 80 13 98 34 90 62 40 75 0 32 39 67 87
4 8 14 71 96 74 97 90 4 4 51 45 11 93 61 25 11 35 64 59 55 25 34 49 3 4 51 8 26 33 78 32 96 39 79 89 72 33 37 18 58 46 76 57 0 95 86 41 52 55
47 41 78 35 3 52 72 6 93 44 92 34 86 77 49 43 21 53 33 56 92 58 87 95 64 98 0 60 9 80 16 48 37 56 12 82 86 57 84 75 40 63 68 17 61 39 98 46 51 73
0 0 63 16 79 62 60 87 52 43 76 7 96 91 5 83 29 64 31 2 81 3 35 36 62 29 69 15 23 73 15 86 38 60 81 6 80 94 66 75 13 9 2 89 22 75 24 84 21 55
32 81 20 14 38 64 89 82 65 31 60 78 10 41 68 63 20 76 29 11 2 7 93 69 21 61 1 7 62 51 51 8 22 59 17 25 58 68 6 62 37 9 34 1 61 79 22 79 47 19
55 50 88 77 94 68 74 63 27 85 10 47 17 38 44 24 99 51 54 1 14 98 63 31 68 74 24 37 77 25 95 10 83 15 77 7 10 71 39 87 37 23 25 50 17 16 9 80 44 25
79 94 53 14 97 77 98 26 9 24 90 82 78 9 46 18 88 32 14 13 50 84 58 41 57 82 74 76 76 32 63 76 7 9 11 73 71 95 50 77 50 1 47 70 43 38 17 0 43 10
99 54 18 14 88 61 55 42 73 3 86 3 3 50 87 48 32 27 46 61 42 78 88 37 49 77 29 47 90 83 84 12 61 13 23 82 27 26 70 39 52 17 71 79 82 67 18 49 27 7
7 80 48 0 72 79 35 7 31 46 4 0 64 33 55 50 66 27 84 76 9 71 17 91 4 51 22 81 40 64 19 20 60 93 10 64 71 25 98 84 54 15 61 87 10 46 1 58 53 87
66 82 92 29 63 4 27 13 83 52 21 38 16 94 92 31 56 14 97 69 56 26 60 72 40 81 22 53 81 9 67 66 47 95 62 8 92 85 19 56 41 2 40 70 17 41 48 19 27 35
4 60 67 91 46 75 84 71 61 1 87 60 58 4 31 98 73 63 17 54 44 63 48 58 77 84 81 71 47 42 36 99 63 87 46 51 49 22 88 85 95 76 12 72 96 87 37 60 29 64
23 38 44 81 13 52 27 13 22 24 83 67 96 60 36 24 34 40 74 68 74 66 74 1 4 23 64 81 1 1 76 36 15 6 82 2 40 42 24 63 31 32 80 63 62 32 48 16 12 3
44 81 23 82 46 22 65 39 4 3 11 29 54 2 76 27 23 79 61 24 16 80 62 14 48 98 35 73 75 46 19 13 93 11 0 85 96 38 77 37 50 35 77 49 56 9 98 86 43 15
74 51 91 81 67 38 10 50 3 45 70 96 87 24 66 48 28 84 54 74 3 8 39 35 27 9 30 31 69 85 74 96 66 52 8 15 68 47 49 26 31 15 47 59 8 87 0 76 15 34
49 27 64 24 59 58 76 72 80 52 25 51 86 23 4 62 91 26 19 17 4 83 14 86 54 31 49 22 95 49 27 88 32 89 56 3 68 45 19 9 1 11 53 15 37 73 27 63 18 29
44 93 53 47 68 14 1 33 89 58 91 69 79 30 99 31 12 43 7 67 26 19 76 78 51 73 13 66 76 54 71 99 86 1 13 97 19 22 82 89 88 56 10 15 63 77 32 45 12 86
29 23 91 21 94 91 96 95 55 75 51 36 42 45 96 15 22 24 11 3 21 94 79 51 44 0 44 3 93 20 76 53 67 11 43 45 83 24 30 95 15 31 10 58 22 32 12 75 87 88
1 45 71 90 42 0 28 98 15 68 14 68 12 55 66 16 32 78 90 84 11 56 54 87 1 64 48 53 52 12 90 6 98 76 9 92 6 22 15 37 95 45 83 12 15 58 99 39 93 32
89 12 35 58 41 91 13 58 83 74 20 11 93 97 99 51 30 25 90 31 94 6 70 9 54 58 22 11 16 93 4 65 61 16 73 26 54 17 37 68 10 0 96 39 10 26 3 65 13 80
20 76 29 7 58 48 67 96 33 90 37 3 37 78 51 97 65 19 68 6 4 18 78 12 13 59 25 83 82 34 2 42 50 10 57 16 80 33 37 66 24 80 93 91 58 41 10 68 24 36
55 27 13 52 40 58 48 50 62 73 9 84 66 95 5 41 32 52 68 90 52 79 78 30 69 88 17 73 80 3 71 35 82 86 39 77 71 34 70 0 37 0 26 49 4 79 48 67 41 6
28 96 17 33 97 93 9 80 18 15 38 71 68 7 47 78 47 1 31 55 48 14 33 1 17 78 74 11 30 56 97 73 49 8 78 90 30 48 27 10 67 39 98 51 32 48 30 46 60 98
46 1 80 90 2 57 39 83 54 54 34 88 26 18 70 43 81 5 23 28 51 56 96 43 84 21 68 79 47 10 18 98 66 99 65 25 55 13 49 60 56 98 87 21 34 62 13 95 26 88
12 99 56 38 30 58 17 19 15 57 98 15 61 72 32 43 17 96 84 66 37 29 90 97 84 55 30 69 72 22 96 98 60 66 90 4 31 98 11 22 82 3 96 83 6 48 70 78 64 54
45 49 54 40 7 24 16 65 48 65 83 81 43 6 12 46 10 76 89 33 7 43 25 65 40 73 6 94 27 4 21 30 78 84 6 1 3 85 13 52 20 95 56 79 72 85 82 51 36 13
3 70 92 25 80 24 37 84 42 15 31 17 3 2 84 11 67 13 86 76 75 77 61 81 93 31 83 92 82 37 96 38 38 71 43 47 65 89 63 21 79 35 96 91 27 54 95 34 32 70
12 65 28 2 19 93 62 19 41 71 60 81 9 76 98 63 92 75 7 21 83 51 48 85 91 21 10 19 2 39 8 31 18 11 99 62 28 3 20 36 29 20 67 80 83 23 4 9 59 12
17 1 92 84 10 9 99 90 96 20 5 55 10 54 81 36 32 58 54 77 55 48 6 91 25 71 49 43 39 97 90 69 33 8 57 32 32 49 35 59 2 41 62 6 59 96 94 61 94 16
21 65 73 61 84 68 40 10 70 20 0 39 6 0 61 80 76 24 55 36 95 55 2 79 80 97 68 73 99 46 10 9 4 60 58 5 20 33 49 16 40 95 36 90 5 44 19 47 33 86
69 93 80 95 53 55 78 93 40 91 83 57 82 87 63 88 88 31 2 94 32 84 86 94 27 67 48 74 87 6 29 10 29 19 63 98 4 31 71 39 69 53 99 10 58 13 24 82 11 31
79 93 56 39 3 51 22 90 5 77 52 88 80 0 66 49 76 42 20 90 45 90 52 15 94 71 40 45 94 9 88 68 81 97 22 64 61 58 3 16 24 94 47 37 77 0 27 22 65 88
8 7 41 82 93 23 34 40 99 42 82 3 75 23 81 38 25 23 57 30 82 23 19 1 25 70 16 19 67 86 79 87 19 78 15 13 78 10 82 84 37 38 70 19 22 46 82 3 13 55
47 59 1 52 47 71 71 36 70 4 96 38 18 25 39 1 8 89 30 79 55 52 50 98 38 38 56 70 20 91 73 25 5 0 2 7 6 62 77 26 0 82 40 99 56 15 78 46 8 11
15 75 65 56 21 16 17 24 35 62 18 6 82 27 47 11 64 2 80 57 93 62 21 79 72 77 90 92 39 63 14 46 51 4 98 59 65 56 65 84 82 87 17 13 43 1 52 55 11 29
29 94 70 38 91 10 35 11 79 46 45 84 86 82 1 58 74 74 0 42 52 72 69 33 15 52 31 82 42 17 94 3 97 74 63 39 35 22 83 59 22 18 90 73 97 93 83 20 13 94
12 17 90 77 25 67 63 49 9 15 50 27 68 99 82 38 40 18 31 14 33 17 74 70 32 30 81 45 43 26 5 95 89 6 47 68 66 67 33 9 24 42 83 38 18 18 94 34 84 79
