45 35
0 1 1 2 2 3 3 4 5 6 6 7 7 8 9 10 11 11 12 13 13 14 15 15 16 16 17 18 18 19 20 20 21 21 22 23 24 25 25 26 26 27 27 28 28 29 30 31 32 33
34 34 35 36 37 38 39 4 5 40 40 41 41 42 9 10 43 44 12 45 45 14 46 46 47 47 17 48 48 49 50 50 51 52 22 53 24 54 55 55 56 56 57 57 58 58 30 31 32 59
60 61 61 36 62 38 39 63 64 64 65 66 67 42 68 69 43 70 70 71 71 72 73 74 75 75 76 76 77 49 78 79 79 52 80 53 81 54 82 83 83 84 84 85 86 86 87 88 88 59
60 89 90 90 62 91 91 63 92 93 65 66 94 94 68 69 95 96 97 98 99 99 73 100 101 102 102 103 104 104 105 105 106 106 80 107 81 108 109 109 110 111 111 85 112 113 113 114 115 115
116 116 117 118 119 120 120 121 121 93 122 122 123 123 124 125 95 126 97 127 127 128 129 100 101 130 131 131 132 133 133 134 134 135 135 136 137 137 138 139 110 140 140 141 112 142 142 143 144 145
146 146 117 118 119 147 147 148 149 150 151 151 152 153 124 125 154 126 155 156 156 128 129 157 157 130 158 158 132 159 159 160 160 161 162 136 163 163 138 139 164 164 165 141 166 167 167 143 144 145
168 168 169 170 171 172 172 148 149 173 173 174 152 153 175 176 154 177 155 178 178 179 179 180 180 181 181 182 183 184 185 185 186 161 162 187 188 189 190 191 192 193 165 194 166 195 196 197 197 198
199 199 169 200 171 201 202 202 203 204 204 205 205 206 175 176 207 207 208 208 209 210 211 212 212 213 214 182 183 184 215 216 217 217 218 187 188 189 219 191 192 193 220 194 221 195 196 222 222 198
223 224 224 200 225 201 226 227 228 229 230 231 232 233 233 234 235 236 237 238 209 210 211 239 240 213 214 241 242 243 215 216 244 245 218 246 247 247 219 248 249 249 250 250 221 251 252 252 253 254
223 255 255 256 225 257 226 227 228 229 230 231 232 258 259 259 235 236 260 238 261 262 262 239 240 263 263 241 242 243 264 264 244 245 265 266 266 267 268 248 269 269 270 270 271 251 272 272 253 254
273 274 275 275 276 257 277 278 278 279 280 280 281 258 282 283 283 284 260 285 261 286 286 287 288 288 289 290 290 291 292 292 293 293 265 294 295 267 296 296 297 297 298 299 271 300 301 302 302 303
273 304 304 305 306 306 277 307 308 308 309 310 281 311 312 312 313 284 314 285 315 315 316 287 317 318 318 319 320 291 321 322 322 323 323 294 324 325 326 327 327 328 298 329 330 300 331 331 332 333
334 334 335 305 336 336 337 338 338 339 309 310 340 311 341 341 342 342 314 343 344 344 316 345 346 347 348 319 320 349 321 350 351 351 352 352 324 325 353 353 354 328 355 329 330 356 357 358 358 333
359 359 335 360 361 361 337 362 362 363 363 364 364 365 366 366 367 367 368 343 369 369 370 371 346 347 348 372 373 349 374 374 375 375 376 376 377 378 379 379 354 380 355 381 381 356 382 383 383 384
385 385 386 386 387 388 388 389 390 390 391 392 392 393 393 394 394 395 395 396 396 397 370 371 398 399 400 372 373 401 402 402 403 404 405 406 406 378 407 407 408 380 409 410 411 412 382 413 413 384
414 415 416 416 387 417 418 389 419 420 420 421 421 422 422 423 424 424 425 426 427 397 428 428 398 399 429 429 430 401 431 431 403 404 405 432 432 433 434 434 435 435 409 410 411 412 436 437 438 438
414 415 439 440 441 417 442 442 419 443 443 444 444 445 446 447 448 448 425 426 427 449 449 450 450 451 451 452 430 453 453 454 454 455 456 457 457 458 458 459 459 460 460 461 461 462 436 463 463 464
465 466 467 440 441 468 468 469 469 470 470 471 471 445 446 447 472 473 474 475 475 476 477 477 478 478 479 452 480 480 481 482 483 455 456 484 485 486 487 488 489 489 490 491 492 462 493 494 495 496
465 466 467 497 498 499 499 500 501 502 502 503 504 504 505 505 472 473 474 506 506 476 507 508 508 509 509 510 510 511 511 482 483 512 512 484 485 486 487 488 513 513 490 491 492 514 514 494 495 496
515 515 516 497 517 517 518 500 519 519 520 520 521 521 522 523 524 525 526 527 528 528 529 530 531 532 533 534 534 535 535 536 536 537 537 538 539 540 541 542 543 544 544 545 546 547 547 548 549 549
550 551 516 552 553 554 518 555 555 556 556 557 557 558 522 523 524 525 526 527 559 560 529 530 531 532 533 561 561 562 562 563 564 565 566 538 539 567 541 542 543 568 569 545 546 570 570 548 571 571
550 551 572 573 553 554 574 575 575 576 576 577 578 579 579 580 581 582 582 583 584 560 585 585 586 587 587 588 588 589 590 563 591 565 566 592 592 567 593 594 594 595 569 596 597 597 598 598 599 600
601 601 572 573 602 603 603 604 604 605 605 577 578 606 606 580 607 608 609 583 584 610 610 611 586 612 612 613 613 589 614 614 591 615 615 616 617 618 593 619 619 595 620 620 621 621 622 623 599 624
625 626 626 627 602 628 628 629 630 631 632 632 633 633 634 634 607 608 609 635 635 636 636 611 637 637 638 639 640 640 641 641 642 643 643 616 617 618 644 644 645 646 646 647 648 648 622 649 649 624
625 650 650 627 651 652 652 629 630 631 653 653 654 654 655 656 657 657 658 658 659 660 660 661 662 662 638 639 663 663 664 664 642 665 666 667 668 668 669 670 645 671 672 672 673 673 674 674 675 675
676 677 677 678 651 679 679 680 681 682 682 683 684 684 655 656 685 685 686 687 659 688 688 661 689 690 691 692 692 693 693 694 695 665 666 667 696 697 697 670 698 699 699 700 700 701 701 702 702 703
704 705 706 678 707 707 708 709 681 710 710 711 711 712 713 713 714 714 686 715 715 716 717 717 689 690 691 718 719 720 720 721 695 722 722 723 723 724 724 725 698 726 727 727 728 729 730 730 731 732
704 705 706 733 734 734 708 709 735 735 736 737 738 712 739 740 741 741 742 743 743 744 745 746 747 747 748 748 719 749 750 721 751 751 752 752 753 753 754 755 755 726 756 756 728 729 757 758 731 732
759 759 760 733 761 761 762 763 764 764 736 737 738 765 739 740 766 767 742 768 769 744 745 746 770 770 771 771 772 772 750 773 773 774 775 776 776 777 778 778 779 779 780 780 781 782 757 758 783 783
784 785 760 786 787 788 762 789 790 791 791 792 792 793 793 794 766 767 795 768 769 796 797 797 798 799 800 800 801 802 802 803 803 774 775 804 804 777 805 806 807 808 808 809 781 782 810 811 812 812
784 813 813 786 787 814 814 789 790 815 815 816 816 817 818 794 819 819 820 821 822 796 823 823 798 799 824 825 825 826 827 828 829 829 830 830 831 832 832 806 807 833 834 834 835 836 836 811 837 838
839 840 841 842 842 843 843 844 844 845 845 846 846 817 847 848 849 850 820 821 851 852 852 853 854 855 824 856 856 826 827 828 857 857 858 858 859 859 860 860 861 861 862 862 863 863 864 864 865 838
866 840 841 867 867 868 869 870 870 871 872 872 873 874 847 848 849 850 875 875 851 876 877 853 878 855 879 880 881 882 882 883 883 884 884 885 886 886 887 888 888 889 889 890 890 891 892 893 865 894
866 895 895 896 896 868 869 897 897 898 899 900 873 874 901 901 902 902 903 904 905 876 877 906 878 907 907 880 908 908 909 909 910 911 911 885 912 912 887 913 913 914 915 915 916 891 892 917 917 894
918 919 920 921 921 922 922 923 924 898 899 900 925 926 926 927 928 929 930 904 931 931 932 906 933 934 935 936 936 937 938 938 939 939 940 941 941 942 943 943 944 914 945 946 916 947 948 949 949 950
951 919 920 952 953 954 954 955 924 956 957 958 925 959 960 927 961 929 930 962 963 963 964 964 933 965 935 966 967 967 968 969 969 970 971 972 973 942 974 975 944 976 945 977 977 947 978 979 980 950
951 981 982 952 953 983 983 955 984 985 957 986 986 959 987 987 961 988 988 989 990 991 991 992 992 965 993 993 994 995 996 997 998 998 971 972 973 999 974 1000 1000 976 1001 1001 1002 1003 978 979 1004 1004
1005 1006 982 1007 1008 1009 1009 1010 1010 985 1011 1011 1012 1013 1014 1015 1016 1017 1017 989 990 1018 1019 1020 1020 1021 1022 1022 994 995 996 997 1023 1023 1024 1024 1025 999 1026 1027 1028 1028 1029 1029 1002 1003 1030 1031 1032 1032
1005 1006 1033 1007 1008 1034 1034 1035 1036 1036 1037 1038 1038 1013 1014 1015 1016 1039 1039 1040 1040 1018 1019 1041 1041 1042 1043 1043 1044 1045 1045 1046 1047 1047 1048 1048 1025 1049 1049 1027 1050 1051 1052 1053 1053 1054 1030 1031 1055 1055
1056 1057 1057 1058 1059 1059 1060 1060 1061 1062 1037 1063 1063 1064 1064 1065 1066 1066 1067 1068 1069 1070 1070 1071 1071 1042 1072 1073 1073 1074 1075 1075 1076 1077 1077 1078 1079 1079 1080 1081 1050 1082 1052 1083 1083 1084 1084 1085 1086 1086
1087 1088 1088 1058 1089 1089 1090 1090 1061 1062 1091 1091 1092 1092 1093 1065 1094 1094 1067 1068 1069 1095 1096 1096 1097 1097 1072 1098 1099 1074 1100 1101 1076 1102 1102 1078 1103 1103 1080 1081 1104 1082 1105 1105 1106 1107 1107 1085 1108 1108
1087 1109 1109 1110 1110 1111 1112 1113 1113 1114 1115 1115 1116 1116 1093 1117 1118 1119 1120 1121 1122 1095 1123 1124 1125 1126 1127 1098 1099 1128 1128 1101 1129 1130 1130 1131 1132 1133 1134 1134 1135 1136 1136 1137 1106 1138 1138 1139 1140 1141
1142 1143 1144 1145 1145 1111 1146 1147 1147 1114 1148 1148 1149 1149 1150 1117 1118 1119 1120 1121 1122 1151 1123 1124 1125 1152 1127 1153 1154 1154 1155 1156 1129 1157 1157 1131 1132 1133 1158 1158 1135 1159 1159 1160 1161 1161 1162 1139 1140 1141
1163 1143 1144 1164 1165 1165 1146 1166 1166 1167 1167 1168 1169 1170 1171 1171 1172 1172 1173 1174 1174 1151 1175 1175 1176 1152 1177 1153 1178 1179 1179 1156 1180 1181 1182 1182 1183 1184 1184 1185 1186 1186 1187 1160 1188 1189 1162 1190 1191 1191
1163 1192 1192 1164 1193 1193 1194 1195 1196 1197 1197 1168 1169 1198 1199 1199 1200 1201 1202 1202 1203 1203 1204 1204 1205 1205 1177 1206 1207 1207 1208 1209 1180 1181 1210 1211 1183 1212 1212 1213 1214 1214 1187 1215 1188 1189 1216 1217 1218 1219
1220 1220 1221 1222 1222 1223 1223 1195 1224 1224 1225 1226 1226 1198 1227 1228 1228 1201 1229 1230 1231 1232 1232 1233 1233 1234 1235 1236 1236 1237 1237 1209 1238 1238 1210 1211 1239 1240 1240 1213 1241 1241 1242 1243 1244 1244 1216 1217 1245 1219
1246 1246 1247 1248 1249 1250 1250 1251 1252 1253 1254 1255 1256 1257 1227 1258 1259 1259 1229 1230 1260 1261 1262 1263 1263 1234 1264 1265 1265 1266 1266 1267 1268 1269 1270 1271 1271 1272 1272 1273 1274 1274 1242 1243 1275 1276 1276 1277 1245 1278
1279 1279 1247 1280 1249 1281 1282 1251 1252 1283 1254 1255 1256 1284 1285 1258 1286 1287 1287 1288 1260 1261 1262 1289 1289 1290 1264 1291 1291 1292 1293 1267 1268 1269 1294 1295 1295 1296 1297 1273 1298 1299 1300 1301 1301 1302 1302 1277 1303 1304
1305 1305 1306 1280 1307 1281 1282 1308 1308 1283 1309 1310 1311 1284 1312 1313 1314 1314 1315 1288 1316 1317 1318 1318 1319 1320 1321 1322 1322 1292 1293 1323 1324 1324 1294 1325 1326 1327 1297 1328 1329 1299 1300 1330 1331 1332 1333 1334 1334 1304
1335 1335 1306 1336 1337 1337 1338 1339 1339 1340 1309 1310 1311 1341 1312 1313 1342 1342 1315 1343 1316 1317 1344 1344 1319 1320 1321 1345 1345 1346 1346 1323 1347 1348 1348 1325 1326 1327 1349 1349 1329 1350 1350 1330 1331 1332 1333 1351 1351 1352
77 35 67 42 14 6 85 70 0 59 42 30 47 67 42 74 82 46 91 21 18 45 87 58 31 54 42 65 20 94 32 81 79 66 72 59 82 82 40 65 65 40 37 82 45 20 88 19 60 64
35 90 59 82 0 23 75 76 31 32 9 88 0 24 42 71 71 19 19 4 62 8 96 14 53 56 93 81 35 82 90 2 31 6 73 37 74 66 31 29 14 96 9 9 82 92 64 40 82 95
93 72 77 27 66 63 46 22 54 25 57 10 50 73 74 43 30 1 93 21 75 18 59 82 64 0 71 28 92 0 62 80 92 37 67 67 21 84 40 79 39 59 33 86 93 54 62 53 89 55
12 97 41 91 41 57 1 32 56 50 1 30 53 67 93 83 61 59 28 69 72 80 64 67 1 13 18 17 18 73 58 58 85 97 34 59 29 90 85 96 56 28 41 66 50 90 49 83 29 89
14 7 79 31 28 98 30 36 21 77 1 26 99 74 25 65 15 97 13 35 54 20 14 86 48 72 47 56 37 71 86 24 48 7 64 17 79 96 4 33 95 35 46 88 26 61 2 65 53 58
19 30 71 95 52 10 17 71 15 39 8 31 5 66 13 42 9 94 15 1 28 81 37 27 41 22 8 21 1 2 42 93 74 6 65 42 65 65 80 97 31 39 98 34 73 90 16 92 22 51
3 40 36 62 12 45 10 73 62 26 24 2 36 29 15 4 0 28 83 93 15 26 65 38 60 74 93 17 15 21 97 18 75 45 10 52 52 11 19 91 33 70 18 65 20 82 11 75 86 39
77 57 48 90 80 92 84 15 64 47 9 75 98 16 60 12 6 64 73 95 62 59 73 16 79 22 22 8 79 81 78 44 43 23 11 67 77 10 58 79 61 23 66 56 77 55 93 73 78 64
57 78 73 77 49 21 1 98 45 90 7 77 29 36 72 20 4 4 2 36 59 63 9 44 61 23 26 27 3 78 1 72 36 38 5 54 29 13 49 97 71 78 6 84 77 70 66 66 96 26
49 58 64 56 64 86 11 97 76 38 45 95 50 87 77 71 67 56 14 70 59 59 73 49 11 28 88 3 64 77 99 47 75 36 34 3 29 85 22 32 3 78 22 46 96 25 49 39 68 87
72 14 49 91 24 89 38 87 22 53 36 69 77 13 34 45 87 29 44 64 65 76 9 40 93 41 86 25 30 48 4 28 28 57 80 60 92 23 50 37 10 13 28 71 96 62 13 82 55 84
94 71 71 9 61 24 16 58 47 69 33 55 88 58 45 59 29 59 1 72 33 23 87 63 6 71 90 7 13 58 47 28 62 48 57 0 76 94 48 68 27 24 72 23 77 16 37 71 90 44
30 19 75 75 93 71 48 70 13 54 58 2 93 40 64 59 38 93 37 3 97 83 12 42 85 49 56 91 10 78 10 5 8 96 70 47 75 69 63 61 91 25 82 93 17 62 54 21 44 72
65 66 47 42 67 67 82 85 11 61 79 70 57 27 31 6 72 2 2 2 98 57 29 52 44 51 7 9 90 64 70 17 9 40 78 78 4 51 68 17 23 8 52 13 22 86 67 18 68 38
7 8 83 2 31 73 19 74 89 31 17 67 79 91 93 56 17 5 2 16 48 17 74 1 63 67 69 48 65 33 17 78 43 28 36 75 43 21 86 3 99 21 84 28 24 96 52 83 22 89
1 29 65 82 76 94 99 8 9 5 32 69 29 24 1 24 54 84 93 89 14 30 98 32 84 28 0 95 52 7 24 10 68 43 94 45 2 6 65 15 43 23 88 5 12 74 14 79 49 38
3 52 72 14 18 92 91 92 6 63 36 66 79 92 82 61 7 81 62 14 85 43 48 46 47 82 96 91 48 21 74 93 1 31 93 98 15 34 94 53 33 16 52 80 94 89 56 75 31 45
56 54 93 95 68 11 11 71 48 27 52 17 49 83 64 32 84 44 59 20 57 85 86 88 17 94 19 29 10 59 36 84 55 94 89 85 31 21 40 12 42 18 26 55 74 11 7 65 8 42
4 63 49 91 21 47 80 44 71 31 75 70 18 68 41 37 79 15 18 68 13 7 78 25 6 32 62 76 63 22 71 2 8 54 89 69 89 17 95 2 80 81 72 32 57 12 49 24 31 95
99 40 81 7 46 25 53 25 47 78 17 10 18 48 40 4 90 18 94 70 85 84 56 0 57 12 21 18 83 87 33 43 34 20 38 80 30 34 15 96 96 23 59 97 42 37 18 88 35 48
22 63 90 63 53 27 74 42 65 92 13 66 16 94 7 91 3 81 1 97 3 29 43 82 20 16 13 45 10 77 51 62 83 61 88 30 65 2 46 99 45 35 0 77 32 92 30 80 68 34
87 50 27 45 23 27 53 47 24 69 68 23 25 72 76 88 93 35 59 51 77 85 42 19 25 53 0 61 73 24 16 28 18 23 86 40 54 67 76 88 74 11 9 51 80 98 72 10 18 94
12 11 66 66 20 70 93 32 16 74 43 22 3 61 97 99 51 8 34 49 96 1 69 2 56 55 17 68 86 42 83 24 38 68 7 87 63 62 38 74 89 11 48 20 11 97 23 18 5 93
15 84 58 47 85 84 83 85 3 34 54 55 7 2 11 55 79 62 2 7 42 5 57 66 12 8 37 85 1 88 69 86 22 20 66 15 86 58 67 67 23 64 14 97 59 1 9 87 85 25
46 89 29 18 36 19 7 1 74 3 16 20 60 64 50 83 80 51 13 33 59 75 32 17 66 73 76 75 61 18 6 37 34 43 55 6 26 66 20 79 46 3 73 56 78 87 28 31 28 77
3 17 14 56 99 17 71 57 30 63 31 6 93 23 75 7 61 37 26 17 72 97 43 53 86 86 42 77 34 4 49 23 76 38 44 72 35 35 29 38 43 24 54 91 81 78 65 82 94 30
95 45 33 87 42 31 19 92 76 31 25 46 57 30 65 34 14 82 83 82 20 8 50 80 14 26 78 50 29 17 62 52 90 56 79 21 18 8 93 33 79 1 48 24 3 50 15 69 52 97
46 45 32 50 57 52 65 48 37 21 89 75 87 6 69 77 21 40 64 55 15 50 0 59 77 14 19 11 90 7 98 51 21 89 94 38 74 42 20 66 18 84 85 55 95 85 28 56 4 69
73 34 1 58 39 53 26 95 75 37 32 25 84 72 48 49 69 3 1 88 47 66 28 6 83 67 66 44 45 75 33 66 33 54 14 22 7 50 50 59 15 97 7 48 42 43 0 70 1 51
89 53 83 25 48 52 91 41 48 19 7 67 42 40 11 99 38 43 17 36 2 11 58 97 25 33 66 69 32 75 72 74 1 47 72 30 6 25 54 70 93 62 54 27 66 31 60 15 65 11
18 84 82 88 37 36 7 9 22 4 83 5 81 83 35 89 52 37 65 41 8 13 34 13 55 57 53 80 22 63 71 43 63 46 73 75 49 62 15 71 86 72 29 20 62 10 46 86 17 28
40 90 98 18 70 72 36 38 9 90 12 59 20 59 69 31 65 7 66 91 16 94 73 30 33 63 70 76 14 90 59 23 11 24 49 88 6 41 10 77 67 54 27 76 6 70 90 82 60 30
13 91 65 22 70 98 86 0 36 37 80 89 56 69 92 30 14 11 11 20 32 43 32 50 10 18 19 31 1 2 20 92 76 80 65 37 69 58 35 18 75 59 50 42 56 13 11 67 84 87
65 21 26 66 80 34 59 78 75 18 49 20 98 29 0 5 21 58 62 98 11 15 41 46 33 51 49 50 33 29 27 16 33 34 16 9 42 67 80 86 13 20 33 91 97 91 75 32 67 55
33 18 70 74 78 46 71 84 45 62 52 83 91 80 39 56 79 35 53 41 1 21 3 71 24 41 8 64 14 85 63 62 93 64 59 42 16 71 82 42 69 23 24 83 12 25 70 45 66 53
86 31 93 16 79 0 26 57 94 54 75 23 84 10 1 95 98 91 2 35 73 42 98 11 43 19 38 3 89 30 46 73 30 17 68 92 66 17 14 22 62 34 10 28 80 73 67 14 69 10
72 73 21 70 15 97 66 83 21 51 9 54 24 31 7 80 53 47 72 72 98 92 13 15 11 65 72 58 96 99 37 63 24 48 14 55 27 77 75 16 24 78 77 28 34 14 95 17 58 53
15 9 55 49 21 26 57 89 56 66 93 91 70 70 55 29 26 17 12 13 81 8 88 69 67 92 56 27 24 45 62 84 92 14 54 96 87 53 41 1 56 37 32 29 37 0 1 6 56 2
85 13 18 40 92 82 54 55 50 52 93 54 36 83 2 28 15 45 34 21 77 88 68 23 57 26 29 16 78 44 93 95 31 67 11 25 3 99 95 75 17 22 50 97 31 7 50 49 65 66
7 37 76 30 50 91 94 93 33 95 52 42 68 45 99 82 92 12 9 15 69 25 31 82 90 54 40 75 63 46 99 41 35 73 31 21 55 44 75 71 23 5 99 60 91 76 65 2 67 4
18 33 16 43 25 94 80 71 73 99 43 72 29 11 55 92 63 29 79 88 67 82 60 10 82 8 69 61 44 55 15 4 23 29 82 4 56 30 46 54 52 52 85 44 90 70 92 16 98 96
58 76 17 66 36 19 92 24 30 62 19 56 38 88 54 24 30 80 84 54 85 24 67 80 63 75 68 88 19 47 32 47 50 13 48 50 7 45 26 7 50 98 88 62 17 17 53 49 14 4
62 7 88 77 23 0 48 35 3 37 17 17 72 83 6 67 92 6 57 32 55 54 14 9 87 66 56 81 96 53 27 27 40 21 63 30 13 61 14 45 3 2 33 92 48 55 69 84 93 90
41 57 24 45 64 7 16 64 0 96 88 12 47 32 50 89 59 40 20 93 84 63 69 67 1 99 39 63 69 15 95 27 36 54 49 29 25 60 71 95 48 64 82 75 47 9 69 24 67 32
26 61 92 42 63 71 24 52 80 97 18 75 57 30 9 1 1 94 21 10 74 73 87 69 84 17 37 47 49 9 84 32 26 12 19 30 52 97 22 86 34 83 12 6 55 67 2 37 97 84
12 77 6 12 44 99 1 15 97 9 28 75 64 58 23 75 48 92 50 19 68 31 1 29 97 85 5 78 42 53 1 18 1 98 28 83 7 18 47 80 13 71 74 72 6 11 59 80 51 7
83 50 46 80 19 93 19 0 66 0 5 5 50 89 48 29 50 14 76 34 56 13 41 40 59 10 84 51 50 11 76 72 80 38 71 72 90 46 93 46 16 7 47 52 55 3 7 39 35 49
55 28 23 3 52 27 66 64 7 2 92 7 52 71 97 91 91 30 57 59 98 67 77 2 56 97 74 86 94 79 78 99 3 44 29 76 85 18 13 75 4 80 94 26 3 93 23 99 77 93
4 52 77 32 25 97 25 4 25 23 0 21 54 58 71 65 62 0 99 97 16 44 89 97 25 38 55 22 25 70 90 79 78 82 43 57 32 23 68 86 13 73 95 26 94 62 38 25 72 52
10 27 60 97 56 81 99 31 12 97 82 0 77 39 1 94 12 80 10 94 80 55 30 46 79 78 39 56 53 66 2 63 1 19 16 99 85 22 71 5 9 25 81 57 61 45 5 97 71 88
