16 7
0 0 1 2 2 3 3 4 4 5 6 7 7 8 8 9 10 11 12 12 13 14 15 15 16 17 17 18 19 19 20 21 22 22 23 23 24 25 26 26 27 27 28 29 30 30 31 32 32 33
34 34 35 35 36 37 38 39 40 40 6 41 42 43 44 9 10 45 46 47 47 14 48 48 49 49 50 51 52 53 53 21 54 54 55 55 24 56 56 57 58 59 28 29 60 61 62 62 63 33
64 64 65 65 36 37 38 39 66 66 67 41 42 43 44 68 69 45 46 70 70 71 72 73 73 74 50 51 75 76 76 77 77 78 79 80 81 82 82 57 58 59 83 83 60 84 85 86 63 87
88 88 89 89 90 90 91 92 92 93 67 94 94 95 95 68 96 96 97 98 98 71 72 99 99 100 101 101 75 102 103 103 104 104 79 80 81 105 106 107 108 108 109 110 110 84 111 86 112 112
113 114 114 115 116 116 91 117 117 118 119 120 120 121 121 122 123 124 125 125 126 127 127 128 128 100 129 130 131 132 132 133 133 134 135 135 136 105 106 107 137 137 138 138 139 139 111 140 141 142
113 143 144 144 145 145 146 146 147 118 119 148 149 149 150 150 123 124 151 151 126 152 152 153 154 154 129 130 131 155 155 156 157 134 158 158 136 159 160 161 161 162 162 163 164 164 165 140 141 166
167 167 168 168 169 170 170 171 147 172 173 148 174 174 175 176 176 177 178 178 179 180 180 181 182 182 183 184 184 185 185 156 186 187 188 189 190 159 160 191 191 192 192 193 193 194 194 195 195 166
196 197 197 198 169 199 199 200 201 201 173 202 203 203 175 204 204 177 205 205 179 206 207 181 208 208 209 209 210 210 211 212 186 213 188 189 190 214 214 215 215 216 217 218 218 219 219 220 221 221
222 223 223 198 224 225 226 200 227 228 228 202 229 229 230 231 231 232 232 233 233 206 207 234 235 235 236 236 237 237 211 212 238 213 239 240 240 241 242 243 243 216 244 244 245 245 246 246 247 247
222 248 248 249 224 225 250 250 251 251 252 252 253 254 255 256 257 257 258 258 259 259 260 234 261 261 262 262 263 264 265 265 266 267 267 268 268 241 242 269 270 271 271 272 272 273 274 274 275 275
276 276 277 249 278 279 279 280 281 282 283 283 253 284 255 256 285 286 286 287 288 289 260 290 291 292 293 293 294 264 295 295 266 296 296 297 297 298 298 269 270 299 299 300 301 273 302 302 303 304
305 305 277 306 278 307 307 280 281 282 308 309 309 284 310 310 311 312 312 287 288 289 313 313 291 292 314 315 294 316 316 317 317 318 318 319 320 321 322 322 323 323 324 300 301 325 325 326 303 304
327 328 329 306 330 331 332 333 334 335 336 336 337 338 338 339 311 340 340 341 342 342 343 344 345 346 314 315 347 347 348 348 349 349 350 319 320 351 352 352 353 354 324 355 356 357 357 326 358 358
327 328 329 359 359 331 332 333 334 335 360 360 361 362 362 339 363 364 365 341 366 366 343 367 345 368 368 369 370 371 372 372 373 373 350 374 374 351 375 375 353 376 377 355 356 378 379 380 380 381
382 383 383 384 385 385 386 386 387 387 388 389 361 390 391 392 363 364 393 394 394 395 396 367 397 398 398 399 370 371 400 400 401 401 402 403 404 405 406 407 407 376 377 408 408 409 379 410 410 381
382 411 411 384 412 412 413 414 415 416 416 389 417 417 391 392 418 418 393 419 420 395 396 421 397 422 423 399 424 424 425 426 426 427 402 403 404 405 406 428 429 430 431 432 432 409 433 433 434 434
435 436 437 437 438 439 413 414 415 440 440 441 442 443 444 444 445 446 447 419 420 448 448 421 449 422 423 450 451 452 453 453 454 455 455 456 456 457 458 428 429 430 431 459 459 460 461 461 462 463
435 464 464 465 465 439 466 466 467 468 468 441 469 443 470 470 445 446 447 471 471 472 472 473 449 474 474 450 451 452 475 475 454 476 476 477 477 478 458 479 480 481 481 482 482 460 483 484 462 463
485 486 487 488 488 489 490 491 467 492 493 493 469 494 494 495 496 496 497 497 498 499 499 473 500 500 501 501 502 502 503 503 504 504 505 506 506 478 507 479 480 508 508 509 510 511 511 484 512 513
514 486 487 515 515 489 490 516 517 518 518 519 519 520 520 521 521 522 523 523 498 524 525 526 527 527 528 528 529 529 530 531 531 532 505 533 534 535 535 536 536 537 537 509 510 538 538 539 512 513
514 540 541 542 542 543 543 516 517 544 544 545 546 546 547 548 549 550 550 551 551 524 525 526 552 552 553 554 555 555 556 556 557 532 558 558 534 559 560 560 561 561 562 563 563 564 565 565 566 567
568 540 569 570 570 571 571 572 573 573 574 545 575 575 547 548 576 576 577 578 578 579 580 581 582 582 553 583 583 584 585 586 557 587 587 588 588 559 589 589 590 590 591 592 593 594 594 595 595 567
568 596 569 597 598 599 600 601 601 602 602 603 603 604 605 605 606 607 607 608 608 579 580 581 609 610 610 611 612 584 585 586 613 613 614 614 615 616 616 617 617 618 591 592 619 619 620 621 621 622
623 624 625 597 598 626 600 627 628 628 629 630 630 604 631 631 632 633 634 634 635 635 636 636 609 637 638 611 639 640 640 641 642 643 644 644 615 645 646 647 647 618 648 649 649 650 651 652 653 653
623 624 625 654 654 626 655 627 656 657 658 658 659 659 660 661 632 662 662 663 663 664 665 665 666 637 638 667 639 668 669 641 670 643 671 671 672 645 673 673 674 675 675 676 677 677 651 652 678 678
679 680 681 682 683 684 684 685 656 686 686 687 687 688 660 661 689 690 690 691 692 664 693 693 694 694 695 667 696 668 669 697 670 698 698 699 672 700 700 701 701 702 703 703 704 705 706 706 707 707
679 708 681 682 683 709 709 685 710 711 711 712 712 688 713 714 714 715 716 691 717 717 718 719 720 720 695 721 722 723 724 725 725 726 727 699 728 729 730 731 731 732 732 733 704 734 735 735 736 737
738 708 739 739 740 740 741 741 710 742 743 744 744 745 746 747 748 748 716 749 750 751 718 719 752 752 753 721 722 723 754 754 755 755 727 756 728 757 730 758 758 759 759 760 760 734 761 761 736 737
738 762 762 763 764 764 765 766 767 767 743 768 769 769 746 770 770 771 771 749 750 751 772 772 773 774 753 775 776 776 777 777 778 778 779 779 780 757 781 781 782 782 783 783 784 785 786 787 788 789
790 791 792 763 793 794 765 766 795 795 796 797 798 799 800 801 801 802 802 803 804 805 805 806 773 807 807 775 808 809 810 811 811 812 812 813 813 814 814 815 815 816 816 817 784 785 786 787 818 789
819 791 792 820 793 794 821 821 822 823 796 797 798 799 800 824 825 825 826 827 804 828 828 806 829 829 830 830 808 809 810 831 832 832 833 834 835 835 836 836 837 837 838 817 839 839 840 840 818 841
819 842 842 820 843 843 844 845 822 823 846 846 847 847 848 849 849 850 850 827 851 852 853 854 854 855 855 856 856 857 858 858 859 860 833 861 861 862 862 863 864 864 838 865 866 867 868 868 869 841
870 870 871 871 872 872 873 845 874 874 875 876 877 878 878 879 880 881 881 882 851 852 883 884 884 885 885 886 887 888 888 889 859 890 891 891 892 893 893 894 894 895 896 865 866 867 897 897 869 898
899 900 901 901 902 902 873 903 904 904 875 876 877 905 905 879 880 906 907 908 909 909 883 910 911 912 912 913 887 914 915 916 917 890 918 919 919 920 921 921 922 895 896 923 924 925 926 926 927 898
899 900 928 929 930 930 931 932 932 933 934 935 935 936 936 937 937 938 907 908 939 939 940 910 911 941 942 913 943 914 915 916 917 944 918 945 945 946 947 947 922 948 948 923 924 925 949 950 950 951
952 953 928 929 954 954 955 955 956 956 934 957 957 958 959 960 960 938 961 961 962 963 940 964 965 941 966 966 943 967 967 968 968 944 969 970 970 946 971 972 972 973 974 974 975 975 949 976 976 951
952 977 977 978 979 980 981 982 982 983 983 984 985 985 959 986 987 987 988 988 962 963 989 989 965 990 991 991 992 992 993 994 994 995 996 997 997 998 999 1000 1001 1001 1002 1002 1003 1003 1004 1004 1005 1005
1006 1006 1007 1007 979 980 981 1008 1008 1009 1010 984 1011 1011 1012 1012 1013 1014 1014 1015 1016 1016 1017 1018 1018 990 1019 1020 1020 1021 1021 1022 1023 995 996 1024 1024 998 999 1000 1025 1026 1027 1027 1028 1028 1029 1030 1031 1032
1033 1033 1034 1035 1035 1036 1036 1037 1038 1009 1010 1039 1039 1040 1040 1041 1041 1042 1042 1015 1043 1044 1017 1045 1045 1046 1019 1047 1047 1048 1048 1022 1023 1049 1049 1050 1050 1051 1052 1052 1025 1053 1054 1054 1055 1056 1056 1030 1031 1032
1057 1058 1059 1059 1060 1061 1061 1037 1038 1062 1062 1063 1064 1065 1066 1067 1067 1068 1069 1070 1043 1044 1071 1071 1072 1072 1073 1073 1074 1075 1075 1076 1076 1077 1077 1078 1079 1051 1080 1080 1081 1053 1082 1083 1084 1085 1085 1086 1086 1087
1057 1058 1088 1089 1060 1090 1090 1091 1092 1093 1094 1095 1064 1065 1096 1096 1097 1098 1069 1070 1099 1099 1100 1100 1101 1102 1103 1103 1074 1104 1105 1105 1106 1106 1107 1078 1079 1108 1109 1109 1110 1111 1082 1083 1084 1112 1112 1113 1113 1087
1114 1115 1088 1116 1116 1117 1117 1091 1092 1093 1094 1095 1118 1119 1120 1121 1122 1098 1123 1124 1124 1125 1126 1127 1101 1102 1128 1129 1129 1104 1130 1130 1131 1131 1132 1132 1133 1108 1134 1135 1110 1136 1136 1137 1138 1138 1139 1139 1140 1140
1141 1115 1142 1143 1144 1144 1145 1145 1146 1147 1148 1149 1118 1119 1120 1121 1122 1150 1123 1151 1152 1125 1126 1127 1153 1154 1128 1155 1155 1156 1156 1157 1158 1159 1159 1160 1160 1161 1161 1135 1162 1162 1163 1163 1164 1165 1165 1166 1167 1168
1141 1169 1142 1143 1170 1171 1172 1173 1146 1174 1148 1149 1175 1175 1176 1177 1178 1150 1179 1151 1152 1180 1180 1181 1153 1154 1182 1183 1183 1184 1184 1157 1158 1185 1185 1186 1187 1188 1189 1190 1190 1191 1191 1192 1164 1193 1193 1166 1167 1168
1194 1194 1195 1195 1196 1171 1172 1197 1197 1174 1198 1199 1200 1201 1176 1177 1202 1203 1179 1204 1205 1206 1207 1181 1208 1208 1209 1210 1210 1211 1212 1213 1213 1214 1215 1216 1187 1188 1189 1217 1217 1218 1219 1192 1220 1221 1221 1222 1222 1223
1224 1224 1225 1225 1196 1226 1227 1228 1228 1229 1230 1199 1200 1231 1232 1232 1202 1233 1234 1204 1205 1206 1207 1235 1236 1236 1209 1237 1238 1211 1212 1239 1239 1214 1215 1216 1240 1240 1241 1241 1242 1218 1219 1243 1243 1244 1244 1245 1245 1246
1247 1247 1248 1249 1249 1226 1227 1250 1250 1229 1230 1251 1251 1231 1252 1253 1254 1233 1255 1256 1257 1258 1259 1260 1260 1261 1262 1262 1238 1263 1264 1264 1265 1265 1266 1266 1267 1267 1268 1268 1269 1269 1270 1271 1272 1272 1273 1273 1274 1246
1275 1275 1276 1276 1277 1277 1278 1279 1279 1280 1281 1281 1282 1282 1252 1253 1254 1283 1255 1256 1257 1258 1284 1284 1285 1261 1286 1286 1287 1287 1288 1289 1290 1291 1291 1292 1292 1293 1294 1295 1296 1296 1270 1271 1297 1297 1298 1299 1299 1300
1301 1302 1303 1304 1305 1306 1307 1308 1309 1280 1310 1311 1311 1312 1313 1314 1315 1316 1317 1318 1319 1320 1321 1321 1322 1323 1324 1325 1326 1326 1288 1289 1327 1328 1328 1329 1329 1293 1294 1295 1330 1330 1331 1332 1333 1334 1298 1335 1335 1300
1301 1302 1303 1304 1305 1306 1307 1308 1309 1336 1336 1337 1337 1312 1313 1314 1315 1316 1317 1318 1319 1320 1338 1338 1322 1323 1324 1325 1339 1339 1340 1340 1327 1341 1341 1342 1342 1343 1343 1344 1345 1345 1331 1332 1333 1334 1346 1346 1347 1347
24 4 56 65 91 38 48 15 46 70 30 23 98 96 5 38 55 54 42 68 25 14 64 48 94 57 88 36 53 99 77 15 21 45 21 16 14 29 88 80 4 40 64 83 4 33 90 20 50 28
96 68 47 87 40 38 83 74 39 51 8 83 67 55 89 18 78 29 86 44 71 44 94 35 55 8 45 61 32 11 1 71 14 92 74 32 8 71 77 32 35 43 31 13 7 94 45 20 56 96
25 55 12 76 6 78 35 98 6 44 60 16 32 55 27 58 98 51 49 63 80 35 9 26 96 28 75 73 62 39 20 88 71 60 12 61 77 28 35 50 72 91 72 84 45 30 64 87 83 71
95 74 73 72 23 70 34 34 24 94 41 41 47 20 60 81 99 79 93 41 18 61 92 57 6 32 22 52 1 74 59 17 34 96 46 22 47 18 35 70 54 27 63 6 90 75 81 65 15 93
12 44 15 30 85 65 11 33 38 37 78 74 16 65 10 21 66 3 74 76 41 50 9 93 39 57 2 20 43 84 82 39 35 88 93 41 9 63 38 49 53 77 92 25 94 7 26 23 35 73
20 60 8 42 44 91 70 36 47 88 57 16 19 11 66 60 96 75 83 64 48 36 40 37 81 39 20 36 22 60 66 21 35 92 81 61 71 37 0 96 44 55 9 73 87 43 31 15 35 24
2 9 72 33 11 49 44 72 63 9 89 45 67 5 8 89 93 5 29 17 6 69 80 95 96 39 72 58 40 76 78 96 54 96 47 54 86 68 6 10 11 33 27 10 59 0 58 34 44 26
65 33 73 89 19 50 22 70 27 42 86 24 18 70 94 84 22 68 21 5 55 44 55 72 75 29 74 94 23 3 69 98 45 73 25 32 64 90 5 95 64 48 18 46 55 22 13 88 82 29
67 54 96 89 52 60 39 75 97 35 59 56 89 28 11 96 91 39 77 95 92 90 38 84 59 34 16 95 2 92 97 83 29 0 3 75 92 56 49 54 62 62 89 93 80 70 6 29 19 35
33 37 16 19 74 45 91 13 9 81 48 29 5 12 47 79 29 2 8 65 6 64 77 85 98 99 94 23 61 35 8 36 69 34 73 67 99 86 53 90 73 14 69 41 73 29 24 65 87 37
61 37 55 44 45 60 29 18 84 30 4 82 26 48 8 77 28 33 59 30 67 64 32 21 67 76 37 27 42 77 62 96 63 18 76 7 11 26 36 3 92 71 37 80 22 71 52 90 92 47
1 34 91 0 77 55 77 22 17 64 87 19 14 43 60 76 89 45 48 29 84 57 1 51 47 18 30 23 11 87 71 76 76 74 72 14 59 43 37 57 35 56 58 57 89 6 85 35 76 62
46 73 72 28 68 17 41 4 98 87 13 11 85 6 96 56 32 0 11 36 74 10 41 45 19 63 19 3 37 5 78 73 46 83 88 4 13 3 48 64 34 2 71 8 62 55 39 27 77 13
8 13 60 12 71 2 16 89 34 36 98 85 78 2 72 20 87 62 85 62 48 85 23 45 7 54 44 24 63 32 62 46 44 48 51 54 25 8 8 81 49 73 34 91 31 54 14 30 78 17
38 70 98 8 33 28 69 87 90 82 29 19 66 3 5 66 45 74 38 60 20 71 72 6 0 46 68 97 96 70 5 51 20 57 40 72 21 55 56 21 93 87 21 28 22 30 41 93 70 11
42 96 68 14 10 67 21 63 23 33 36 25 20 85 39 49 4 66 58 72 90 55 52 75 54 54 37 32 77 4 78 69 86 27 44 73 44 70 76 61 83 11 70 41 11 40 34 98 93 0
64 42 70 51 94 55 43 70 88 23 89 15 34 68 22 55 95 22 69 86 0 59 46 8 84 12 70 80 26 62 46 46 41 70 47 84 95 96 58 91 84 16 82 32 6 92 8 14 84 19
25 64 85 31 35 1 11 44 73 21 50 66 67 71 86 87 96 77 71 10 52 75 17 55 67 96 10 70 43 79 81 68 90 17 69 59 85 0 61 4 55 56 91 81 47 71 4 91 46 56
28 80 93 54 45 24 48 97 19 43 40 40 42 30 3 40 33 21 1 86 83 85 55 13 24 76 47 50 79 72 5 7 61 39 15 34 25 75 97 72 55 31 73 41 42 23 92 34 76 84
35 19 59 97 27 65 63 95 84 91 34 36 25 91 99 44 12 3 70 93 75 27 94 16 87 63 53 95 76 88 84 74 6 54 83 12 45 41 10 72 63 75 16 65 12 94 25 28 13 61
23 95 18 4 24 87 78 60 47 84 56 94 46 23 53 52 38 34 71 24 38 42 8 74 49 20 35 81 10 48 10 51 61 9 18 42 74 50 37 47 40 0 9 82 62 27 7 87 79 69
92 75 89 87 40 10 87 64 88 83 82 96 70 17 41 23 81 67 96 99 73 81 25 4 68 83 27 50 65 2 85 7 33 32 48 49 61 87 13 49 2 57 16 11 18 28 41 50 11 67
34 63 36 67 75 85 81 9 74 62 82 57 90 12 5 90 66 20 39 7 96 4 55 67 85 60 41 80 95 42 79 95 36 81 64 53 24 68 6 86 85 58 94 65 63 10 2 77 31 96
75 9 98 5 13 23 43 91 97 43 32 23 14 81 73 15 82 16 60 86 76 81 58 4 44 53 34 58 94 26 23 41 33 27 66 98 96 40 46 23 36 46 76 29 83 85 63 31 72 70
79 10 42 49 1 89 46 41 68 86 35 39 89 12 12 55 49 26 4 9 26 43 38 2 10 47 53 81 37 61 74 55 43 40 16 33 35 54 84 83 25 1 4 22 0 26 2 45 24 94
40 20 52 81 28 60 10 92 10 57 77 34 67 20 79 41 57 54 97 40 28 54 63 18 52 29 69 40 16 95 16 33 26 71 71 0 40 68 93 71 40 82 82 90 71 6 24 45 19 95
73 1 65 94 40 84 41 64 86 63 19 56 95 88 97 81 69 65 42 52 88 65 18 16 79 92 16 86 10 39 5 90 63 64 44 52 85 95 49 72 39 54 8 30 29 14 29 58 36 23
36 44 83 73 56 43 66 44 66 81 53 48 38 33 77 71 48 29 86 18 64 73 53 24 47 60 33 25 42 90 24 44 81 20 72 40 30 29 89 47 58 58 26 24 25 42 71 50 2 57
31 18 70 8 83 91 17 93 71 5 8 15 24 96 0 35 97 95 58 52 38 36 49 34 91 68 95 35 86 73 20 79 49 98 23 82 24 56 68 65 4 16 24 93 33 34 14 17 18 4
2 30 74 62 2 10 50 83 78 41 30 46 93 47 37 14 27 75 0 70 6 88 53 27 47 87 25 20 75 54 43 19 50 13 90 36 36 9 85 22 24 81 22 24 39 11 10 59 29 99
21 1 4 93 98 27 25 76 39 26 59 26 78 52 51 60 72 14 21 71 13 98 12 64 7 39 12 40 60 65 46 54 44 95 68 52 56 81 96 72 79 94 60 25 11 54 91 73 86 49
88 24 76 18 72 60 20 34 53 70 0 32 17 24 80 84 34 83 38 50 83 73 72 7 19 66 12 54 54 10 72 98 10 11 97 0 61 6 52 5 86 13 50 52 54 91 80 91 79 64
91 72 42 90 69 46 49 22 94 89 16 6 15 67 58 82 48 59 78 0 98 96 85 92 1 32 50 7 5 62 76 47 43 17 28 56 56 83 15 65 72 21 12 57 89 6 73 49 80 36
71 55 83 16 11 29 18 6 86 47 91 13 45 95 28 62 88 11 28 43 88 1 0 37 89 15 9 36 50 59 91 7 26 81 67 60 58 70 84 15 27 98 12 72 50 10 77 68 3 85
41 38 54 49 81 63 34 68 71 40 67 66 54 16 66 82 89 47 88 25 60 43 36 0 69 27 36 32 56 98 99 89 87 59 79 83 40 35 67 74 86 71 33 80 87 52 16 47 45 83
96 84 94 81 41 5 25 81 31 22 23 10 54 77 2 93 12 3 24 4 78 32 19 23 45 89 70 59 66 5 50 56 86 69 24 18 62 13 70 5 97 96 62 17 32 90 59 62 20 51
86 32 68 2 66 24 16 4 84 47 67 59 47 46 26 9 81 65 66 41 46 94 0 2 47 36 78 70 32 1 9 17 50 41 83 26 70 34 10 16 16 64 46 98 37 87 76 24 39 30
41 72 69 92 40 65 14 67 79 68 74 32 91 64 27 82 81 72 30 52 50 66 36 37 77 50 59 33 42 3 30 32 94 15 50 33 68 82 22 3 12 97 35 22 96 68 67 89 65 62
25 61 40 96 90 28 86 27 58 62 71 0 95 6 42 80 89 69 15 53 58 8 6 94 33 92 3 13 3 80 48 46 56 11 97 98 16 91 30 61 82 17 16 36 29 15 12 69 30 21
68 98 98 53 9 84 76 96 94 65 32 38 74 75 39 88 89 29 60 81 91 33 69 97 37 32 79 66 91 79 65 24 44 27 90 91 19 38 27 27 83 40 87 43 85 51 87 98 43 51
25 8 57 51 41 61 0 91 6 47 22 19 2 78 2 39 90 92 59 53 27 55 61 89 87 53 14 12 88 79 13 50 6 47 66 37 13 55 17 72 69 25 48 63 40 29 40 43 3 35
30 85 8 27 3 86 91 0 55 98 84 92 62 78 44 56 27 47 4 4 78 2 5 44 21 64 79 88 17 82 58 60 48 87 95 86 38 54 11 55 12 31 3 6 15 10 22 13 76 34
31 35 34 45 24 41 25 27 1 99 52 28 60 54 87 64 85 64 39 5 78 64 36 69 2 7 93 67 5 87 18 45 14 37 43 88 42 24 86 40 52 56 89 60 53 4 78 46 20 59
6 89 49 92 61 17 61 54 66 97 2 28 36 71 2 97 82 63 72 32 48 73 26 51 91 6 30 54 86 70 96 20 18 54 41 11 54 94 72 44 17 45 66 87 87 41 38 30 95 51
22 80 60 60 62 32 85 16 47 71 28 46 38 34 93 40 88 78 0 87 89 82 49 27 19 16 87 6 45 8 82 27 24 52 64 86 64 13 19 42 36 75 28 73 86 73 37 13 65 20
1 10 65 76 45 39 21 35 21 48 49 30 5 24 63 49 31 23 61 77 29 8 58 77 44 31 0 75 57 10 49 79 46 98 42 29 86 42 27 51 70 10 31 70 85 50 94 60 70 46
27 92 6 97 93 82 85 94 0 95 28 44 79 57 96 6 82 40 50 50 8 59 92 14 73 83 76 84 58 17 81 96 82 64 26 35 68 89 24 3 52 41 47 35 30 23 37 14 50 62
32 92 68 63 24 69 66 90 60 61 60 30 88 87 43 80 62 14 47 13 51 62 59 20 96 4 42 9 27 25 87 38 24 89 39 34 79 71 40 38 43 3 41 32 20 3 78 3 23 54
76 16 32 15 1 24 97 68 91 75 48 88 44 51 30 32 96 86 27 66 30 3 87 62 84 54 87 20 22 52 49 4 95 57 99 94 12 99 39 66 8 92 18 2 58 45 18 81 3 86
75 43 4 33 53 62 34 23 73 53 31 99 48 92 75 87 74 33 52 30 52 36 96 14 16 19 92 11 82 15 91 54 8 60 77 15 68 17 7 72 24 98 49 52 57 13 39 74 11 31
