34 25
0 1 2 2 3 4 4 5 6 6 7 7 8 8 9 10 11 11 12 12 13 13 14 15 15 16 17 17 18 19 20 21 22 23 23 24 25 25 26 26 27 28 28 29 29 30 31 32 32 33
0 1 34 34 35 36 36 5 37 37 38 39 40 41 9 10 42 43 44 45 45 46 14 47 47 16 48 48 18 19 20 21 22 49 50 24 51 51 52 53 53 54 54 55 55 30 31 56 57 33
58 59 60 61 35 62 63 63 64 64 38 65 40 66 66 67 67 43 68 68 69 46 70 70 71 71 72 72 73 74 74 75 75 49 50 76 77 77 78 79 79 80 81 81 82 83 84 56 57 85
58 59 60 61 86 62 87 87 88 88 89 65 90 91 91 92 92 93 94 94 95 95 96 96 97 98 99 99 73 100 100 101 101 102 102 76 103 104 78 105 105 80 106 107 82 83 108 108 109 85
110 110 111 112 112 113 113 114 115 116 116 117 90 118 119 120 121 93 122 123 124 125 125 126 97 98 127 128 129 129 130 130 131 131 132 132 103 104 133 133 134 134 106 107 135 136 137 137 138 138
139 139 140 140 141 142 143 114 144 144 145 146 146 147 119 120 148 148 122 123 149 150 151 152 153 153 127 128 154 155 156 156 157 158 159 159 160 161 161 162 163 164 164 165 135 136 166 167 167 168
169 169 170 171 141 142 172 173 173 174 175 175 176 147 177 177 178 179 180 180 149 150 151 152 181 181 182 183 183 155 184 184 157 185 186 187 187 188 189 190 163 191 192 192 193 194 166 195 195 196
197 198 170 171 199 200 172 201 201 174 202 203 204 205 205 206 178 179 207 207 208 209 210 210 211 212 182 213 214 214 215 215 216 185 186 217 218 188 189 190 219 220 221 222 193 223 223 224 225 196
197 226 226 227 228 200 229 229 230 231 231 203 204 232 233 206 234 235 236 237 208 238 238 239 211 240 240 213 241 242 243 243 216 244 244 217 218 245 246 246 219 220 247 222 248 249 249 224 250 251
252 253 253 227 228 254 255 256 230 257 258 259 259 232 233 260 261 235 236 237 262 263 263 239 264 264 265 266 266 242 267 268 268 269 269 270 270 245 271 271 272 273 247 274 275 275 276 276 250 251
277 277 278 279 280 254 255 256 281 257 258 282 283 283 284 285 261 286 287 287 262 288 289 290 290 291 291 292 292 293 293 294 294 295 295 296 296 297 297 298 298 273 299 274 300 300 301 301 302 302
303 304 278 279 280 305 305 306 281 307 307 308 308 309 309 285 310 286 311 311 312 288 289 313 314 315 315 316 317 317 318 319 319 320 320 321 322 323 323 324 325 325 299 326 327 328 328 329 330 330
303 304 331 331 332 332 333 333 334 334 335 335 336 336 337 337 310 338 338 339 312 340 340 313 314 341 342 316 343 343 344 344 345 346 346 321 322 347 348 349 350 350 351 326 352 353 354 329 355 356
357 357 358 359 360 360 361 362 362 363 364 365 366 367 368 369 370 370 371 339 372 373 374 374 375 341 342 376 376 377 377 378 345 379 380 381 382 347 383 349 384 384 351 385 352 353 386 386 355 356
387 387 358 388 388 389 361 390 391 363 364 365 366 367 368 369 392 392 371 393 372 373 394 395 375 396 397 398 398 399 400 401 401 379 380 381 382 402 383 403 404 404 405 406 406 407 408 408 409 410
411 412 413 414 414 389 415 390 391 416 416 417 417 418 419 419 420 421 422 422 423 423 424 395 425 396 397 426 427 427 400 428 428 429 429 430 431 402 432 433 433 434 405 435 435 407 436 436 409 410
437 412 413 438 438 439 440 440 441 442 442 443 444 418 445 446 420 447 448 448 449 449 424 450 450 451 451 426 452 452 453 454 455 456 457 430 431 458 458 459 459 434 460 461 461 462 462 463 464 465
437 466 466 467 468 439 469 470 471 471 472 473 444 474 445 446 475 447 476 476 477 477 478 478 479 479 480 481 482 482 483 454 455 456 457 484 485 485 486 487 488 489 460 490 491 491 492 463 464 465
493 493 494 467 495 495 469 470 496 497 472 473 498 499 499 500 475 501 501 502 503 503 504 504 505 506 480 481 507 507 483 508 509 510 510 484 511 511 512 487 488 513 513 490 514 514 492 515 516 517
518 519 494 520 521 521 522 522 496 497 523 523 524 525 526 500 527 528 529 502 530 530 531 532 532 506 533 533 534 534 535 508 536 536 537 537 538 538 512 539 540 540 541 541 542 543 543 515 516 517
518 544 545 520 546 547 547 548 549 550 551 551 524 525 552 552 527 528 553 554 555 555 531 556 557 557 558 559 559 560 560 561 561 562 562 563 563 564 564 539 565 566 566 567 568 568 569 569 570 571
572 544 545 573 573 574 575 575 549 576 576 577 577 578 579 580 581 582 553 554 583 584 584 556 585 585 558 586 587 588 589 589 590 590 591 591 592 592 593 594 565 595 595 567 596 596 597 597 570 571
572 598 599 599 600 574 601 601 602 602 603 604 605 605 579 580 581 582 606 607 608 609 610 611 612 612 613 586 587 588 614 615 616 616 617 618 618 619 593 594 620 620 621 622 623 623 624 624 625 625
626 598 627 627 628 628 629 629 630 631 603 604 632 633 633 634 634 635 635 607 608 609 610 611 636 637 613 638 638 639 614 640 641 642 617 643 643 644 645 646 646 647 621 648 648 649 650 651 651 652
626 653 653 654 654 655 655 656 656 631 657 657 658 658 659 660 660 661 662 663 663 664 664 665 666 637 667 667 668 639 669 640 641 642 670 671 671 644 645 672 672 673 674 674 675 649 676 676 677 677
678 678 679 680 681 681 682 683 684 684 685 686 687 687 688 689 689 661 662 690 690 691 692 692 666 693 694 694 668 695 696 697 697 698 670 699 700 700 701 701 702 673 703 703 675 704 704 705 705 706
707 707 679 680 708 709 682 683 710 710 685 711 712 712 688 713 713 714 715 716 717 691 718 719 719 693 720 720 721 695 696 722 723 698 724 725 726 727 727 728 702 729 730 731 731 732 733 734 734 706
735 736 737 738 738 709 739 739 740 741 742 711 743 744 745 746 747 714 715 716 717 748 718 749 750 751 751 752 752 753 754 722 723 755 756 725 757 757 758 759 760 729 730 761 761 732 733 762 763 764
735 736 765 765 766 767 768 768 740 741 742 769 743 744 745 746 747 770 770 771 772 772 773 749 750 774 775 775 776 753 754 777 777 755 756 778 779 779 758 759 760 780 781 781 782 782 783 762 763 784
785 786 787 788 788 767 789 790 790 791 792 769 793 794 795 795 796 796 797 771 798 798 799 799 800 800 801 802 803 804 804 805 806 806 807 778 808 808 809 809 810 811 812 813 814 814 783 815 816 784
785 786 817 817 818 819 820 821 822 822 792 823 793 794 824 824 825 825 797 826 827 827 828 828 829 829 801 802 803 830 830 805 831 831 832 833 834 835 836 837 810 811 812 838 838 839 839 815 816 840
841 841 842 842 843 819 820 844 844 845 845 823 846 847 847 848 848 849 850 850 851 851 852 852 853 854 855 855 856 857 858 859 860 861 832 833 834 835 836 837 862 863 864 865 866 867 867 868 869 869
870 870 871 872 843 873 873 874 875 876 877 877 846 878 879 880 881 849 882 882 883 883 884 885 853 854 886 887 887 857 888 859 860 861 889 889 890 891 891 892 893 863 864 865 866 894 895 895 896 896
897 897 871 898 899 900 900 874 875 876 901 902 903 903 879 880 904 904 905 906 907 907 884 885 908 908 886 909 910 910 888 911 912 913 914 914 890 915 916 917 893 918 919 919 920 921 921 922 922 923
924 924 925 898 926 926 927 927 928 929 901 902 930 930 931 931 932 933 934 906 935 936 937 937 938 939 940 940 941 942 943 911 912 913 944 945 945 946 916 917 947 947 948 948 920 949 950 951 951 923
952 953 953 954 955 956 956 957 928 929 958 959 959 960 961 961 932 933 934 962 935 936 963 964 965 939 966 966 967 942 943 968 968 969 969 970 970 946 971 972 972 973 974 974 975 949 950 976 977 978
952 979 980 980 955 981 981 957 982 982 958 983 984 960 985 985 986 987 988 988 989 990 990 964 965 991 992 992 967 993 993 994 994 995 996 997 998 999 971 1000 1000 973 1001 1002 1003 1004 1005 1005 977 978
1006 979 1007 1007 1008 1009 1009 1010 1010 1011 1011 983 984 1012 1013 1013 986 1014 1015 1016 1017 1017 1018 1019 1019 991 1020 1020 1021 1021 1022 1022 1023 995 996 997 998 999 1024 1024 1025 1026 1026 1002 1003 1004 1027 1028 1028 1029
1006 1030 1030 1031 1008 1032 1032 1033 1034 1035 1036 1036 1037 1037 1038 1039 1039 1014 1015 1016 1040 1040 1041 1041 1042 1042 1043 1043 1044 1045 1045 1046 1046 1047 1047 1048 1048 1049 1049 1050 1025 1051 1051 1052 1052 1053 1027 1054 1054 1055
1056 1056 1057 1031 1058 1058 1059 1059 1034 1035 1060 1060 1061 1061 1038 1062 1062 1063 1064 1065 1065 1066 1066 1067 1067 1068 1069 1069 1044 1070 1070 1071 1072 1072 1073 1074 1074 1075 1076 1050 1077 1077 1078 1079 1080 1080 1081 1082 1082 1055
1083 1084 1057 1085 1086 1086 1087 1088 1089 1089 1090 1091 1091 1092 1093 1094 1094 1063 1064 1095 1095 1096 1097 1098 1098 1068 1099 1100 1101 1101 1102 1071 1103 1103 1073 1104 1104 1075 1076 1105 1106 1107 1078 1079 1108 1108 1081 1109 1109 1110
1111 1084 1112 1112 1113 1113 1087 1088 1114 1115 1090 1116 1117 1117 1093 1118 1118 1119 1120 1121 1122 1096 1097 1123 1124 1124 1099 1100 1125 1125 1102 1126 1126 1127 1128 1128 1129 1129 1130 1105 1131 1107 1132 1132 1133 1134 1135 1136 1136 1110
1111 1137 1137 1138 1139 1139 1140 1140 1114 1115 1141 1142 1142 1143 1143 1144 1145 1119 1120 1121 1122 1146 1147 1148 1148 1149 1149 1150 1151 1152 1152 1153 1153 1127 1154 1154 1155 1156 1157 1158 1131 1159 1159 1160 1133 1161 1135 1162 1162 1163
1164 1165 1166 1138 1167 1167 1168 1168 1169 1169 1141 1170 1171 1171 1172 1144 1145 1173 1174 1174 1175 1175 1147 1176 1177 1178 1179 1150 1151 1180 1180 1181 1181 1182 1183 1184 1184 1156 1157 1185 1186 1186 1187 1187 1188 1161 1189 1189 1190 1163
1164 1191 1166 1192 1193 1193 1194 1195 1196 1196 1197 1170 1198 1198 1199 1200 1201 1173 1202 1203 1203 1204 1204 1176 1177 1178 1205 1205 1206 1207 1208 1209 1209 1182 1183 1210 1211 1212 1212 1185 1213 1213 1214 1215 1188 1216 1217 1218 1190 1219
1220 1191 1221 1192 1222 1222 1194 1195 1223 1224 1197 1225 1225 1226 1199 1200 1227 1228 1202 1229 1230 1231 1231 1232 1232 1233 1233 1234 1206 1207 1208 1235 1236 1236 1237 1210 1211 1238 1238 1239 1240 1241 1241 1215 1242 1216 1217 1218 1243 1219
1220 1244 1221 1245 1246 1246 1247 1248 1249 1224 1250 1250 1251 1252 1253 1254 1227 1255 1255 1229 1256 1256 1257 1258 1259 1260 1261 1234 1262 1263 1263 1264 1265 1265 1237 1266 1266 1267 1267 1239 1268 1268 1269 1269 1242 1270 1271 1272 1272 1273
1274 1244 1275 1245 1276 1276 1277 1248 1249 1278 1279 1280 1251 1252 1253 1281 1281 1282 1282 1283 1283 1284 1284 1258 1259 1260 1285 1286 1262 1287 1287 1264 1288 1288 1289 1289 1290 1291 1291 1292 1293 1294 1295 1295 1296 1297 1271 1298 1299 1273
1300 1300 1301 1301 1302 1303 1277 1304 1304 1278 1279 1280 1305 1305 1306 1307 1308 1309 1309 1310 1310 1311 1311 1312 1312 1313 1285 1314 1314 1315 1316 1317 1317 1318 1318 1319 1319 1320 1320 1292 1293 1294 1321 1321 1322 1297 1323 1298 1299 1324
1325 1325 1326 1326 1302 1303 1327 1327 1328 1328 1329 1329 1330 1331 1331 1307 1308 1332 1333 1333 1334 1335 1335 1336 1336 1313 1337 1337 1338 1315 1316 1339 1339 1340 1340 1341 1341 1342 1342 1343 1343 1344 1345 1345 1322 1346 1323 1347 1348 1348
64 56 74 48 87 35 51 77 27 10 46 23 21 86 51 17 38 74 53 2 72 22 33 30 11 1 82 78 78 72 1 83 79 68 2 0 80 60 95 98 74 72 4 70 44 16 4 93 10 37
52 20 20 48 87 5 27 3 70 15 61 16 89 92 67 96 80 11 17 62 9 85 76 14 44 9 22 41 97 33 7 73 50 58 83 37 85 21 66 28 41 91 3 87 81 3 27 21 82 44
79 70 2 77 10 70 62 69 56 79 25 8 17 90 78 85 32 29 90 56 62 82 71 66 53 28 85 52 95 8 20 33 1 57 50 37 55 95 52 83 60 14 15 99 20 75 22 85 80 4
56 58 38 97 95 9 88 91 57 3 42 98 92 10 88 74 31 41 59 45 16 67 31 97 61 21 38 22 76 91 24 93 76 64 97 63 6 29 45 83 69 24 28 0 13 62 44 72 9 48
4 11 98 44 30 10 7 99 86 84 5 72 92 76 53 7 11 45 10 66 13 68 64 44 7 75 81 75 0 3 58 73 34 26 38 35 52 60 59 47 23 83 53 39 39 14 90 61 51 53
20 78 4 86 37 17 52 12 99 85 45 17 73 16 49 93 16 14 99 71 69 48 78 74 67 39 71 21 95 91 38 39 92 16 94 44 2 27 17 46 34 3 84 54 17 7 30 81 21 46
55 65 71 35 21 97 82 16 13 85 63 89 33 12 10 93 24 15 11 89 52 97 82 5 37 48 23 39 93 27 38 44 73 94 16 70 99 72 86 85 58 77 9 76 95 26 28 8 17 28
91 40 46 74 9 63 15 82 21 53 5 63 38 30 30 62 9 34 4 59 84 46 98 56 53 9 93 83 86 77 10 4 65 83 18 38 42 13 21 83 95 35 19 12 57 74 9 61 5 58
81 50 89 26 25 51 40 13 28 12 2 43 15 45 48 97 34 35 28 64 57 9 54 73 1 83 22 82 69 31 85 4 15 75 78 28 22 20 82 31 73 88 62 27 44 99 40 96 40 19
19 53 2 34 53 69 95 43 96 53 84 80 60 80 20 29 82 30 19 52 16 65 66 11 78 53 82 62 74 14 89 39 64 66 3 51 57 36 79 60 6 74 91 61 33 82 44 14 39 83
27 36 29 83 43 16 29 33 57 75 81 53 57 18 34 23 66 10 14 72 14 19 13 51 42 84 87 12 50 52 11 81 57 15 95 63 63 80 29 3 96 53 73 14 87 69 28 81 83 82
52 91 15 16 20 22 35 23 66 90 5 58 16 50 47 43 26 26 58 19 73 23 52 24 16 99 9 57 62 77 54 56 95 52 48 43 3 11 92 40 24 24 96 89 70 49 45 84 50 82
18 73 51 71 99 88 59 83 70 55 27 98 34 1 94 20 90 89 61 27 38 36 8 60 6 72 59 73 97 13 88 90 7 44 43 21 48 0 77 44 49 83 46 9 61 92 6 93 24 73
58 52 5 25 37 87 73 53 79 78 69 83 34 39 75 8 46 7 16 61 22 33 96 81 57 94 88 17 7 26 76 1 42 95 47 58 61 48 45 24 51 34 49 93 18 52 5 72 60 61
60 55 37 80 33 94 2 79 41 62 84 57 35 31 33 34 48 1 47 36 43 82 97 12 98 54 28 60 42 76 83 48 4 50 14 22 98 19 21 56 2 75 22 23 90 44 89 68 13 27
69 5 28 65 33 44 77 70 44 92 99 53 81 73 72 31 89 97 99 69 37 19 55 55 75 53 83 52 95 97 20 93 9 54 98 78 38 97 46 75 76 35 47 22 41 31 86 91 25 41
58 75 42 13 18 84 75 12 32 65 42 30 45 75 78 74 68 69 64 6 73 14 52 82 81 25 87 48 60 25 78 4 47 98 21 92 30 67 27 75 34 3 12 64 65 20 58 49 51 0
48 39 2 8 71 21 45 75 22 73 22 13 96 67 0 81 61 92 34 50 66 37 72 93 89 47 40 41 38 67 18 62 0 83 10 78 34 82 71 59 26 63 58 82 26 29 46 4 48 52
29 3 33 77 21 30 66 29 64 20 89 85 31 84 59 91 78 71 59 23 12 6 21 28 76 26 60 10 27 23 49 80 48 57 16 47 15 22 69 98 23 28 95 69 20 82 7 15 28 81
83 14 17 62 16 43 84 56 95 6 63 90 48 72 51 5 27 17 69 83 69 56 13 46 47 19 8 47 36 19 43 90 90 3 73 79 13 93 37 15 45 43 38 65 68 93 6 88 48 90
28 31 71 66 63 25 43 59 91 68 98 36 44 98 33 71 51 17 67 78 64 60 82 52 54 13 56 61 29 88 51 70 16 14 39 73 56 75 15 56 93 9 22 17 59 4 14 43 28 61
67 44 3 40 75 56 30 86 78 61 62 64 29 88 34 45 43 2 0 78 99 74 31 67 98 8 43 62 76 39 10 3 76 96 69 88 91 7 97 34 72 33 63 67 87 0 89 6 70 90
85 43 78 8 62 9 12 35 93 67 45 4 13 52 97 65 99 92 48 0 79 6 86 87 48 27 96 36 36 78 98 98 54 55 62 50 24 94 54 77 8 74 4 91 41 45 99 83 6 64
3 97 13 30 64 30 74 96 4 25 13 68 57 68 7 48 77 21 87 39 11 5 42 44 23 99 21 42 75 82 15 86 50 1 23 20 2 95 11 31 29 7 66 62 64 91 19 57 66 54
54 48 5 41 8 32 32 47 91 61 52 38 91 41 88 96 71 87 37 98 60 40 66 20 34 67 75 64 77 82 76 26 99 44 0 56 49 86 90 5 63 53 79 24 22 8 37 79 44 13
29 10 56 43 84 44 6 29 1 14 68 50 62 60 53 44 47 37 32 52 99 97 65 89 45 68 41 31 46 56 49 38 44 58 20 25 97 45 21 0 9 1 66 27 51 54 1 83 44 9
53 89 2 18 64 3 65 32 72 12 35 94 64 61 95 92 72 36 44 14 39 65 19 12 23 38 23 32 40 52 61 18 80 75 23 46 3 81 65 51 11 90 34 92 38 78 7 23 28 92
4 84 1 17 90 92 32 89 85 26 19 56 48 52 61 99 38 46 3 79 14 28 38 59 59 76 74 27 13 70 43 68 96 71 87 92 20 11 6 90 83 59 64 87 63 84 86 56 20 66
51 3 62 31 44 17 88 39 16 34 19 9 72 58 25 95 68 81 44 32 35 90 89 32 49 67 4 80 16 2 26 63 69 34 58 88 4 14 72 15 59 3 56 73 98 68 71 35 53 69
96 45 45 97 83 44 49 91 69 85 55 15 50 11 99 30 78 24 51 43 86 46 27 5 2 13 49 8 98 31 89 60 16 51 87 61 0 35 78 92 89 94 10 75 53 59 35 13 80 60
23 43 4 33 57 16 97 92 53 90 50 52 88 65 28 17 90 25 84 66 19 83 13 7 6 8 85 4 53 44 45 80 51 59 7 73 12 41 7 24 68 32 27 20 10 71 52 1 79 62
87 15 71 86 71 33 64 52 62 57 46 52 48 99 69 79 85 85 4 45 49 76 6 41 10 48 3 35 34 57 17 60 80 31 50 36 66 93 57 70 30 60 80 54 22 47 56 25 15 8
61 30 64 21 95 67 62 88 43 36 43 27 15 57 87 22 48 76 24 42 12 94 81 35 94 99 60 43 88 27 3 28 78 85 9 95 16 91 42 8 42 63 2 49 62 55 70 37 93 74
84 33 25 4 32 48 47 81 29 48 35 32 24 86 8 93 5 45 89 64 3 98 22 18 8 51 96 14 78 12 28 82 71 8 37 37 58 66 50 0 69 41 30 77 36 78 58 19 30 7
50 67 35 49 81 7 87 90 69 22 64 1 12 29 27 17 67 24 78 96 46 93 99 60 80 31 13 6 95 19 50 86 22 7 30 65 20 39 37 1 15 28 35 56 10 57 94 17 20 77
91 78 56 54 94 39 88 27 41 70 60 98 2 30 28 23 20 76 55 9 84 46 95 35 84 90 93 90 20 15 68 51 31 45 49 22 77 47 64 75 69 41 18 2 36 50 3 68 43 40
7 91 30 6 63 94 79 92 78 24 98 7 21 55 5 86 25 67 31 58 17 73 26 7 91 46 10 22 7 86 15 28 54 80 35 64 57 82 74 54 7 61 15 29 91 6 1 92 0 44
27 12 75 2 66 21 66 55 42 55 93 37 82 74 8 0 41 11 45 28 71 35 76 31 24 36 1 76 90 89 41 37 25 87 61 70 12 58 33 8 45 96 67 65 72 28 65 57 3 70
68 34 5 96 95 26 66 84 52 36 97 37 45 46 15 79 26 74 22 31 87 17 71 77 58 71 40 37 7 73 93 73 99 34 42 56 57 32 26 24 65 41 8 91 31 84 59 66 38 51
41 20 79 36 25 67 7 54 82 59 69 97 88 45 9 65 76 20 48 5 98 32 56 40 47 2 7 93 84 73 44 59 43 47 88 70 35 2 50 70 66 52 20 6 23 48 15 55 2 37
61 35 28 45 2 97 58 5 94 72 79 92 58 78 90 8 92 28 56 71 76 56 21 84 23 66 73 16 48 33 80 15 31 88 28 45 77 28 18 68 85 7 36 94 60 99 80 43 42 40
75 68 29 53 42 88 36 93 57 10 32 38 43 60 67 57 59 23 73 48 35 2 5 19 61 85 49 60 78 63 23 14 73 0 66 23 96 16 15 83 58 31 42 74 3 76 19 4 31 58
39 79 1 41 86 89 2 6 65 32 37 74 93 5 23 7 80 52 97 58 44 51 41 27 66 62 47 44 71 42 96 7 90 75 91 87 89 58 5 40 24 8 80 64 35 75 25 8 97 31
42 79 88 40 38 81 67 89 9 25 79 99 63 69 98 50 53 98 96 81 11 15 22 6 20 80 27 63 58 94 57 14 0 80 41 74 92 33 19 49 39 89 4 65 61 93 1 50 82 2
97 22 40 64 57 60 21 11 84 8 25 75 45 86 2 20 78 75 76 24 19 41 3 14 90 88 88 14 53 84 96 55 26 82 53 46 81 94 74 94 52 47 66 54 6 55 48 41 63 42
6 53 98 47 29 65 67 61 4 53 13 93 35 92 84 27 44 39 97 55 58 14 83 84 18 55 74 42 71 71 7 38 79 4 14 84 94 48 62 94 8 59 23 38 77 98 83 60 32 87
80 83 64 42 68 80 76 11 83 99 92 79 86 42 49 86 67 19 39 0 75 67 75 67 8 42 90 7 49 50 75 88 45 18 91 11 39 45 68 50 18 98 91 63 89 97 28 47 98 81
10 45 80 10 14 19 4 9 27 31 48 46 15 15 59 49 15 99 73 14 13 79 2 76 22 90 11 98 34 6 66 43 60 58 78 18 26 89 73 41 14 57 18 35 86 74 3 77 8 88
29 2 16 90 38 26 37 99 95 6 43 42 72 56 25 99 76 93 10 65 74 11 38 6 38 90 37 45 78 86 81 42 73 28 9 23 66 19 34 46 68 63 38 95 50 74 79 16 51 10
31 21 72 37 30 79 2 20 6 8 11 18 23 98 29 53 51 3 18 6 32 76 92 31 16 33 18 18 97 37 41 2 12 95 46 45 61 71 3 42 58 42 70 64 50 60 45 85 26 64
