14 47
0 0 1 1 2 2 3 3 4 5 5 6 7 8 9 10 10 11 12 13 14 15 16 17 17 18 19 19 20 21 22 23 24 25 26 26 27 27 28 28 29 30 30 31 32 33 34 34 35 35
36 36 37 38 38 39 40 40 4 41 42 6 7 8 9 43 43 11 12 13 14 15 16 44 44 18 45 45 20 21 46 23 24 25 47 47 48 48 49 49 29 50 50 31 51 33 52 53 54 55
56 56 37 57 58 39 59 60 60 41 42 61 62 63 64 65 66 66 67 68 68 69 70 70 71 72 73 74 75 76 46 77 78 79 80 80 81 81 82 82 83 84 85 85 51 86 52 53 54 55
87 87 88 57 58 89 90 91 91 92 93 61 62 63 64 94 95 96 96 97 98 98 99 100 71 72 73 74 75 101 102 77 78 103 104 104 105 105 106 106 83 84 107 108 109 110 110 111 111 112
113 113 114 114 115 89 90 116 116 92 93 117 118 118 119 94 95 120 121 121 122 122 99 100 123 124 124 125 125 101 102 126 127 103 128 128 129 129 130 131 132 132 133 108 109 134 134 135 135 136
137 137 138 139 115 140 140 141 142 142 143 144 145 146 147 147 148 148 149 150 151 151 152 153 123 154 155 156 157 157 158 158 127 159 159 160 161 162 163 131 164 165 133 166 166 167 168 169 170 136
171 171 138 139 172 173 174 174 175 175 143 144 145 176 176 177 177 178 179 150 180 181 181 153 182 154 183 156 184 185 186 186 187 188 189 189 161 190 163 191 164 192 192 193 193 167 168 169 170 194
195 195 196 196 172 197 198 199 200 201 201 202 203 203 204 204 205 205 179 206 207 207 208 208 182 209 183 210 184 185 211 211 187 188 212 213 214 190 215 216 216 217 218 218 219 220 221 222 223 194
224 224 225 226 226 197 198 227 200 228 228 229 230 231 232 232 233 234 234 206 235 235 236 237 237 238 238 210 239 239 240 241 241 242 212 213 243 244 215 245 245 217 246 246 219 247 221 222 223 248
249 249 225 250 250 251 251 227 252 253 254 229 230 231 255 255 233 256 256 257 258 259 260 261 261 262 263 264 264 265 240 266 266 242 267 267 243 244 268 268 269 269 270 271 271 247 272 273 274 248
275 276 276 277 278 279 280 280 252 253 281 282 283 284 285 285 286 286 287 257 258 259 260 288 288 262 263 289 290 265 291 292 292 293 294 295 296 297 297 298 299 299 270 300 301 302 272 273 274 303
304 304 305 277 278 279 306 306 307 307 281 282 283 284 308 309 309 310 287 311 312 313 313 314 314 315 315 289 290 316 291 317 317 293 294 295 296 318 318 319 320 321 321 300 301 322 322 323 323 303
324 325 305 326 327 328 329 330 331 332 332 333 333 334 308 335 335 310 336 311 312 337 337 338 339 339 340 340 341 316 342 342 343 343 344 344 345 346 347 319 320 348 349 350 350 351 352 352 353 354
324 355 356 326 327 357 329 330 331 358 359 360 361 362 363 364 364 365 336 366 366 367 368 338 369 369 370 370 371 371 372 373 373 374 374 375 345 346 347 376 376 348 377 378 378 351 379 380 353 354
381 355 356 382 382 357 383 384 385 358 359 360 361 362 386 386 387 365 388 388 389 367 368 390 390 391 391 392 392 393 394 394 395 396 396 397 397 398 398 399 399 400 377 401 401 402 379 403 403 404
381 405 406 406 407 407 383 384 385 408 408 409 410 410 411 411 387 412 413 414 389 415 416 417 418 419 419 420 420 393 421 422 422 423 423 424 424 425 425 426 427 428 428 429 430 430 431 432 433 404
434 405 435 435 436 436 437 438 439 440 440 409 441 442 443 443 444 412 413 445 446 415 416 447 418 448 449 450 451 451 421 452 452 453 453 454 454 455 456 426 427 457 457 458 458 459 431 432 433 460
461 462 463 464 465 466 437 438 467 467 468 468 441 442 469 470 444 471 471 445 446 472 473 447 474 448 449 475 476 476 477 478 479 480 481 481 482 455 456 483 483 484 484 485 485 459 486 487 488 488
461 462 463 464 465 466 489 490 490 491 492 492 493 493 469 470 494 495 495 496 496 472 473 497 474 498 498 475 499 500 477 501 479 480 502 502 482 503 503 504 505 505 506 507 508 508 486 509 510 511
512 512 513 513 514 514 489 515 515 516 516 517 518 519 520 521 494 522 522 523 523 524 525 525 526 526 527 528 499 500 529 501 530 531 532 532 533 533 534 534 535 536 536 507 537 538 538 509 510 511
539 540 540 541 542 543 544 544 545 545 546 546 518 547 520 521 548 549 549 550 551 551 552 553 554 555 527 556 556 557 558 558 530 531 559 560 561 561 562 563 535 564 565 566 537 567 568 569 570 570
571 571 572 541 542 573 573 574 575 576 577 577 578 547 579 580 548 581 581 550 582 583 552 553 554 555 584 585 585 557 586 587 587 588 588 560 589 590 590 563 591 564 565 566 592 567 568 569 593 594
595 595 572 596 597 597 598 599 575 600 601 601 602 602 603 580 604 605 605 606 582 583 607 607 608 609 610 611 611 612 586 613 613 614 615 615 589 616 616 617 618 618 619 620 592 621 622 622 593 594
623 624 624 596 625 626 626 599 627 600 628 628 629 630 603 631 604 632 632 606 633 634 635 636 608 609 610 637 638 612 639 640 641 614 642 642 643 643 644 617 645 645 619 620 646 646 647 648 648 649
650 650 651 652 625 653 654 655 655 656 657 657 629 630 658 659 659 660 661 662 633 663 635 636 664 665 665 637 666 667 639 668 641 669 669 670 671 671 644 672 673 674 675 675 676 676 647 677 678 649
679 680 651 652 681 653 682 682 683 684 685 686 687 688 658 689 689 660 690 662 691 663 692 692 664 693 694 694 666 667 695 668 696 697 697 670 698 699 700 700 673 701 701 702 703 704 704 677 705 706
679 680 707 708 709 710 711 712 712 684 685 686 687 688 713 713 714 714 690 715 715 716 716 717 718 693 719 720 721 722 723 724 696 725 726 726 698 699 727 727 728 729 729 730 703 731 732 732 705 706
733 733 707 708 709 710 734 734 735 735 736 737 738 739 739 740 741 742 742 743 743 744 745 717 718 746 746 720 721 722 723 747 748 748 749 750 750 751 752 752 728 753 754 730 755 731 756 757 758 758
759 759 760 760 761 761 762 763 764 764 736 737 738 765 766 766 741 767 768 769 770 744 745 771 772 773 774 775 776 777 777 747 778 779 780 781 782 783 784 785 786 753 787 788 755 789 790 757 791 791
792 793 793 794 794 795 795 763 796 797 798 799 799 800 800 801 801 802 768 803 770 804 805 771 772 773 774 775 776 806 806 807 778 779 780 781 782 783 784 785 786 808 787 788 809 809 790 810 810 811
792 812 812 813 814 815 816 816 796 797 798 817 818 818 819 820 821 802 822 803 823 823 805 824 825 825 826 827 828 828 829 807 830 831 831 832 832 833 833 834 835 808 836 837 838 839 839 840 840 811
841 841 842 813 814 815 843 843 844 845 846 817 847 847 848 820 821 849 822 850 851 851 852 824 853 853 826 827 854 854 829 855 830 856 857 857 858 858 859 860 835 861 836 837 838 862 862 863 863 864
865 866 867 868 869 870 870 871 844 845 872 873 874 874 848 875 875 876 876 850 877 878 879 880 881 882 883 883 884 884 885 855 886 856 887 888 889 890 890 860 891 861 892 892 893 894 895 896 897 864
865 866 867 868 869 898 898 871 899 899 872 900 900 901 902 902 903 904 905 906 877 878 879 880 881 882 907 908 908 909 885 910 886 911 887 888 889 912 912 913 913 914 915 915 893 894 895 896 897 916
917 917 918 918 919 920 920 921 922 923 923 924 924 901 925 926 903 904 905 906 927 928 928 929 930 930 907 931 931 932 932 910 933 934 934 935 935 936 936 937 938 939 940 940 941 942 942 943 943 916
944 944 945 945 946 946 947 921 922 948 949 950 950 951 925 926 952 952 953 953 927 954 954 929 955 956 957 957 958 958 959 960 933 961 961 962 962 963 963 937 938 939 964 965 965 966 966 967 967 968
969 970 971 972 973 973 947 974 974 948 949 975 976 951 977 977 978 979 980 981 981 982 983 984 955 985 985 986 986 987 988 960 989 990 990 991 991 992 992 993 993 994 995 995 996 997 998 999 1000 1001
969 970 971 1002 1002 1003 1004 1005 1006 1007 1008 975 976 1009 1010 1010 978 979 1011 1012 1013 1013 983 984 1014 1014 1015 1015 1016 987 988 1017 1017 1018 1019 1019 1020 1021 1022 1022 1023 994 1024 1024 996 997 998 999 1000 1001
1025 1025 1026 1027 1027 1003 1028 1005 1006 1007 1029 1030 1030 1009 1031 1032 1032 1033 1011 1034 1034 1035 1035 1036 1036 1037 1038 1038 1039 1039 1040 1041 1042 1018 1043 1043 1020 1021 1044 1045 1023 1046 1047 1048 1049 1049 1050 1051 1051 1052
1053 1053 1026 1054 1054 1055 1028 1056 1057 1057 1029 1058 1058 1059 1031 1060 1060 1061 1062 1062 1063 1063 1064 1064 1065 1066 1067 1068 1069 1070 1070 1041 1071 1072 1073 1073 1074 1074 1044 1045 1075 1046 1076 1048 1077 1077 1078 1078 1079 1052
1080 1080 1081 1081 1082 1083 1083 1056 1084 1084 1085 1086 1087 1059 1088 1088 1089 1061 1090 1090 1091 1092 1093 1094 1065 1066 1067 1068 1095 1095 1096 1097 1071 1098 1098 1099 1100 1100 1101 1102 1102 1103 1076 1104 1105 1105 1106 1107 1108 1109
1110 1111 1112 1112 1113 1113 1114 1115 1115 1116 1117 1086 1118 1118 1119 1119 1089 1120 1120 1121 1091 1092 1093 1122 1123 1123 1124 1125 1126 1126 1096 1097 1127 1127 1128 1129 1129 1130 1131 1132 1132 1103 1133 1134 1135 1136 1106 1107 1108 1109
1110 1111 1137 1137 1138 1138 1114 1139 1139 1116 1117 1140 1141 1141 1142 1143 1143 1144 1144 1145 1145 1146 1146 1122 1147 1148 1149 1125 1150 1151 1151 1152 1153 1153 1154 1155 1156 1130 1131 1157 1158 1158 1133 1134 1135 1136 1159 1160 1160 1161
1162 1162 1163 1164 1165 1166 1167 1168 1169 1169 1170 1140 1171 1172 1172 1173 1174 1175 1175 1176 1177 1178 1179 1180 1180 1148 1149 1181 1150 1182 1183 1183 1184 1184 1154 1155 1156 1185 1185 1157 1186 1187 1187 1188 1189 1189 1159 1190 1191 1161
1192 1192 1163 1164 1165 1166 1167 1193 1194 1195 1170 1196 1197 1198 1199 1173 1174 1200 1200 1176 1177 1178 1179 1201 1201 1202 1202 1181 1203 1203 1204 1204 1205 1206 1206 1207 1207 1208 1208 1209 1186 1210 1210 1211 1211 1212 1212 1190 1213 1214
1215 1216 1217 1217 1218 1219 1220 1193 1194 1195 1221 1196 1197 1198 1199 1222 1223 1223 1224 1225 1226 1227 1228 1229 1230 1231 1231 1232 1233 1233 1234 1235 1235 1236 1236 1237 1238 1238 1239 1209 1240 1240 1241 1242 1242 1243 1244 1244 1213 1214
1215 1245 1245 1246 1247 1219 1220 1248 1248 1249 1249 1250 1250 1251 1251 1222 1252 1252 1224 1225 1226 1227 1228 1229 1253 1254 1255 1232 1256 1257 1258 1258 1259 1259 1260 1260 1261 1261 1262 1263 1263 1264 1241 1265 1265 1243 1266 1267 1268 1269
1270 1271 1271 1246 1247 1272 1273 1273 1274 1275 1276 1276 1277 1277 1278 1278 1279 1280 1281 1281 1282 1283 1283 1284 1253 1285 1255 1286 1256 1287 1287 1288 1289 1290 1291 1292 1292 1293 1262 1294 1294 1264 1295 1295 1296 1296 1266 1267 1297 1269
1270 1298 1299 1299 1300 1301 1302 1302 1303 1275 1304 1304 1305 1305 1306 1307 1279 1280 1308 1308 1282 1309 1309 1310 1310 1285 1311 1286 1312 1312 1313 1288 1289 1314 1291 1315 1315 1293 1316 1317 1317 1318 1319 1320 1321 1321 1322 1322 1297 1323
1324 1324 1325 1325 1300 1301 1326 1326 1303 1327 1328 1328 1329 1330 1330 1307 1331 1332 1332 1333 1333 1334 1334 1335 1336 1336 1311 1337 1337 1338 1338 1339 1339 1314 1340 1340 1341 1341 1316 1342 1342 1318 1319 1320 1343 1343 1344 1344 1345 1345
92 92 71 71 88 77 27 75 16 82 77 43 63 92 64 9 11 71 84 26 44 88 69 17 67 99 26 64 95 37 22 12 53 72 77 29 23 75 76 89 9 28 20 48 87 62 76 85 52 39
90 71 83 50 31 14 43 31 67 55 29 76 55 99 45 51 73 72 9 41 93 17 51 15 91 63 57 39 72 82 71 92 78 23 16 37 21 76 43 88 71 23 39 7 0 34 36 57 86 80
34 99 0 81 97 84 83 24 29 56 64 41 55 69 75 79 74 57 78 50 48 58 87 96 24 74 52 68 6 59 8 53 26 42 3 3 8 37 39 13 63 0 92 25 96 13 89 23 93 27
67 68 46 48 33 30 94 44 9 6 51 99 15 55 4 89 29 39 41 58 41 56 8 69 30 78 51 37 19 35 30 23 68 66 12 96 18 80 11 93 1 49 77 38 11 15 65 99 86 87
92 11 66 71 19 7 85 45 55 34 15 73 14 26 5 20 41 8 12 54 63 57 7 12 55 23 54 83 44 71 56 47 95 96 32 60 93 83 17 35 79 47 98 91 36 22 28 82 49 65
34 54 79 54 97 75 82 82 85 17 42 35 38 1 26 23 21 75 10 29 12 73 64 39 57 83 45 74 11 7 99 39 23 51 5 97 70 72 21 58 80 85 63 96 2 64 3 49 37 78
68 63 21 72 92 77 34 89 80 73 86 4 2 20 11 60 31 31 64 23 22 48 93 9 22 65 93 64 74 13 93 95 65 52 17 60 89 35 79 37 41 41 91 89 37 4 80 40 1 82
56 5 79 36 36 65 59 13 34 71 91 70 67 16 88 39 13 50 39 17 46 17 18 78 37 93 60 23 14 48 93 82 52 58 35 14 18 66 17 58 85 11 50 96 44 55 64 71 80 75
62 3 31 12 53 44 36 11 24 46 67 12 81 14 91 57 4 56 62 72 59 19 34 58 86 29 66 53 76 50 10 0 61 66 19 49 29 94 46 59 40 76 65 6 35 11 99 29 54 67
86 46 51 74 92 3 33 30 38 52 22 14 80 48 88 46 80 90 92 39 1 86 93 29 57 27 21 87 49 14 88 42 32 24 90 95 28 60 47 69 72 72 70 82 83 79 90 49 2 7
28 79 13 3 2 4 5 92 11 7 94 29 86 24 65 28 39 86 57 88 68 51 97 57 76 61 17 39 53 22 16 15 72 97 45 17 69 5 95 44 80 92 55 86 21 75 69 21 71 16
16 5 87 18 64 87 83 72 25 14 99 90 91 39 90 41 38 93 67 71 44 15 90 84 42 10 77 24 54 47 70 39 47 56 3 67 85 93 64 52 63 78 66 62 7 21 5 88 67 89
89 58 63 90 0 12 15 68 22 48 25 53 36 58 62 66 2 29 37 13 15 21 4 67 81 78 84 27 52 85 37 34 49 59 61 42 42 60 71 98 18 5 15 7 11 89 83 95 33 1
18 88 79 70 10 70 14 32 5 18 20 22 59 62 10 68 57 58 48 7 74 37 79 47 77 25 67 65 30 52 78 34 87 51 84 75 41 18 11 44 79 54 79 86 29 27 42 24 26 14
78 17 82 20 46 56 35 57 89 10 13 91 74 65 40 43 89 28 6 3 44 68 62 97 60 1 58 23 6 87 51 55 35 83 93 27 19 43 89 68 83 50 48 84 22 96 87 79 20 78
70 41 14 49 97 3 85 70 21 75 63 26 80 98 25 60 59 0 56 1 3 56 91 41 85 39 40 40 38 39 90 71 68 5 6 66 48 32 15 54 74 48 2 98 19 99 78 94 97 61
7 16 87 66 86 15 3 55 67 46 65 37 56 17 72 66 58 91 63 22 20 21 84 68 33 54 85 34 19 11 59 62 62 8 17 64 11 67 75 61 34 60 89 24 76 67 10 34 78 47
34 62 6 83 31 3 56 96 93 62 28 87 31 74 88 4 38 29 28 48 72 83 63 80 7 88 29 72 7 28 35 62 17 5 45 62 83 92 29 15 44 65 77 88 75 7 53 33 79 46
29 78 63 6 4 51 21 30 91 31 27 88 86 99 94 54 28 29 34 25 31 21 48 46 30 6 66 40 51 85 98 76 40 60 50 38 35 28 32 23 7 87 91 68 40 65 30 87 22 82
60 40 37 47 96 68 99 29 6 78 55 40 27 48 31 22 84 15 99 92 74 63 70 62 66 71 69 57 12 5 27 49 72 99 97 96 20 87 11 87 64 86 81 69 29 18 90 90 14 63
56 88 17 53 61 85 94 17 72 61 97 65 45 65 15 17 38 53 21 76 17 78 86 29 99 92 50 44 70 20 22 39 33 97 90 65 22 91 45 72 60 83 95 70 99 26 30 43 44 92
30 21 93 59 99 27 58 31 42 34 12 57 19 14 56 34 36 88 92 7 75 65 74 63 81 15 13 43 82 95 37 67 92 55 79 92 92 55 30 9 12 52 59 71 60 2 90 80 78 22
80 55 75 0 88 88 73 14 73 60 10 38 37 19 14 86 62 46 93 37 91 20 34 5 72 39 28 35 80 2 6 66 77 60 9 37 64 25 95 6 12 69 96 37 51 71 62 11 9 42
92 40 72 92 56 37 11 24 95 64 95 98 5 27 89 78 2 71 69 78 7 49 18 67 46 49 37 67 79 67 28 84 39 85 54 16 90 92 57 92 4 29 89 93 24 87 86 87 16 87
25 11 74 94 62 33 75 25 80 58 50 47 58 64 82 11 91 41 98 53 63 84 43 24 50 4 66 31 1 51 84 54 14 62 13 98 1 78 37 57 34 76 4 22 80 84 12 0 92 3
16 16 34 60 80 71 67 77 96 21 32 81 73 15 91 69 42 51 44 54 88 88 64 27 85 18 71 56 46 58 94 92 88 63 4 81 87 86 19 92 9 42 52 61 89 51 14 40 83 22
90 49 33 75 61 59 21 96 48 67 22 65 55 42 96 35 81 30 95 16 57 88 37 80 46 83 42 49 60 64 76 48 34 43 30 97 32 94 74 10 54 5 86 69 41 28 23 65 43 28
49 33 58 51 28 44 50 4 0 64 67 87 67 99 46 44 2 35 38 13 42 76 49 93 33 41 16 99 58 27 85 93 88 34 36 40 7 53 94 81 28 20 5 53 76 69 45 49 9 96
6 30 16 37 43 42 16 21 71 37 40 24 0 43 92 16 65 47 13 13 43 38 3 69 89 92 3 99 29 58 46 28 82 15 52 28 11 22 23 94 82 62 75 65 22 46 19 33 44 80
17 87 79 8 49 0 95 63 75 73 85 54 9 40 35 53 24 71 13 38 69 12 40 38 41 35 40 71 48 89 43 40 65 60 8 12 35 26 19 71 6 38 94 17 94 34 42 27 9 11
9 76 88 56 10 55 16 99 36 48 35 64 23 94 92 38 46 30 35 74 73 28 48 20 85 33 89 1 65 9 93 80 14 57 22 8 94 26 78 5 36 84 44 40 46 56 70 37 37 69
74 26 20 74 0 82 37 51 36 47 1 92 63 90 4 27 13 59 17 95 19 77 46 35 24 21 47 48 38 46 60 98 18 86 71 28 3 62 99 96 71 50 6 42 92 26 57 40 27 90
2 67 79 99 55 16 76 82 80 48 16 20 36 69 74 73 66 46 56 40 23 83 37 7 75 25 19 47 17 12 81 13 68 21 60 2 70 41 82 69 83 11 95 5 2 24 86 15 7 43
50 52 50 42 0 6 76 74 26 63 13 8 75 97 24 53 71 42 73 27 55 23 16 77 19 62 82 32 50 87 48 51 38 5 93 58 34 52 74 41 32 79 16 23 72 29 55 41 53 34
66 91 57 17 48 27 2 74 80 47 43 43 0 37 88 43 90 69 85 93 14 42 18 52 87 77 32 75 79 37 14 87 25 67 16 12 38 3 20 9 46 87 47 42 42 77 86 92 37 67
58 5 53 46 22 74 68 69 39 55 61 29 53 56 55 19 91 90 18 41 88 96 44 54 43 82 11 37 63 6 39 98 67 38 33 96 41 18 55 90 65 47 32 50 80 56 64 28 1 69
58 34 71 78 82 51 68 92 19 24 99 69 25 53 25 61 73 86 28 6 90 14 85 17 16 38 62 93 19 31 31 12 34 34 82 18 3 71 15 57 95 24 32 79 96 22 50 9 63 37
18 80 40 25 85 54 17 50 33 61 44 78 1 22 94 65 81 32 26 61 71 0 77 97 30 49 73 75 91 0 45 62 26 27 70 88 57 42 31 40 36 77 46 39 89 40 22 48 36 61
95 94 87 75 63 41 58 38 82 49 6 25 56 33 56 13 23 70 49 10 67 14 20 68 56 81 84 42 64 76 69 10 22 79 64 52 20 1 66 3 14 88 92 45 21 80 57 2 11 5
46 24 94 93 22 77 71 11 97 46 56 12 38 35 31 66 44 54 16 93 85 33 37 21 25 15 21 63 28 18 99 68 80 48 83 29 37 3 29 57 50 37 68 37 42 54 70 7 16 4
22 96 7 62 2 17 36 51 91 84 60 30 37 28 51 94 78 0 91 78 70 3 44 13 18 10 36 91 57 0 6 64 54 18 19 20 21 48 86 99 65 14 77 30 35 29 99 39 59 5
46 57 46 35 24 23 98 76 21 98 58 89 63 31 24 3 72 12 86 55 85 39 21 20 97 76 20 10 94 28 7 65 84 44 61 8 87 1 82 38 46 45 22 44 87 32 63 5 65 82
17 39 26 13 39 88 3 28 28 51 48 57 13 39 89 66 57 74 88 76 32 25 22 11 32 88 82 27 75 90 47 86 78 57 7 68 76 5 66 89 67 55 23 6 58 26 95 66 90 27
56 2 32 54 33 82 16 81 30 24 6 30 16 61 69 42 66 43 52 86 36 48 84 13 39 60 6 87 82 79 53 84 32 63 19 27 1 82 41 39 91 71 4 95 13 74 53 96 76 49
26 68 90 50 53 3 91 56 53 8 46 56 22 43 68 34 54 28 75 8 9 26 83 60 17 67 88 72 61 87 91 77 75 47 78 44 12 46 78 46 17 10 76 90 93 73 65 29 12 57
2 53 95 58 71 92 32 72 86 13 43 28 90 20 92 27 62 3 27 48 3 61 35 8 3 86 87 89 73 20 32 95 52 15 83 20 69 26 22 46 9 91 8 38 39 30 63 77 36 11
81 30 43 80 59 69 83 28 7 0 46 59 15 29 22 7 27 98 52 87 10 84 85 7 25 52 29 51 13 26 27 44 43 83 40 39 95 32 91 97 87 0 43 41 4 54 43 78 54 90
20 73 15 69 29 78 59 22 22 22 23 39 64 9 38 84 33 91 69 41 3 53 18 62 7 94 68 47 37 90 28 35 76 5 65 45 58 94 34 2 62 65 71 35 36 37 22 65 62 6
4 8 74 62 11 60 69 84 39 31 88 97 76 96 66 98 31 24 33 22 75 41 7 30 61 92 8 31 74 76 15 91 18 86 23 57 81 79 27 96 12 84 95 7 1 87 91 94 7 48
94 51 91 82 51 26 17 35 94 31 12 13 55 54 16 28 58 48 69 22 73 57 34 49 75 43 98 78 51 40 84 12 56 85 43 12 38 90 44 41 11 71 97 30 12 72 18 46 65 73
