15 38
0 0 1 1 2 2 3 3 4 4 5 6 7 8 9 9 10 10 11 12 12 13 14 15 16 17 18 19 20 20 21 21 22 22 23 23 24 24 25 26 26 27 27 28 29 30 31 32 32 33
34 35 35 36 36 37 37 38 38 39 39 6 7 8 40 40 41 41 11 42 43 44 14 15 16 17 18 19 45 45 46 46 47 47 48 48 49 49 25 50 50 51 51 28 52 30 53 54 55 33
34 56 56 57 58 58 59 60 60 61 61 62 62 63 63 64 64 65 65 42 43 44 66 67 67 68 69 69 70 70 71 72 73 74 75 75 76 76 77 77 78 79 79 80 52 81 53 54 82 82
83 83 84 57 85 86 87 87 88 89 89 90 90 91 92 92 93 94 95 96 97 97 66 98 98 68 99 100 101 101 71 102 73 74 103 103 104 104 105 105 78 106 107 80 108 108 109 109 110 111
112 112 84 113 114 86 115 115 88 116 117 117 118 91 119 120 93 94 95 121 122 122 123 123 124 124 99 125 126 126 127 102 128 128 129 129 130 130 131 132 132 106 107 133 134 135 135 136 110 111
137 138 138 113 114 139 139 140 140 116 141 142 142 143 119 120 144 145 145 121 146 146 147 147 148 148 149 125 150 151 127 152 152 153 154 154 155 155 131 156 156 157 157 133 134 158 158 136 159 159
137 160 160 161 162 162 163 163 164 165 166 166 167 168 169 170 144 171 171 172 173 173 174 174 175 175 149 176 150 151 177 177 178 178 179 180 181 182 183 184 184 185 186 187 188 188 189 189 190 191
192 193 194 161 195 196 196 197 164 165 198 199 200 168 169 170 201 201 202 172 203 204 205 206 206 207 207 208 208 209 210 210 211 212 179 180 181 182 183 213 213 214 186 187 215 216 217 217 190 218
192 193 194 219 195 220 220 197 221 221 222 199 200 223 223 224 225 226 202 227 203 204 228 228 229 230 231 231 232 233 233 234 211 212 235 236 236 237 238 239 240 214 241 242 215 216 243 244 244 218
245 246 247 248 248 249 249 250 250 251 222 252 253 253 254 254 225 226 255 227 256 257 258 258 229 230 259 259 232 260 261 234 262 262 235 263 263 237 238 239 264 264 265 242 266 267 268 269 269 270
245 271 247 272 272 273 273 274 274 251 275 276 277 278 278 279 280 280 281 281 256 282 282 283 283 284 285 286 287 260 261 288 288 289 289 290 291 292 292 293 293 294 265 295 266 267 268 296 297 270
298 271 299 299 300 300 301 301 302 302 275 276 277 303 304 304 305 306 306 307 308 309 309 310 311 284 285 286 312 312 313 314 314 315 315 316 291 317 317 318 319 319 320 321 321 322 323 296 324 324
298 325 325 326 327 328 329 329 330 331 332 333 333 303 334 334 305 335 336 337 308 338 339 339 311 340 340 341 342 343 343 344 344 345 345 316 346 347 347 318 348 348 349 350 350 351 323 352 353 354
355 355 356 356 327 328 357 358 358 331 332 359 360 360 361 362 362 363 336 337 364 338 365 366 366 367 368 341 342 369 370 370 371 371 372 373 374 374 375 376 377 377 349 378 379 351 380 352 353 354
381 382 383 383 384 385 357 386 386 387 387 359 388 388 389 389 390 363 391 391 364 392 365 393 393 367 368 394 394 369 395 396 397 397 398 373 399 399 375 376 400 400 401 378 379 402 403 403 404 405
381 382 406 407 384 385 408 409 410 410 411 412 413 413 414 414 415 416 416 417 417 392 418 418 419 419 420 420 421 421 395 422 423 424 398 425 426 427 428 429 429 430 430 431 432 402 433 433 404 434
435 435 406 407 436 436 408 437 438 439 439 412 440 441 441 442 415 443 444 445 445 446 447 447 448 449 449 450 451 452 452 422 423 424 453 425 426 427 428 454 454 455 456 456 432 457 457 458 458 434
459 460 461 461 462 463 463 437 464 465 466 467 440 468 469 442 470 470 444 471 471 446 472 472 448 473 474 475 451 476 477 477 478 478 453 479 480 480 481 481 482 455 483 484 484 485 485 486 487 488
459 460 489 489 462 490 490 491 464 465 466 467 492 468 469 493 494 495 495 496 496 497 497 498 499 500 474 475 501 502 502 503 503 504 504 505 506 506 507 508 482 509 483 510 511 511 512 513 487 488
514 514 515 515 516 517 517 491 518 519 519 520 492 521 521 493 494 522 523 523 524 525 525 498 499 500 526 527 501 528 528 529 530 530 531 505 532 532 507 508 533 534 534 510 535 535 536 513 537 537
538 539 540 541 542 542 543 544 544 545 545 520 546 547 547 548 549 549 550 551 551 552 553 553 554 555 555 527 556 557 558 529 559 559 531 560 561 562 563 563 533 564 564 565 566 567 536 568 568 569
538 570 540 571 571 572 572 573 573 574 575 575 576 577 577 548 578 579 579 580 581 552 582 582 554 583 584 584 556 557 558 585 585 586 586 560 561 587 588 589 590 591 592 565 566 593 593 594 594 569
595 570 596 597 597 598 599 599 600 601 602 602 576 603 604 605 578 606 606 580 607 607 608 609 610 611 611 612 613 613 614 615 616 616 617 618 618 587 588 589 590 591 592 619 619 620 621 621 622 623
624 624 596 625 626 598 627 628 628 601 629 630 631 631 604 632 632 633 633 634 634 635 636 609 610 637 637 612 638 639 614 640 641 641 617 642 643 644 645 645 646 647 648 649 650 650 651 652 622 623
653 653 654 625 655 655 627 656 656 657 657 630 658 658 659 659 660 660 661 661 662 635 636 663 664 664 665 666 667 639 668 640 669 669 670 670 643 644 671 671 646 647 648 649 672 673 674 652 675 675
676 677 678 679 679 680 681 682 682 683 683 684 684 685 686 687 688 688 689 690 662 691 691 692 693 693 665 666 667 694 694 695 696 696 697 697 698 699 699 700 700 701 702 702 672 673 674 703 704 705
676 677 678 706 707 680 681 708 708 709 709 710 711 685 686 687 712 712 689 713 714 715 715 692 716 716 717 718 719 719 720 695 721 722 723 724 698 725 725 726 727 727 728 728 729 729 730 703 704 705
731 732 732 706 707 733 734 735 736 737 738 738 711 739 740 740 741 741 742 713 714 743 743 744 745 745 717 718 746 747 748 749 721 722 723 724 750 751 752 752 753 754 755 756 756 757 730 758 759 760
731 761 762 762 763 763 734 735 764 737 765 765 766 739 767 767 768 769 769 770 771 772 772 744 773 774 774 775 775 747 748 749 776 777 777 778 750 779 779 780 753 754 781 782 782 783 784 784 759 760
785 761 786 787 787 788 789 790 764 791 792 793 766 794 795 796 796 797 798 770 771 799 799 800 801 802 803 804 805 806 806 807 808 809 809 810 810 811 811 780 812 812 781 813 813 783 814 814 815 815
785 816 817 818 818 819 789 790 820 791 792 793 821 794 795 822 822 797 798 823 823 824 825 800 801 802 803 804 805 826 826 807 808 827 828 828 829 829 830 830 831 832 832 833 834 835 835 836 836 837
838 816 817 839 840 819 841 841 842 842 843 843 844 844 845 845 846 847 847 848 849 824 825 850 850 851 852 853 853 854 855 856 857 857 858 859 859 860 860 861 831 862 863 833 834 864 864 865 866 837
867 867 868 839 840 869 870 871 871 872 873 874 874 875 876 877 846 878 879 848 849 880 880 881 882 851 852 883 883 854 855 856 884 885 885 886 886 887 887 861 888 862 863 889 890 891 891 865 866 892
893 894 868 895 896 869 897 897 898 872 899 900 901 902 876 903 904 878 879 905 905 906 906 881 907 908 909 909 910 910 911 912 912 913 913 914 914 915 915 916 917 917 918 889 890 919 919 920 920 892
921 894 922 895 923 923 924 924 925 926 899 900 901 902 927 903 904 928 928 929 930 931 931 932 907 933 934 935 936 936 911 937 938 938 939 940 940 941 941 916 942 942 918 943 944 945 946 947 947 948
921 949 950 951 952 952 953 953 925 954 955 956 956 957 958 959 959 960 960 929 961 961 962 932 963 933 934 935 964 964 965 965 966 967 939 968 968 969 969 970 970 971 971 943 944 945 946 972 972 973
974 949 950 951 975 975 976 976 977 954 955 978 979 957 958 980 981 981 982 982 983 984 962 985 963 986 987 987 988 989 989 990 966 967 991 992 992 993 993 994 995 996 996 997 998 999 999 1000 1000 973
974 1001 1002 1003 1003 1004 1005 1006 1006 1007 1008 978 979 1009 1010 1011 1012 1013 1014 1014 983 984 1015 985 1016 986 1017 1018 1018 1019 1019 990 1020 1020 991 1021 1021 1022 1022 1023 995 1024 1024 997 1025 1026 1026 1027 1027 1028
1029 1001 1002 1030 1031 1032 1005 1033 1033 1007 1008 1034 1034 1009 1010 1011 1012 1013 1035 1035 1036 1037 1037 1038 1039 1039 1040 1040 1041 1042 1043 1044 1044 1045 1046 1046 1047 1048 1049 1023 1050 1051 1052 1052 1025 1053 1054 1055 1055 1028
1029 1056 1056 1030 1031 1032 1057 1057 1058 1059 1059 1060 1060 1061 1061 1062 1063 1064 1065 1066 1066 1067 1068 1069 1069 1070 1071 1071 1041 1042 1043 1072 1072 1045 1073 1073 1047 1048 1049 1074 1050 1051 1075 1076 1076 1053 1077 1077 1078 1078
1079 1079 1080 1080 1081 1082 1082 1083 1058 1084 1084 1085 1085 1086 1087 1088 1063 1064 1065 1089 1090 1091 1068 1092 1093 1070 1094 1095 1095 1096 1097 1098 1099 1099 1100 1100 1101 1101 1102 1103 1103 1104 1105 1106 1106 1107 1107 1108 1108 1109
1110 1111 1112 1113 1081 1114 1115 1083 1116 1117 1117 1118 1118 1086 1087 1088 1119 1120 1121 1089 1122 1091 1123 1092 1124 1125 1126 1126 1127 1096 1097 1098 1128 1129 1129 1130 1131 1131 1102 1132 1132 1133 1105 1134 1135 1136 1136 1137 1137 1109
1110 1138 1112 1139 1139 1114 1140 1141 1142 1142 1143 1143 1144 1144 1145 1145 1119 1120 1121 1146 1122 1147 1148 1149 1124 1125 1150 1150 1127 1151 1152 1153 1153 1154 1154 1130 1155 1156 1156 1157 1157 1133 1158 1158 1135 1159 1159 1160 1160 1161
1162 1138 1163 1163 1164 1165 1140 1141 1166 1167 1167 1168 1169 1169 1170 1170 1171 1172 1172 1173 1174 1147 1148 1149 1175 1175 1176 1176 1177 1151 1152 1178 1179 1179 1180 1180 1155 1181 1182 1182 1183 1183 1184 1185 1185 1186 1186 1187 1187 1161
1188 1188 1189 1190 1190 1165 1191 1192 1192 1193 1194 1194 1195 1196 1197 1197 1171 1198 1199 1173 1174 1200 1200 1201 1202 1203 1203 1204 1204 1205 1206 1178 1207 1208 1208 1209 1210 1181 1211 1211 1212 1213 1213 1214 1214 1215 1216 1217 1218 1219
1220 1220 1189 1221 1222 1223 1223 1224 1225 1226 1226 1227 1227 1196 1228 1228 1229 1198 1230 1230 1231 1231 1232 1201 1233 1234 1234 1235 1235 1205 1206 1236 1207 1237 1238 1209 1210 1239 1240 1241 1242 1243 1244 1245 1245 1215 1216 1217 1218 1219
1246 1246 1247 1221 1248 1249 1250 1224 1251 1252 1253 1253 1254 1254 1255 1255 1229 1256 1257 1258 1259 1260 1260 1261 1233 1262 1262 1263 1263 1264 1265 1265 1266 1237 1238 1267 1268 1239 1240 1241 1242 1243 1244 1269 1269 1270 1270 1271 1272 1272
1273 1274 1275 1275 1248 1249 1276 1276 1251 1277 1277 1278 1278 1279 1280 1280 1281 1281 1257 1258 1259 1282 1282 1283 1284 1284 1285 1285 1286 1286 1287 1288 1288 1289 1289 1267 1268 1290 1290 1291 1292 1292 1293 1294 1295 1296 1296 1271 1297 1297
1298 1274 1299 1300 1301 1302 1303 1304 1305 1306 1307 1308 1308 1279 1309 1310 1311 1312 1313 1314 1315 1316 1316 1283 1317 1318 1319 1320 1321 1322 1322 1323 1324 1325 1325 1326 1327 1327 1328 1329 1330 1331 1331 1294 1295 1332 1332 1333 1333 1334
1298 1335 1299 1300 1301 1302 1303 1304 1305 1306 1307 1336 1337 1337 1309 1310 1311 1312 1313 1314 1315 1338 1338 1339 1317 1318 1319 1320 1321 1340 1340 1323 1341 1341 1342 1342 1343 1343 1328 1329 1330 1344 1344 1345 1346 1346 1347 1347 1348 1334
89 48 34 93 31 21 59 71 50 21 6 23 92 23 77 5 7 30 17 8 48 81 1 60 68 78 73 84 51 13 93 81 78 39 68 0 92 38 48 58 20 88 33 50 31 12 90 35 47 36
38 61 22 13 79 0 65 93 98 20 99 11 5 68 25 7 22 2 24 63 63 63 73 28 69 36 55 56 45 34 65 77 92 79 85 97 96 6 81 70 10 3 16 30 72 66 15 11 86 51
57 65 74 46 57 27 61 12 16 14 91 41 74 51 52 74 23 74 53 70 63 46 65 68 78 27 23 84 14 98 54 12 61 26 95 31 16 5 85 42 85 47 93 58 82 28 42 19 2 28
14 81 79 79 68 40 83 64 97 12 20 49 16 41 98 12 43 19 19 33 94 51 1 11 91 73 76 34 19 73 15 25 21 31 7 25 67 39 92 81 67 47 87 47 18 7 79 30 41 57
43 32 57 21 21 74 23 33 85 59 98 51 70 65 20 54 54 56 9 13 58 75 33 1 48 98 3 94 92 78 79 84 72 76 45 83 6 82 71 5 38 68 61 48 23 69 84 26 85 0
95 96 66 97 66 62 13 31 13 34 86 24 16 47 65 88 90 64 75 68 26 83 96 78 24 50 22 21 84 54 57 84 55 85 5 78 50 48 29 12 57 65 0 78 25 18 28 18 87 6
75 34 93 59 86 50 66 43 29 88 94 55 91 53 94 51 52 48 97 97 4 62 26 75 97 36 28 70 90 68 20 33 70 5 53 96 97 54 77 61 9 9 26 35 28 73 41 41 6 26
15 29 42 49 8 40 14 1 14 72 70 63 87 52 59 37 27 44 36 13 65 24 95 19 80 8 18 97 56 30 70 19 73 14 97 35 48 28 33 58 32 41 52 53 69 4 25 4 70 32
40 85 80 7 98 52 91 29 25 15 96 89 3 96 86 47 25 62 78 32 52 83 20 9 60 31 44 8 93 28 67 32 92 55 39 9 85 93 29 41 33 76 9 18 44 65 3 93 1 81
95 13 49 63 75 23 77 81 92 26 39 62 78 51 55 4 92 87 64 18 25 72 54 22 54 74 57 43 80 36 98 84 60 11 67 82 50 20 5 99 46 45 88 88 34 81 67 10 1 77
26 79 49 72 88 52 61 44 20 80 68 96 64 67 1 55 89 8 75 85 8 55 29 86 26 46 73 55 93 71 93 83 48 39 26 31 23 94 56 16 46 35 92 45 37 63 49 95 28 12
32 49 52 57 49 96 75 97 86 36 78 5 12 90 72 19 34 94 77 82 56 84 42 44 37 35 76 93 43 82 24 7 55 56 43 69 12 66 67 63 3 93 70 61 3 1 32 29 51 15
16 0 46 45 54 96 93 80 66 75 48 38 28 45 3 58 24 79 68 78 77 32 21 52 31 85 47 81 5 64 72 36 70 33 47 13 41 58 4 52 65 46 3 76 68 28 83 87 27 96
44 60 83 2 70 6 34 48 5 60 18 50 47 35 64 62 64 2 46 6 46 12 23 14 96 41 79 24 51 31 38 58 3 89 6 5 57 12 90 11 26 58 81 60 74 40 79 92 1 68
8 14 7 17 16 85 79 12 55 27 92 96 52 6 72 19 99 24 69 92 54 34 25 40 69 78 17 22 18 42 44 32 80 34 92 20 12 35 93 92 67 39 12 58 35 69 19 89 51 57
32 70 60 74 7 38 63 88 82 19 44 13 15 71 75 31 59 44 42 10 26 83 87 39 39 13 37 54 64 43 43 49 69 91 1 93 35 41 76 78 13 30 84 83 4 98 29 12 45 36
42 43 29 41 9 12 41 28 31 12 56 44 90 95 93 18 95 14 60 83 44 20 35 83 79 14 18 24 9 7 74 89 5 77 54 42 26 87 84 37 80 3 30 5 70 40 84 66 70 96
34 44 38 4 6 93 10 38 96 21 94 96 39 65 4 77 12 36 83 68 90 50 6 54 17 37 40 21 45 84 29 61 74 35 61 17 71 19 16 56 9 34 23 57 73 26 12 18 96 5
61 88 13 7 10 64 73 36 65 62 8 36 8 99 35 82 99 4 14 20 70 14 85 34 18 55 47 11 62 62 59 64 33 99 18 23 86 45 43 15 47 43 19 34 92 94 63 30 53 66
45 89 84 71 83 82 69 2 49 30 60 63 90 45 69 65 81 16 34 45 78 2 81 37 30 33 46 85 27 46 86 14 50 74 52 65 61 30 29 65 82 33 97 91 19 96 27 77 13 9
92 92 34 13 17 2 15 47 95 67 65 50 39 92 40 67 90 75 69 27 9 68 2 53 27 86 99 73 91 0 93 87 41 20 87 87 67 47 12 99 57 23 18 81 1 11 24 3 60 90
40 92 89 9 75 25 86 43 89 0 14 6 47 12 11 43 42 86 72 94 85 99 91 85 47 10 8 90 59 59 92 77 41 74 9 42 75 66 10 66 81 91 71 85 46 0 59 70 96 61
63 56 43 93 39 37 37 3 92 7 9 86 14 9 21 84 90 88 0 84 31 63 47 10 42 67 25 16 7 75 59 62 20 7 43 28 77 70 33 51 72 51 49 85 78 16 64 72 36 92
38 33 15 37 41 28 68 70 47 62 14 43 13 36 93 33 53 42 73 0 42 2 40 37 13 74 37 1 37 24 45 8 19 36 2 60 4 6 61 47 73 37 58 54 16 51 62 35 93 46
37 94 69 36 88 51 18 56 45 26 67 10 72 18 61 1 17 88 85 11 63 41 39 49 34 12 81 64 31 63 13 24 91 17 80 13 29 61 43 66 82 92 20 62 28 60 56 20 38 35
53 65 57 93 65 54 21 65 91 68 55 45 36 70 86 58 64 6 77 26 64 55 52 0 81 25 56 87 2 71 29 8 4 13 62 48 22 73 38 23 4 72 2 29 21 18 3 2 63 43
48 72 34 14 10 17 38 18 35 76 20 22 82 32 20 85 54 41 1 80 24 87 70 66 28 56 23 20 10 25 2 8 36 21 52 53 41 93 55 20 59 51 69 28 3 82 94 26 18 76
68 5 28 6 64 84 70 97 92 17 54 96 92 13 14 44 93 6 96 75 92 32 13 25 8 54 83 14 57 99 31 6 24 95 97 84 25 88 54 30 76 5 98 11 93 3 13 68 84 29
21 43 2 87 22 28 33 45 46 44 12 25 6 60 45 8 79 39 69 58 65 88 43 54 83 32 36 59 77 24 71 95 38 27 58 57 17 72 75 48 29 17 67 10 13 41 10 87 98 12
77 91 73 71 14 60 16 82 92 63 72 67 69 70 87 17 64 14 76 3 38 25 47 14 65 98 31 5 3 14 23 80 0 94 33 14 27 1 32 73 12 43 12 20 25 46 27 72 4 76
49 8 98 36 73 54 0 90 4 66 28 91 44 16 16 91 2 65 71 55 91 4 78 36 73 9 5 79 33 45 64 2 97 95 91 62 34 64 59 34 16 81 33 9 13 40 33 64 53 13
4 39 47 45 32 18 1 40 66 36 80 0 50 45 0 7 81 42 84 65 96 84 41 1 43 49 87 50 28 78 25 78 97 44 74 35 53 35 3 63 63 81 50 10 74 34 14 95 86 53
97 61 30 72 60 87 84 99 50 67 84 7 36 5 67 19 90 26 90 33 16 84 48 35 31 7 74 23 16 64 72 81 32 97 11 9 57 25 85 10 39 49 91 72 72 55 48 12 65 53
24 50 69 51 48 0 87 35 26 67 31 46 90 27 43 19 71 11 17 39 62 61 59 71 8 2 85 55 64 98 30 72 94 29 79 68 57 9 67 44 45 1 98 65 56 15 70 55 69 36
42 89 4 99 43 67 34 19 11 70 43 51 11 28 78 0 56 41 23 77 83 47 22 11 18 10 96 60 29 43 66 15 75 30 90 56 25 95 48 78 38 63 66 0 71 57 73 34 69 56
98 38 55 90 87 43 32 70 48 44 82 69 48 89 57 98 82 32 45 24 5 15 18 60 3 49 94 75 79 7 54 97 40 59 4 59 32 28 75 66 49 17 66 89 89 60 41 7 15 98
66 44 98 48 51 50 41 45 74 36 33 78 23 21 56 94 24 40 85 39 47 4 71 14 13 67 31 35 83 51 15 43 62 2 63 74 75 72 13 86 42 64 84 12 45 37 57 64 86 23
94 10 89 8 72 8 47 6 19 39 46 51 46 72 5 88 13 28 20 7 76 67 59 17 27 42 72 96 96 41 3 41 0 53 27 18 39 18 89 35 14 88 84 36 0 46 84 52 61 40
45 66 37 95 3 72 25 87 19 59 90 11 28 40 6 17 52 1 14 6 35 0 34 4 94 53 16 75 45 75 58 27 90 86 21 89 64 14 23 1 68 20 75 72 84 89 45 27 60 42
86 26 53 89 36 80 35 15 46 89 26 19 91 88 64 85 30 0 17 85 24 15 60 80 26 19 97 9 36 7 88 53 25 40 43 78 79 62 10 59 69 43 64 83 45 27 88 80 62 35
33 67 35 6 12 85 4 44 79 10 17 38 16 44 95 8 52 6 24 66 73 73 73 99 80 58 91 89 13 45 40 14 20 74 80 67 40 85 32 5 31 42 25 36 66 4 51 50 16 7
72 26 5 39 63 87 20 43 52 0 1 50 26 12 33 49 4 75 94 11 81 4 10 90 27 31 18 60 29 46 27 50 28 64 97 29 61 97 30 74 61 38 97 35 95 10 2 45 84 17
82 76 28 11 86 98 30 98 65 1 12 32 39 61 1 87 61 0 44 18 9 6 8 89 59 82 35 18 72 3 20 95 1 2 87 40 48 28 69 76 3 71 40 9 55 74 53 10 68 6
19 64 10 27 93 31 68 42 76 59 17 81 39 4 26 86 72 34 51 97 43 47 96 66 87 87 33 3 35 13 96 64 36 98 41 27 88 91 3 7 30 19 55 37 91 5 9 76 24 72
41 93 17 50 40 97 40 62 67 0 6 23 1 46 57 68 33 19 24 1 37 13 7 58 29 56 68 79 74 62 73 80 97 5 71 12 72 44 95 32 14 1 87 84 9 86 69 25 48 51
9 31 29 12 53 40 33 34 79 91 28 91 37 59 5 10 73 45 88 80 36 86 87 35 24 82 33 21 99 70 7 49 25 31 76 60 87 44 17 42 64 38 61 16 59 74 3 19 24 73
20 2 65 3 11 23 36 40 17 7 45 19 43 18 64 26 95 75 35 15 65 47 60 97 88 80 95 64 4 84 46 64 89 67 88 1 15 20 2 29 27 74 84 48 32 75 1 73 3 97
16 21 82 1 66 26 36 46 7 22 95 30 70 75 52 4 91 4 24 77 52 96 5 74 16 82 43 72 2 24 97 18 0 37 99 59 34 90 93 22 9 99 22 9 24 19 92 49 38 70
11 61 76 51 84 99 64 97 7 33 71 17 14 15 54 38 38 17 2 93 42 99 89 30 97 81 35 13 85 27 41 29 3 23 88 24 45 19 87 85 9 48 16 96 77 36 99 82 86 1
41 97 55 28 2 42 76 41 66 55 29 14 16 87 11 38 25 79 42 32 87 55 9 93 22 31 35 47 69 42 75 46 55 20 1 31 38 4 1 31 24 52 12 89 75 66 9 89 7 9
