42 15
0 1 2 2 3 3 4 5 5 6 6 7 7 8 9 10 11 12 13 14 15 16 17 18 18 19 19 20 21 22 23 23 24 25 26 27 27 28 29 29 30 31 31 32 32 33 34 35 35 36
0 37 37 38 39 39 40 41 41 42 42 43 43 8 9 10 11 12 13 14 44 16 45 45 46 47 48 20 21 22 49 50 24 25 26 51 51 52 53 53 30 54 55 56 57 33 34 58 58 36
59 60 60 38 61 62 40 63 64 64 65 66 66 67 67 68 68 69 70 70 44 71 72 73 46 47 74 74 75 76 49 50 77 77 78 78 79 52 80 81 82 83 55 56 57 84 85 86 86 87
59 88 88 89 61 62 90 90 91 92 92 93 94 94 95 96 96 97 97 98 98 71 72 99 100 101 102 102 75 76 103 104 104 105 106 107 79 108 80 81 109 83 110 111 111 84 112 113 113 87
114 114 115 115 116 117 118 119 120 120 121 93 122 122 95 123 124 124 125 125 126 126 127 99 100 101 128 128 129 129 103 130 130 105 106 131 131 108 132 132 109 133 133 134 135 135 112 136 137 137
138 139 139 140 116 117 118 141 142 143 121 144 145 146 146 147 147 148 149 149 150 151 127 152 152 153 154 154 155 155 156 156 157 158 158 159 160 161 161 162 162 163 164 164 165 166 166 136 167 168
138 169 169 140 170 171 171 141 142 143 172 144 145 173 174 174 175 148 176 177 150 151 178 179 180 153 181 181 182 182 183 184 157 185 185 159 186 187 188 189 190 163 191 191 192 192 193 194 167 168
195 196 197 198 170 199 200 201 201 202 202 203 203 204 204 205 205 206 176 207 208 209 209 179 180 210 210 211 211 212 183 213 214 214 215 216 186 187 188 189 190 217 218 218 219 219 193 194 220 220
195 196 197 198 221 199 200 222 222 223 224 224 225 225 226 226 227 227 228 207 229 230 230 231 232 233 233 234 235 235 236 213 237 237 215 216 238 239 239 240 240 217 241 241 242 242 243 243 244 244
245 246 246 247 221 248 248 249 250 223 251 251 252 253 253 254 254 255 228 256 229 257 257 231 232 258 259 234 260 260 236 261 262 262 263 264 238 265 266 266 267 268 268 269 269 270 270 271 271 272
245 273 274 275 276 277 278 278 250 279 280 280 281 282 283 283 284 284 285 256 286 287 288 288 289 289 259 290 290 291 291 261 292 293 263 264 294 265 295 295 267 296 296 297 297 298 299 299 300 300
301 273 274 275 276 277 302 302 303 279 304 305 281 306 306 307 308 308 285 309 286 310 311 311 312 313 314 315 315 316 317 318 292 319 319 320 294 321 321 322 323 323 324 325 326 298 327 327 328 328
329 330 331 332 332 333 333 334 303 335 335 305 336 336 337 307 338 339 339 340 340 310 341 341 312 313 342 343 344 344 317 318 345 346 347 347 348 348 349 350 351 351 324 352 326 353 353 354 355 355
329 330 331 356 357 358 358 334 359 359 360 361 362 363 337 364 364 365 365 366 367 368 369 370 371 371 342 372 373 373 374 374 375 346 376 376 377 377 349 350 378 379 380 352 381 382 383 354 384 385
386 386 387 387 357 388 388 389 390 391 391 361 392 363 393 393 394 395 396 366 367 368 397 370 398 399 400 372 401 402 403 403 375 404 405 406 407 407 408 409 378 379 380 410 381 382 383 411 411 385
412 413 413 414 414 415 415 389 390 416 416 417 392 418 418 419 419 395 396 420 421 421 397 422 398 399 400 423 423 402 424 425 425 404 426 406 427 427 408 428 429 430 431 432 433 434 434 435 436 436
412 437 437 438 438 439 439 440 440 441 441 417 442 442 443 444 445 446 447 420 448 449 449 422 450 451 451 452 452 453 454 454 455 455 426 456 457 458 459 428 429 430 431 432 433 460 460 435 461 461
462 463 463 464 465 465 466 467 468 469 469 470 471 471 443 444 445 472 447 473 474 475 475 476 450 477 478 478 479 480 481 482 482 483 483 456 457 484 459 485 485 486 486 487 488 488 489 490 491 491
462 492 492 464 493 494 494 467 468 495 495 470 496 497 498 499 499 472 500 500 474 501 501 502 503 477 504 505 479 480 506 506 507 508 508 509 510 484 511 511 512 513 514 487 515 515 516 490 517 517
518 518 519 520 520 521 522 523 524 524 525 525 496 497 498 526 527 527 528 528 529 530 530 502 531 532 532 505 533 534 534 535 536 536 537 509 510 538 539 540 541 513 514 542 543 543 516 544 544 545
546 547 519 548 548 521 522 549 549 550 550 551 552 553 554 526 555 555 556 556 557 557 558 558 531 559 560 560 561 562 563 563 564 565 565 566 566 567 539 540 541 568 568 569 569 570 570 571 572 545
546 547 573 574 575 576 576 577 577 578 579 551 552 553 580 580 581 581 582 582 583 583 584 585 585 586 586 587 561 562 588 589 564 590 591 591 592 567 593 593 594 595 596 596 597 597 598 571 599 599
600 601 573 574 575 602 602 603 603 578 579 604 604 605 606 607 607 608 608 609 609 610 611 612 613 614 614 587 615 616 616 589 617 617 618 619 620 621 622 622 623 595 624 624 625 626 626 627 627 628
600 601 629 629 630 630 631 631 632 633 633 634 634 605 606 635 635 636 637 638 639 610 611 612 640 640 641 642 615 643 643 644 645 645 618 619 620 621 646 647 623 648 649 650 650 651 652 653 653 654
655 655 656 656 657 657 658 658 632 659 660 660 661 661 662 662 663 664 637 638 639 665 665 666 666 667 641 642 668 669 670 644 671 672 672 673 673 674 646 647 675 648 676 676 677 678 652 679 679 654
680 680 681 682 683 683 684 685 686 659 687 687 688 689 690 691 691 664 692 692 693 694 695 696 696 697 697 698 698 669 699 700 701 702 703 704 704 674 705 705 706 707 707 708 709 678 710 711 712 713
714 715 681 716 716 717 684 685 686 718 718 719 688 689 690 720 720 721 722 723 693 694 695 724 725 725 726 726 727 727 699 700 701 702 728 728 729 729 730 730 706 731 732 732 709 733 710 711 734 713
714 715 735 736 736 717 737 738 739 739 740 719 741 741 742 743 744 744 722 723 745 745 746 724 747 748 748 749 750 750 751 752 753 754 754 755 755 756 757 757 758 731 759 760 760 733 761 761 734 762
763 764 735 765 765 766 766 738 767 768 769 769 770 770 771 743 772 772 773 773 774 775 775 776 776 777 777 778 779 780 780 752 781 781 782 782 783 784 785 785 758 786 759 787 787 788 789 789 790 790
763 764 791 792 793 794 794 795 767 768 796 797 797 798 771 799 800 801 801 802 774 803 803 804 805 805 806 778 779 807 807 808 809 810 811 811 783 784 812 812 813 813 814 815 815 788 816 816 817 817
818 819 791 792 793 820 820 795 821 822 796 823 824 824 825 799 800 826 826 802 827 827 828 829 829 830 830 831 832 833 833 808 809 810 834 835 836 837 837 838 839 839 814 840 840 841 841 842 842 843
818 819 844 844 845 846 846 847 821 848 848 823 849 850 825 851 851 852 853 854 855 856 856 857 857 858 858 831 832 859 860 860 861 861 834 835 862 863 863 864 864 865 865 866 867 867 868 869 869 843
870 871 871 872 845 873 874 875 876 876 877 877 878 850 879 879 880 852 853 854 855 881 882 882 883 883 884 884 885 886 886 887 888 889 890 890 862 891 892 892 893 894 894 866 895 895 896 896 897 898
899 900 900 901 902 903 874 875 904 905 905 906 878 907 907 908 880 909 910 910 911 912 913 913 914 914 915 915 885 916 917 887 888 918 919 920 920 891 921 921 893 922 923 923 924 924 925 926 897 898
899 927 928 901 929 903 930 931 904 932 932 933 933 934 934 935 935 909 936 937 911 912 938 939 939 940 940 941 942 916 917 943 944 918 919 945 945 946 946 947 948 922 949 949 950 950 925 926 951 952
953 927 954 955 929 956 956 931 957 957 958 959 960 961 961 962 962 963 936 937 964 964 938 965 965 966 967 968 942 969 969 943 944 970 971 971 972 973 973 947 974 975 975 976 976 977 977 978 951 952
953 979 954 980 980 981 981 982 983 983 958 984 960 985 985 986 986 987 988 989 990 990 991 992 993 993 967 968 994 995 996 997 998 970 999 999 1000 1000 1001 1001 974 1002 1002 1003 1004 1004 1005 978 1006 1006
1007 1008 1009 1010 1011 1012 1013 982 1014 1014 1015 984 1016 1017 1017 1018 1019 987 988 989 1020 1020 991 1021 1021 1022 1023 1023 994 995 996 997 998 1024 1025 1025 1026 1026 1027 1028 1029 1029 1030 1031 1031 1032 1005 1033 1034 1034
1035 1008 1009 1036 1011 1012 1037 1037 1038 1039 1015 1040 1040 1041 1041 1018 1019 1042 1043 1044 1044 1045 1045 1046 1047 1048 1048 1049 1050 1051 1052 1052 1053 1053 1054 1054 1055 1056 1056 1028 1057 1057 1030 1058 1058 1032 1059 1033 1060 1061
1035 1062 1063 1036 1064 1065 1065 1066 1038 1039 1067 1067 1068 1068 1069 1070 1070 1042 1043 1071 1072 1073 1073 1046 1047 1074 1074 1049 1050 1051 1075 1076 1077 1078 1079 1079 1055 1080 1081 1081 1082 1083 1084 1084 1085 1085 1059 1086 1060 1087
1088 1062 1063 1089 1064 1090 1091 1066 1092 1092 1093 1094 1094 1095 1069 1096 1096 1097 1097 1071 1098 1099 1100 1100 1101 1102 1103 1104 1105 1106 1106 1076 1077 1078 1107 1108 1109 1110 1111 1111 1082 1083 1112 1113 1113 1114 1114 1086 1115 1087
1088 1116 1116 1089 1117 1090 1091 1118 1118 1119 1093 1120 1120 1095 1121 1121 1122 1122 1123 1123 1098 1124 1124 1125 1101 1102 1126 1104 1105 1127 1127 1128 1128 1129 1107 1108 1109 1110 1130 1130 1131 1131 1112 1132 1133 1133 1134 1134 1115 1135
1136 1136 1137 1138 1117 1139 1140 1141 1141 1119 1142 1143 1143 1144 1144 1145 1146 1146 1147 1147 1148 1149 1150 1150 1151 1152 1126 1153 1154 1154 1155 1155 1156 1157 1157 1158 1159 1159 1160 1161 1162 1163 1164 1165 1166 1167 1168 1168 1169 1169
1170 1171 1137 1138 1172 1139 1140 1173 1174 1175 1142 1176 1176 1177 1178 1145 1179 1179 1180 1181 1148 1149 1182 1182 1151 1183 1184 1153 1185 1185 1186 1187 1188 1189 1190 1191 1191 1192 1160 1161 1162 1163 1164 1165 1193 1167 1194 1195 1195 1196
1170 1171 1197 1198 1172 1199 1200 1173 1174 1175 1201 1202 1202 1177 1178 1203 1203 1204 1180 1181 1205 1205 1206 1207 1207 1183 1184 1208 1209 1209 1186 1210 1188 1189 1211 1211 1212 1212 1213 1213 1214 1215 1216 1217 1193 1218 1194 1219 1220 1220
1221 1221 1197 1222 1222 1199 1200 1223 1223 1224 1225 1226 1226 1227 1227 1228 1229 1204 1230 1231 1231 1232 1233 1233 1234 1235 1235 1208 1236 1237 1237 1210 1238 1238 1239 1240 1240 1241 1242 1243 1243 1215 1216 1217 1244 1245 1245 1219 1246 1246
1247 1248 1248 1249 1250 1250 1251 1251 1252 1252 1225 1253 1253 1254 1255 1228 1256 1257 1257 1258 1258 1232 1259 1260 1234 1261 1262 1262 1263 1263 1264 1264 1265 1265 1239 1266 1266 1241 1267 1268 1268 1269 1270 1270 1244 1271 1272 1273 1274 1275
1276 1277 1278 1279 1279 1280 1280 1281 1281 1282 1282 1283 1283 1254 1255 1284 1256 1285 1285 1286 1286 1287 1259 1260 1288 1289 1289 1290 1290 1291 1292 1292 1293 1293 1294 1294 1295 1295 1267 1296 1297 1269 1298 1298 1299 1299 1272 1273 1274 1300
1276 1277 1278 1301 1302 1302 1303 1303 1304 1305 1306 1307 1308 1309 1309 1284 1310 1311 1312 1312 1313 1287 1314 1314 1288 1315 1316 1316 1317 1291 1318 1319 1320 1320 1321 1322 1322 1323 1324 1324 1297 1325 1325 1326 1327 1327 1328 1328 1329 1300
1330 1331 1331 1301 1332 1332 1333 1333 1304 1305 1306 1307 1308 1334 1334 1335 1310 1311 1336 1336 1313 1337 1337 1338 1338 1315 1339 1339 1317 1340 1318 1319 1341 1341 1342 1342 1343 1323 1344 1345 1345 1346 1346 1326 1347 1347 1348 1348 1329 1349
71 99 76 42 82 68 31 51 79 62 80 38 0 18 73 94 97 83 75 47 3 21 93 7 79 71 97 16 54 10 68 98 35 4 5 23 72 99 3 86 38 32 38 92 79 46 81 96 69 79
45 86 82 11 49 86 60 33 87 87 12 0 30 71 35 65 18 8 57 10 43 67 98 7 96 76 31 30 89 69 56 19 2 31 96 27 56 34 58 46 15 15 65 3 7 51 34 29 1 80
14 4 18 8 99 42 51 89 62 17 81 8 94 36 90 16 8 35 99 22 24 23 51 38 93 80 82 5 34 87 16 16 72 63 5 60 57 82 62 86 79 56 89 81 64 52 42 75 0 95
64 98 80 13 51 55 57 85 91 70 4 19 27 52 3 37 94 80 51 77 19 72 34 23 74 57 45 3 40 13 14 4 22 84 7 74 55 88 2 42 38 77 93 47 36 38 17 36 63 54
94 86 74 62 32 94 71 29 79 36 60 69 88 35 27 49 27 14 23 70 61 16 96 31 60 77 83 3 17 67 42 56 6 38 21 21 48 29 84 44 27 87 90 70 68 11 36 60 28 6
47 32 50 23 87 58 23 63 64 48 19 59 89 39 16 43 18 27 90 82 0 60 5 20 83 8 74 17 82 22 75 58 10 23 58 73 29 18 42 81 57 99 44 70 96 48 96 78 71 33
96 30 12 7 90 95 45 28 74 63 96 91 81 62 59 86 28 68 47 51 44 84 33 67 3 82 62 0 47 12 35 1 92 61 74 38 44 44 55 84 3 3 43 4 34 66 10 2 40 75
71 32 22 20 29 96 76 86 27 19 42 44 57 59 3 47 51 9 22 13 14 3 96 29 91 35 62 20 3 30 1 39 68 29 0 53 68 94 32 47 4 2 39 95 55 15 37 63 35 38
53 57 39 47 0 8 88 22 30 28 45 23 32 54 85 51 79 49 24 90 13 26 5 54 79 90 15 55 76 33 52 17 2 96 1 57 49 68 69 33 88 34 16 98 43 72 42 52 94 84
66 14 84 27 69 4 4 62 0 37 92 43 79 23 17 10 60 40 27 89 16 12 8 79 40 33 67 95 27 91 5 1 67 16 57 11 97 44 36 15 82 82 71 29 87 51 76 18 27 74
2 97 46 29 43 31 60 84 16 36 21 72 41 86 77 51 35 61 78 28 1 93 56 74 91 26 61 12 92 33 68 51 53 57 88 18 49 22 40 94 34 87 27 18 42 74 94 12 33 37
86 83 58 20 98 90 4 49 39 0 35 19 75 13 21 92 23 16 75 25 44 22 58 83 36 74 30 31 75 38 99 44 69 77 77 38 21 19 38 46 10 20 22 4 24 49 41 48 45 95
9 17 92 83 11 3 41 91 0 71 81 7 48 39 46 4 36 94 5 67 91 59 17 4 98 91 9 15 86 66 10 62 96 28 85 0 96 4 16 25 32 75 59 6 55 47 64 43 94 18
78 29 42 36 2 33 41 97 92 17 94 0 16 3 67 83 43 22 38 91 29 5 50 62 35 32 27 94 31 56 24 15 98 54 7 3 22 24 36 64 27 88 92 46 79 62 52 77 33 83
44 8 22 88 82 22 8 7 38 69 98 48 19 50 90 81 46 74 59 89 48 12 95 22 19 42 82 76 72 35 43 20 21 44 19 54 97 80 5 53 72 37 20 47 54 1 43 76 13 12
5 49 16 4 30 19 72 80 33 57 21 82 61 33 33 40 68 13 84 79 93 61 57 88 57 13 2 65 59 99 38 58 78 47 3 47 1 22 77 76 55 71 22 48 31 8 53 37 58 73
3 33 75 27 70 8 10 87 6 56 32 88 54 74 93 18 15 96 27 97 23 41 94 8 25 48 97 70 8 37 17 34 86 50 38 45 60 10 61 92 38 19 71 84 83 33 96 26 63 85
56 91 12 82 70 40 79 98 22 29 83 37 87 64 92 14 11 47 22 77 55 24 9 35 1 91 20 41 65 14 25 87 63 32 19 97 53 27 73 17 50 24 53 76 60 91 46 66 32 44
62 13 23 98 50 41 56 90 84 30 28 23 10 31 86 78 96 6 59 4 29 96 21 50 14 29 76 57 42 6 6 99 86 30 71 93 57 5 73 21 25 63 38 98 64 60 17 17 52 5
36 4 68 56 69 1 16 71 16 49 25 44 81 97 86 39 35 5 45 34 41 24 34 57 61 67 67 26 36 97 99 22 22 39 73 73 25 98 84 44 84 77 58 85 10 11 31 4 35 34
22 35 27 19 85 5 87 13 31 78 70 17 4 71 14 89 9 69 29 21 52 78 80 84 90 1 76 97 89 58 42 75 28 87 28 27 1 6 79 82 82 74 51 24 40 17 82 99 73 4
81 91 74 79 74 66 20 64 10 61 19 48 25 22 47 12 7 95 24 4 0 23 42 62 85 65 10 49 19 14 3 73 62 23 56 9 49 60 85 2 19 95 72 21 54 81 77 87 52 88
35 64 67 16 98 73 17 3 0 73 80 39 29 41 14 93 8 67 40 92 68 91 38 4 18 46 57 35 34 54 93 96 27 51 88 93 42 54 22 12 25 55 99 66 43 19 15 42 44 19
5 29 57 24 34 57 14 98 72 88 66 1 1 5 30 36 53 35 51 47 78 60 64 38 61 72 83 6 18 94 60 42 31 85 85 95 16 26 40 51 71 52 11 82 91 87 86 96 81 3
57 0 8 22 95 5 59 10 11 38 91 60 29 5 66 4 38 39 86 78 80 19 25 0 73 88 76 11 50 5 42 60 61 70 19 39 46 48 83 81 11 56 97 96 66 93 93 72 83 5
19 48 65 65 87 4 41 79 49 6 48 98 83 27 83 49 42 61 36 86 24 5 13 19 24 93 1 96 11 16 50 96 9 49 41 29 23 15 42 23 63 20 62 30 52 87 1 5 7 38
98 3 5 31 19 56 16 62 21 81 7 90 27 81 95 69 46 58 98 63 99 69 46 40 13 54 40 12 62 9 2 12 38 84 99 43 86 75 75 49 7 55 66 83 85 98 81 85 20 57
6 58 18 14 77 18 9 16 87 90 64 55 96 54 80 13 11 90 71 44 42 73 96 45 11 37 16 38 41 38 27 68 75 15 26 38 79 8 13 9 15 0 23 20 13 38 28 31 59 13
13 83 40 83 29 6 33 38 91 75 51 80 84 13 41 50 28 76 65 56 30 6 57 7 87 19 98 78 85 40 63 46 71 95 69 21 68 34 45 19 31 10 22 41 70 94 0 66 26 76
76 25 97 38 26 56 92 44 0 10 13 87 5 75 67 17 67 18 10 87 14 17 75 20 65 49 22 50 79 39 79 63 60 16 99 68 98 54 57 55 99 33 48 32 46 23 5 3 79 39
80 28 68 1 89 99 6 28 94 71 64 82 15 42 84 7 61 60 3 43 33 2 80 3 96 49 50 17 34 38 94 60 12 39 50 81 73 2 86 19 39 11 95 94 25 42 88 59 89 75
66 68 83 42 79 73 80 67 17 43 1 91 70 46 87 17 13 78 12 24 9 26 49 96 77 28 89 43 31 79 60 48 56 5 25 62 72 26 19 59 53 48 56 25 11 55 83 60 28 57
73 7 28 89 79 36 29 29 94 36 78 26 31 33 68 93 34 29 99 92 38 83 7 12 7 3 30 99 20 2 13 33 72 47 35 19 4 12 28 53 9 21 65 11 26 50 33 61 4 70
72 88 30 11 85 49 52 67 87 8 47 47 92 22 81 28 69 91 76 72 24 67 84 66 80 98 12 90 77 9 1 42 61 14 69 27 20 84 44 42 74 83 52 22 16 67 58 5 58 93
13 29 89 39 69 95 94 84 15 78 78 49 62 94 39 49 41 24 10 37 0 25 21 54 33 99 80 79 92 16 68 21 32 2 65 96 68 88 72 83 87 78 43 85 75 79 52 40 3 82
62 14 55 96 61 86 25 77 99 11 98 7 61 37 1 84 40 84 44 25 13 95 54 53 68 76 45 46 23 90 94 23 54 38 47 6 48 25 66 61 48 55 65 58 62 64 43 97 62 1
59 87 28 71 87 41 58 58 94 29 16 91 23 38 18 32 89 93 53 79 39 47 72 30 7 86 20 99 37 17 76 47 92 50 36 21 99 81 88 13 98 22 47 60 3 3 84 80 34 20
48 13 91 83 7 72 13 4 79 63 67 7 52 21 4 40 78 60 55 35 16 4 40 72 22 77 96 6 96 60 55 88 83 20 14 67 7 53 74 46 69 4 97 77 55 80 90 24 13 54
35 18 85 56 64 15 19 46 21 32 14 0 41 48 77 63 62 67 11 13 99 80 1 74 62 93 82 68 77 34 3 79 99 53 2 3 27 93 31 32 48 74 32 74 95 1 82 63 49 91
6 47 26 26 65 52 57 51 72 40 44 51 83 3 54 88 64 16 53 25 45 80 62 91 47 91 55 60 59 79 41 39 36 27 45 54 7 0 80 13 13 67 46 21 45 42 86 51 81 86
37 88 15 65 50 77 76 87 90 84 84 98 18 84 44 33 91 50 7 0 22 66 10 6 45 9 60 80 69 93 99 61 75 83 7 81 64 7 38 78 30 62 93 55 71 56 31 21 65 55
94 46 31 60 76 27 94 92 30 97 0 42 8 97 84 28 75 39 97 23 41 0 40 46 88 60 30 93 69 14 95 62 70 30 63 90 98 71 13 97 67 10 80 99 78 6 87 47 75 2
91 49 89 88 3 40 48 6 85 83 82 76 60 44 55 63 77 6 86 2 58 48 33 97 53 57 51 0 75 73 86 61 37 79 8 22 77 18 15 48 54 68 88 5 14 3 68 0 22 65
8 76 2 6 2 82 75 41 59 45 99 31 2 17 20 50 7 63 20 86 48 94 80 23 23 61 17 5 1 87 20 45 11 40 16 9 57 70 5 1 65 19 53 42 66 24 88 60 79 31
91 79 42 15 87 7 2 92 72 30 12 19 82 94 14 15 33 22 43 60 88 71 95 28 45 55 53 63 75 54 23 51 13 50 81 76 70 11 77 97 70 50 26 81 27 61 91 65 36 2
77 68 83 11 0 95 17 46 99 7 51 39 17 57 76 58 78 99 50 29 24 19 57 92 14 92 77 14 71 96 1 37 53 5 91 36 56 4 85 58 23 22 88 94 77 7 10 81 42 58
81 16 11 98 70 0 84 56 15 88 7 17 46 65 34 75 78 67 17 9 93 93 64 48 75 81 84 15 93 14 57 42 97 8 30 98 74 63 19 97 97 93 11 97 40 79 58 13 45 67
37 37 34 39 58 35 41 23 20 4 16 56 23 24 10 28 60 61 73 96 35 96 72 84 78 92 86 5 98 31 30 46 20 54 60 76 19 22 46 58 87 10 74 83 25 67 96 45 92 25
70 2 2 73 29 62 58 3 85 27 83 52 3 54 21 29 58 25 90 64 37 47 84 73 38 94 96 90 30 16 2 80 71 30 34 61 70 98 30 69 66 98 11 7 90 97 49 46 90 73
82 25 49 14 12 64 82 81 46 43 74 66 56 24 39 18 94 97 69 94 67 52 33 83 90 68 45 78 48 54 2 23 37 56 40 6 95 61 2 48 26 87 86 80 69 52 36 72 55 86
