40 24
0 0 1 2 2 3 4 4 5 5 6 6 7 7 8 9 9 10 11 11 12 13 13 14 15 16 17 18 19 19 20 20 21 21 22 22 23 24 25 26 26 27 28 28 29 30 30 31 31 32
33 33 34 35 36 37 38 39 39 40 41 42 43 44 8 45 46 10 47 48 49 50 50 14 51 16 17 18 52 53 54 55 55 56 57 57 23 24 25 58 58 27 59 60 29 61 62 63 63 32
64 65 34 35 66 37 38 67 68 40 41 42 43 44 69 45 46 70 47 48 49 71 72 73 51 74 74 75 52 53 54 76 77 77 78 78 79 79 80 81 82 82 59 60 83 61 62 84 85 85
86 65 87 87 66 88 89 89 68 90 90 91 92 92 69 93 93 70 94 94 95 96 72 97 98 99 99 100 100 101 101 76 102 102 103 104 105 106 80 81 107 107 108 109 83 110 110 111 111 112
86 113 113 114 115 88 116 117 117 118 119 119 120 121 121 122 123 123 124 124 95 96 125 97 98 126 127 128 129 129 130 130 131 131 103 104 105 132 132 133 133 134 108 109 135 136 136 137 137 112
138 139 139 114 140 141 116 142 142 143 143 144 120 145 146 122 147 147 148 148 149 149 125 150 151 126 127 128 152 153 154 155 155 156 157 158 159 160 160 161 161 134 162 163 135 164 164 165 165 166
138 167 167 168 140 141 169 170 170 171 172 144 173 145 146 174 175 175 176 176 177 177 178 178 151 179 179 180 152 153 181 181 182 182 157 158 159 183 184 184 185 185 162 163 186 186 187 188 188 166
189 190 191 191 192 192 169 193 193 171 172 194 194 195 196 197 198 199 200 200 201 201 202 202 203 204 204 180 205 206 207 208 208 209 209 210 210 183 211 211 212 213 213 214 215 215 216 217 218 219
189 190 220 220 221 222 222 223 223 224 225 225 226 195 196 197 198 199 227 227 228 229 229 230 203 231 232 232 205 206 207 233 234 234 235 236 236 237 238 238 212 239 240 214 241 242 216 217 218 243
244 245 246 247 221 248 248 249 250 250 251 252 252 253 254 254 255 255 256 257 257 258 258 259 260 261 262 263 264 264 265 265 266 267 235 268 269 269 270 270 271 271 240 272 273 242 274 274 275 243
244 245 246 276 276 277 277 249 278 278 251 279 279 253 280 280 281 282 256 283 283 284 284 259 260 261 262 285 285 286 287 287 266 267 288 268 289 290 291 292 292 293 294 272 273 295 296 296 297 297
298 298 299 300 301 301 302 303 304 305 306 307 308 309 310 311 312 282 313 314 315 316 317 318 319 320 321 322 323 286 324 325 325 326 327 327 328 290 291 329 330 330 294 331 332 333 333 334 334 335
336 337 299 338 339 340 340 303 341 305 306 307 342 309 310 343 312 344 345 314 315 346 317 347 319 348 321 322 323 349 349 350 350 326 351 351 328 352 353 353 354 354 355 331 332 356 356 357 357 335
358 337 359 338 339 360 361 361 341 362 362 363 342 364 365 343 366 344 345 367 368 346 369 347 370 348 371 371 372 373 373 374 374 375 376 376 377 352 378 378 379 380 355 381 382 382 383 384 385 385
358 386 387 387 388 360 389 389 390 391 392 392 393 364 365 394 366 395 396 367 368 397 369 398 370 399 400 400 372 401 401 402 402 403 404 405 377 406 407 408 379 380 409 409 410 410 383 411 411 412
413 414 415 416 416 417 417 418 390 391 419 420 420 421 421 394 422 423 396 424 424 397 425 426 426 427 427 428 428 429 430 431 431 403 404 405 432 406 407 408 433 433 434 435 436 436 437 437 438 412
439 414 440 440 441 442 443 418 444 444 445 446 447 447 448 448 422 423 449 449 450 451 425 452 452 453 453 454 455 429 456 456 457 458 459 460 432 461 462 462 463 463 434 464 465 466 466 467 438 468
439 469 469 470 441 442 443 471 472 472 445 446 473 473 474 474 475 475 476 477 450 451 478 478 479 480 480 454 455 481 481 482 457 458 459 460 483 461 484 485 486 486 487 464 488 489 489 467 490 468
491 491 492 492 493 493 494 495 496 496 497 498 498 499 499 500 501 502 476 503 503 504 504 505 479 506 506 507 508 509 510 510 511 512 513 514 483 515 484 485 516 516 487 517 488 518 519 520 520 521
522 523 524 524 525 526 494 495 527 528 497 529 529 530 530 500 501 502 531 531 532 532 533 505 534 535 535 507 508 509 536 537 537 512 513 514 538 538 539 540 540 541 541 542 542 518 543 544 545 546
522 523 547 547 525 526 548 548 549 528 550 551 552 553 554 554 555 556 556 557 557 558 533 559 559 560 560 561 562 562 536 563 563 564 565 565 566 566 539 567 567 568 568 569 569 570 543 544 571 546
572 573 573 574 575 575 576 576 549 577 577 551 552 553 578 578 555 579 580 581 581 558 582 583 584 585 586 586 587 588 589 589 590 564 591 592 593 594 594 595 596 596 597 598 598 570 599 600 571 601
602 603 604 604 605 606 607 608 609 609 610 610 611 611 612 613 614 579 580 615 615 616 582 583 584 585 617 618 587 619 620 621 621 622 622 592 593 623 623 595 624 625 625 626 626 627 599 628 628 601
602 603 629 629 605 606 607 608 630 631 632 632 633 634 612 613 635 635 636 636 637 637 638 639 639 640 617 641 641 619 620 642 643 644 645 646 646 647 647 648 624 649 649 650 651 627 652 652 653 654
655 656 656 657 658 658 659 660 630 631 661 661 633 634 662 663 664 665 665 666 667 667 638 668 668 669 669 670 671 672 673 673 643 644 645 674 674 675 676 677 677 678 679 650 651 680 681 681 653 654
655 682 683 684 685 686 659 660 687 687 688 688 689 690 662 663 691 691 692 692 693 694 695 696 696 697 697 670 671 672 698 698 699 700 701 702 702 675 676 703 703 678 679 704 704 705 705 706 706 707
708 682 683 684 709 686 710 710 711 711 712 713 689 690 714 715 715 716 717 718 718 694 695 719 720 720 721 721 722 722 723 723 699 700 701 724 725 725 726 727 727 728 729 729 730 730 731 732 732 707
733 733 734 735 709 736 737 738 738 739 740 713 741 741 714 742 742 716 717 743 743 744 744 719 745 746 746 747 747 748 749 749 750 751 751 752 752 753 754 755 756 728 757 758 759 759 731 760 760 761
762 762 734 735 763 736 737 764 765 739 740 766 767 767 768 769 769 770 770 771 772 772 773 773 745 774 774 775 776 777 777 778 778 779 779 780 781 781 754 755 756 782 757 758 783 784 785 785 786 761
787 788 789 790 763 791 792 764 765 793 793 766 794 795 795 796 796 797 797 771 798 799 800 801 801 802 803 803 776 804 804 805 806 807 807 808 809 809 810 811 812 813 813 814 783 784 815 816 816 817
818 788 789 819 819 820 792 821 821 822 822 823 823 824 825 825 826 826 827 827 798 828 800 829 829 802 830 830 831 831 832 832 806 833 834 808 835 835 810 811 812 836 837 838 839 840 840 841 841 817
818 842 842 843 843 820 844 845 846 846 847 848 849 849 850 850 851 851 852 853 854 828 855 855 856 857 858 859 859 860 860 861 862 833 834 863 864 865 865 866 866 836 837 838 839 867 868 869 869 870
871 872 873 874 874 875 844 876 876 877 847 878 878 879 880 880 881 881 852 853 854 882 882 883 856 884 858 885 885 886 886 861 862 887 888 888 864 889 890 890 891 891 892 892 893 867 868 894 894 870
871 872 895 896 896 875 897 898 898 877 899 899 900 900 901 902 903 904 905 906 907 907 908 908 909 884 910 910 911 911 912 912 913 913 914 915 915 889 916 917 917 918 919 919 893 920 920 921 921 922
923 923 895 924 925 925 897 926 927 928 928 929 929 930 931 902 903 904 905 906 932 933 934 935 935 936 937 937 938 939 940 941 942 943 943 944 945 946 916 947 947 948 949 950 951 951 952 953 953 954
955 956 956 924 957 957 958 926 927 959 960 961 961 930 931 962 963 963 964 964 932 933 934 965 965 936 966 966 938 939 940 941 967 967 968 968 945 969 970 971 971 948 972 950 973 973 952 974 975 954
955 976 977 977 978 979 958 980 980 959 981 982 983 983 984 984 985 985 986 987 987 988 988 989 989 990 990 991 992 993 993 994 994 995 996 996 997 969 970 998 998 999 972 1000 1000 1001 1001 1002 975 1003
1004 976 1005 1005 978 979 1006 1007 1007 1008 981 982 1009 1009 1010 1011 1012 1012 1013 1013 1014 1015 1016 1017 1017 1018 1019 991 1020 1021 1022 1022 1023 995 1024 1025 997 1026 1026 1027 1027 999 1028 1028 1029 1030 1030 1002 1031 1031
1004 1032 1033 1033 1034 1034 1006 1035 1036 1037 1037 1038 1039 1039 1010 1011 1040 1041 1042 1042 1043 1015 1044 1044 1045 1045 1019 1046 1020 1047 1047 1048 1023 1049 1049 1025 1050 1050 1051 1051 1052 1052 1053 1054 1029 1055 1056 1056 1057 1058
1059 1032 1060 1061 1062 1063 1064 1035 1036 1065 1066 1038 1067 1067 1068 1069 1069 1041 1070 1071 1043 1072 1072 1073 1073 1074 1075 1076 1076 1077 1077 1048 1078 1078 1079 1080 1080 1081 1082 1083 1083 1084 1053 1054 1085 1085 1086 1086 1057 1058
1059 1087 1060 1088 1062 1063 1064 1089 1089 1065 1066 1090 1090 1091 1092 1093 1093 1094 1070 1095 1096 1096 1097 1098 1099 1074 1075 1100 1101 1101 1102 1103 1104 1105 1105 1106 1106 1081 1082 1107 1107 1084 1108 1108 1109 1110 1110 1111 1111 1112
1113 1087 1114 1088 1115 1116 1116 1117 1118 1118 1119 1120 1121 1091 1092 1122 1122 1123 1123 1095 1124 1125 1125 1098 1099 1126 1127 1127 1128 1129 1102 1103 1104 1130 1131 1132 1132 1133 1134 1134 1135 1136 1136 1137 1137 1138 1139 1139 1140 1140
1113 1141 1114 1142 1115 1143 1143 1117 1144 1144 1119 1120 1121 1145 1146 1146 1147 1148 1148 1149 1149 1150 1151 1151 1152 1126 1153 1153 1128 1129 1154 1154 1155 1130 1156 1156 1157 1133 1158 1159 1159 1160 1160 1161 1162 1138 1163 1163 1164 1165
1166 1167 1167 1142 1168 1168 1169 1169 1170 1171 1172 1172 1173 1173 1174 1175 1176 1176 1177 1178 1178 1150 1179 1180 1152 1181 1182 1183 1184 1184 1185 1185 1155 1186 1187 1188 1157 1189 1189 1190 1191 1192 1192 1161 1193 1193 1194 1194 1164 1165
1195 1196 1197 1198 1199 1200 1201 1201 1170 1171 1202 1202 1203 1204 1204 1175 1205 1206 1206 1207 1208 1208 1179 1209 1210 1181 1182 1183 1211 1211 1212 1213 1213 1186 1187 1188 1214 1215 1215 1190 1191 1216 1217 1218 1219 1220 1221 1222 1222 1223
1195 1196 1224 1198 1199 1200 1225 1225 1226 1226 1227 1227 1203 1228 1229 1230 1231 1232 1232 1233 1234 1235 1236 1209 1237 1238 1239 1240 1241 1241 1212 1242 1243 1244 1245 1245 1214 1246 1247 1247 1248 1216 1217 1218 1219 1220 1249 1249 1250 1250
1251 1252 1224 1253 1254 1254 1255 1255 1256 1256 1257 1257 1258 1258 1229 1230 1231 1259 1259 1233 1234 1235 1260 1260 1237 1238 1239 1261 1262 1262 1263 1242 1243 1264 1265 1265 1266 1266 1267 1267 1248 1268 1269 1270 1270 1271 1272 1272 1273 1274
1251 1275 1275 1253 1276 1277 1278 1279 1279 1280 1280 1281 1282 1283 1284 1285 1285 1286 1287 1288 1289 1289 1290 1291 1292 1292 1293 1261 1294 1294 1263 1295 1295 1264 1296 1296 1297 1297 1298 1298 1299 1268 1269 1300 1301 1271 1302 1303 1273 1274
1304 1305 1305 1306 1307 1277 1278 1308 1309 1310 1310 1281 1282 1311 1284 1312 1313 1286 1287 1288 1314 1315 1290 1291 1316 1316 1293 1317 1317 1318 1319 1320 1321 1321 1322 1323 1323 1324 1324 1325 1326 1327 1328 1329 1301 1330 1330 1303 1331 1331
1304 1332 1332 1306 1307 1333 1334 1334 1309 1335 1335 1336 1336 1311 1337 1337 1313 1338 1339 1339 1314 1315 1340 1340 1341 1341 1342 1343 1343 1318 1319 1344 1344 1345 1345 1346 1346 1347 1347 1325 1326 1327 1328 1329 1348 1348 1349 1349 1350 1350
4 16 19 65 16 40 63 43 82 90 93 55 66 89 94 16 78 36 98 25 67 62 64 28 8 91 85 24 69 15 3 2 94 53 16 60 28 86 79 55 51 45 15 34 1 87 65 43 36 27
84 25 62 61 36 19 8 87 80 84 63 65 97 54 82 66 32 98 94 75 23 40 28 28 42 67 82 2 95 61 45 49 18 38 22 63 28 92 85 43 59 13 56 64 0 91 78 91 53 6
50 79 34 41 42 13 87 6 55 15 6 23 7 15 97 63 47 57 88 72 9 82 9 30 75 11 16 63 25 1 88 22 4 68 44 72 77 16 3 98 71 58 75 41 15 10 32 42 54 21
77 46 47 66 51 37 68 98 76 35 21 59 70 78 4 64 25 56 68 6 23 71 30 73 28 21 47 4 75 26 51 54 7 80 13 84 24 38 25 16 15 44 23 4 75 55 27 59 61 90
57 48 78 6 10 86 60 50 96 53 99 49 87 67 52 33 93 25 31 45 63 67 97 4 56 25 16 32 84 19 45 46 27 80 36 91 90 27 94 16 15 32 99 52 97 16 71 30 64 89
81 14 51 70 43 67 95 67 28 6 38 97 0 44 29 46 66 57 31 49 78 64 93 71 53 12 24 78 1 50 93 97 15 16 57 37 20 59 75 74 73 54 32 22 97 33 17 25 90 62
74 60 61 29 52 39 13 18 45 30 30 87 55 12 38 99 89 51 76 26 11 20 17 56 64 56 12 29 44 65 69 87 58 46 53 33 4 43 54 42 68 88 11 12 6 91 74 98 17 17
46 71 76 46 42 87 13 91 80 85 1 67 88 18 15 86 68 9 75 91 49 23 46 81 5 24 13 72 39 13 85 55 87 25 63 81 37 10 72 67 91 93 53 14 98 33 6 41 93 36
42 67 55 5 27 3 11 35 48 94 45 45 47 36 60 18 66 13 88 4 8 65 75 78 5 92 63 45 57 42 79 39 63 27 34 67 0 71 79 27 26 56 23 90 21 10 74 83 17 31
82 71 72 10 85 10 79 33 14 17 4 31 12 68 60 31 75 64 65 88 10 8 63 24 14 98 33 64 0 74 72 69 86 28 90 54 47 40 37 3 71 18 11 21 4 11 7 59 72 13
41 79 38 8 52 26 84 11 39 89 21 6 89 50 85 35 58 68 11 29 67 4 54 44 62 32 23 3 37 0 7 12 77 79 43 12 34 14 42 19 46 31 57 84 30 82 65 96 59 54
13 33 90 74 82 30 8 91 23 50 69 21 95 95 55 3 33 4 1 98 57 73 78 61 57 21 16 10 40 18 19 31 70 92 93 23 31 57 81 23 60 91 79 7 18 35 83 10 46 24
97 48 74 47 91 64 99 1 30 27 30 63 3 53 33 80 77 91 75 58 86 43 99 41 52 1 4 36 62 80 10 97 75 91 56 6 68 78 29 41 70 82 90 68 45 81 8 35 11 17
12 11 92 99 50 43 8 79 0 67 40 74 35 94 48 70 34 68 69 66 30 21 10 23 33 93 77 19 84 10 42 6 12 22 75 61 62 62 4 1 16 85 55 73 86 35 87 89 70 95
21 7 56 3 41 51 38 8 81 74 81 11 4 53 50 48 57 66 88 50 68 37 41 16 45 12 8 15 55 65 15 1 93 82 52 61 40 86 83 34 15 86 63 91 37 53 30 95 59 43
27 50 94 96 68 10 93 31 14 59 93 70 85 75 18 91 84 37 36 60 46 85 18 67 57 28 37 18 15 84 34 9 61 89 17 48 81 18 45 11 88 71 98 19 1 73 25 55 22 3
63 50 67 32 26 96 5 29 4 25 23 12 15 37 49 45 90 37 62 92 71 43 87 12 27 66 77 4 16 2 2 30 2 51 37 26 27 29 15 11 88 68 34 38 29 34 59 99 72 99
20 60 74 65 14 84 40 68 66 54 54 51 84 10 44 4 52 45 8 88 63 44 36 88 46 0 83 11 2 73 82 26 67 82 5 98 24 60 51 86 26 63 98 79 92 33 96 13 34 39
25 1 51 87 29 45 90 20 93 80 19 76 95 68 76 43 9 35 47 14 98 38 96 89 9 93 89 39 46 71 82 78 13 73 76 82 55 45 67 98 64 16 72 31 95 20 92 12 28 83
86 48 84 46 90 38 52 84 60 99 30 63 13 52 26 71 32 89 42 52 85 0 99 5 30 41 21 74 65 79 72 29 68 25 69 51 5 34 86 48 49 61 42 2 16 40 64 73 67 72
49 11 4 82 32 21 3 98 35 10 99 81 25 64 18 77 75 10 54 12 38 12 21 42 15 73 57 62 46 18 13 40 4 53 5 25 82 0 8 35 32 28 83 69 33 20 9 33 59 6
83 39 47 6 22 31 16 37 52 44 10 98 63 34 88 92 39 37 61 54 55 0 34 54 13 52 68 16 2 71 90 83 89 32 32 28 41 20 6 0 5 58 27 60 56 5 35 82 68 36
9 20 43 27 18 18 90 70 31 47 64 99 2 63 95 54 15 69 72 98 36 37 82 56 42 4 98 99 13 26 79 4 18 73 97 13 5 32 58 8 74 78 69 13 24 10 58 32 14 54
42 33 57 71 63 16 22 43 48 52 62 34 39 91 15 18 24 61 29 93 1 3 72 31 82 42 63 17 21 25 41 91 70 22 74 68 1 23 70 61 12 24 57 52 42 26 42 77 63 92
80 47 25 92 88 42 77 9 65 99 28 0 29 15 54 74 3 37 21 90 37 30 59 9 82 9 76 65 47 96 48 56 33 47 71 51 17 9 94 7 77 12 49 15 74 0 84 98 2 58
4 7 61 4 19 28 63 65 13 2 41 82 34 46 18 55 47 34 83 85 19 50 49 69 34 49 82 3 57 71 19 11 45 19 0 70 71 76 88 69 56 60 57 54 28 51 59 92 84 12
89 79 58 59 47 80 24 89 32 55 80 98 56 18 92 47 81 96 70 85 0 49 61 33 79 91 69 84 49 20 78 98 9 56 42 95 66 63 64 23 46 37 37 69 91 31 50 66 78 43
78 45 16 65 52 74 71 81 5 80 62 44 91 79 55 18 99 42 54 42 80 0 24 84 65 71 11 35 94 63 13 60 99 36 56 37 12 46 59 42 78 87 41 47 89 21 39 29 79 92
79 58 72 6 89 54 45 14 43 57 24 72 49 51 93 6 96 86 63 55 29 32 96 80 47 43 40 42 66 98 67 26 56 70 21 14 90 62 86 0 90 80 42 13 16 55 7 52 25 30
46 8 62 78 82 3 84 40 51 31 27 24 3 36 14 63 34 36 60 25 49 92 31 79 26 20 25 40 35 40 36 9 89 40 2 36 96 97 95 50 59 84 74 62 1 87 72 21 93 59
9 50 70 91 73 74 33 8 68 30 46 96 4 93 95 49 37 68 33 14 61 57 34 91 28 29 59 47 44 65 7 78 98 68 73 31 1 15 58 31 27 53 51 28 36 53 72 25 60 0
80 90 47 0 56 95 87 5 32 86 90 22 50 83 70 35 74 58 97 69 74 71 98 48 58 36 53 61 9 52 77 7 38 16 38 31 70 15 78 90 82 72 84 83 37 46 4 63 62 78
82 45 39 67 50 35 44 52 21 12 82 78 68 4 63 99 4 18 85 13 56 34 63 22 75 83 65 34 28 70 16 11 30 99 66 71 54 34 9 19 99 38 96 65 88 72 27 18 24 77
18 39 6 79 44 55 14 29 54 68 29 78 48 25 72 76 55 54 20 29 87 3 97 69 28 11 6 97 43 96 9 62 80 66 45 19 59 6 66 99 94 77 0 88 84 21 3 52 43 14
2 59 64 49 52 81 50 85 66 55 6 52 60 43 48 51 21 89 11 95 49 0 2 75 76 30 9 66 54 86 29 80 83 1 25 3 63 34 55 57 60 56 6 80 13 30 63 1 62 79
23 29 44 74 65 44 1 3 88 48 12 57 82 66 44 70 11 45 88 0 16 85 55 75 36 17 17 36 51 18 62 2 17 50 1 18 38 84 71 49 57 43 15 33 39 98 28 45 35 74
17 72 52 68 3 4 79 67 83 10 11 21 88 14 83 78 68 29 48 71 24 29 44 87 90 8 90 60 26 41 3 67 50 91 61 83 27 71 11 3 82 17 65 77 70 65 18 0 51 89
9 36 48 95 94 29 6 97 34 41 80 19 1 59 67 2 11 6 52 28 67 32 8 53 4 1 48 64 87 87 74 76 5 30 51 92 84 29 36 59 93 44 17 98 33 98 83 97 25 72
78 16 64 72 4 11 12 61 36 76 45 15 6 61 44 41 54 14 60 66 24 96 64 86 6 86 37 23 6 20 9 18 43 93 80 49 53 80 92 66 43 30 69 39 46 77 48 56 71 48
70 69 96 1 45 39 90 21 8 84 30 70 69 39 28 67 20 41 81 11 58 25 64 56 98 72 49 91 93 41 69 29 98 25 51 19 52 72 51 9 72 75 22 7 59 26 98 55 62 22
4 51 66 98 92 86 32 98 85 98 21 41 97 12 66 73 24 69 83 52 79 97 94 8 34 50 2 90 59 20 69 84 63 33 46 56 17 10 70 2 11 56 6 95 53 43 6 12 25 77
3 9 42 97 53 98 18 91 31 70 20 4 88 87 76 65 57 82 19 87 74 73 1 32 29 18 68 30 94 18 95 12 5 39 19 89 46 16 29 96 30 18 98 6 38 35 18 73 1 73
88 97 43 6 90 7 27 48 5 30 51 69 51 53 66 81 1 6 55 11 22 72 18 51 90 28 34 56 77 52 23 99 14 30 42 26 56 62 99 43 10 7 39 3 29 79 81 71 72 63
48 6 99 84 42 44 28 9 29 25 78 71 54 6 59 4 97 30 84 11 7 28 98 62 80 29 66 4 15 41 54 19 81 35 56 22 39 1 26 74 77 44 23 94 87 75 18 55 54 61
14 12 70 51 53 49 10 10 27 86 2 52 71 84 26 28 75 55 60 58 62 67 60 28 81 71 71 5 46 76 14 81 36 92 69 2 7 91 82 13 70 58 6 16 89 95 12 63 38 20
10 63 47 88 26 28 28 98 31 45 67 45 85 0 36 13 41 12 39 34 78 81 68 55 15 64 6 56 94 93 59 74 18 90 35 48 41 40 42 64 77 41 2 54 22 45 40 21 57 15
67 46 39 34 66 41 4 50 5 96 1 69 47 59 20 28 3 80 27 68 17 12 77 97 72 66 69 42 29 70 98 69 37 58 74 98 37 59 18 19 82 69 59 18 32 51 75 68 8 69
87 13 45 29 53 85 43 64 22 56 44 1 27 8 43 12 47 20 21 68 42 79 93 82 50 34 70 74 75 30 68 98 47 71 79 0 52 77 34 77 37 73 2 52 97 76 16 86 9 16
26 63 39 12 8 84 39 92 86 21 88 73 38 77 91 5 80 66 27 31 26 75 80 81 99 54 18 92 79 7 96 44 26 13 25 96 15 42 93 94 8 46 27 30 2 98 24 10 93 22
69 88 14 50 70 33 33 13 49 36 74 59 80 39 45 49 3 57 28 89 82 88 5 17 47 73 35 33 55 84 87 16 47 75 57 37 93 70 10 97 52 77 89 83 71 93 10 59 87 87
