48 19
0 1 1 2 3 4 4 5 5 6 7 7 8 9 10 11 12 12 13 13 14 14 15 16 17 18 18 19 19 20 21 21 22 22 23 24 24 25 25 26 27 27 28 29 29 30 31 32 32 33
0 34 34 2 3 35 36 37 37 6 38 38 39 9 10 11 40 41 42 43 44 45 15 16 17 46 46 47 48 48 49 50 50 51 52 53 54 54 55 55 56 56 57 58 58 30 31 59 60 33
61 62 63 63 64 35 65 66 67 67 68 68 39 69 70 71 40 41 42 43 72 45 73 73 74 74 75 76 76 77 78 79 79 51 52 53 80 81 82 82 83 84 57 85 85 86 86 59 87 87
61 88 88 89 89 90 65 66 91 92 93 94 94 69 95 71 96 96 97 97 72 98 99 99 100 100 75 101 101 77 78 102 102 103 103 104 80 105 106 106 83 84 107 108 109 109 110 111 112 113
114 114 115 116 117 118 118 119 120 92 121 121 122 123 95 124 125 125 126 127 128 129 130 131 131 132 132 133 134 135 136 136 137 138 139 140 141 105 142 142 143 144 107 108 145 145 146 111 112 113
147 147 115 116 117 148 149 149 120 150 151 152 122 123 153 124 154 155 155 127 128 129 156 156 157 158 159 133 134 135 160 160 137 161 139 140 141 162 162 163 143 164 165 165 166 166 146 167 167 168
169 169 170 170 171 172 172 173 174 175 151 152 176 177 153 178 154 179 179 180 181 181 182 183 184 158 159 185 185 186 186 187 188 161 189 190 190 191 192 163 193 164 194 194 195 195 196 197 197 168
198 199 200 201 202 202 203 173 174 175 204 204 176 205 206 178 207 208 209 180 210 210 211 183 184 212 212 213 214 215 215 187 188 216 216 217 218 191 219 219 220 221 221 222 222 223 224 225 226 226
198 199 200 201 227 227 203 228 229 229 230 230 231 205 232 233 207 208 209 234 235 236 211 237 238 239 240 213 241 241 242 243 243 244 245 246 218 247 248 248 220 249 249 250 250 223 224 251 252 252
253 254 255 256 257 258 259 228 260 261 261 262 262 263 232 233 264 265 266 234 235 236 267 267 238 239 240 268 268 269 270 271 271 272 245 246 273 247 274 274 275 276 276 277 277 278 279 251 280 280
281 254 255 256 257 258 282 283 260 284 285 286 286 287 287 288 264 265 266 289 289 290 290 291 291 292 293 293 294 295 270 296 296 272 297 297 298 298 299 299 300 300 301 301 302 278 279 303 303 304
281 305 306 306 307 307 282 308 308 284 285 309 309 310 311 288 312 312 313 314 314 315 316 317 317 292 318 318 294 295 319 320 321 321 322 322 323 323 324 325 325 326 326 327 327 328 329 330 331 332
333 305 334 335 335 336 337 338 338 339 339 340 340 310 311 341 342 343 313 344 344 315 345 346 347 347 348 349 350 350 319 320 351 352 352 353 353 354 355 355 356 357 357 358 358 359 329 330 331 332
333 360 334 361 362 336 337 363 363 364 364 365 365 366 366 367 342 368 368 369 370 370 345 371 371 372 372 349 373 374 374 375 376 376 377 377 378 379 379 380 381 382 383 384 384 359 385 385 386 386
387 388 388 361 362 389 390 390 391 391 392 392 393 394 394 367 395 396 397 369 398 399 399 400 400 401 402 402 373 403 404 405 406 407 407 408 409 409 410 380 381 382 383 411 411 412 412 413 414 415
416 416 417 418 418 389 419 419 420 420 421 421 422 422 423 424 395 396 425 425 398 426 427 427 428 428 429 430 431 431 404 405 432 432 433 408 434 434 410 435 436 437 437 438 439 440 440 413 414 415
441 441 417 442 443 443 444 444 445 445 446 447 447 448 423 424 449 450 450 451 452 452 453 454 454 455 429 430 456 457 458 459 460 460 433 461 462 463 463 435 436 464 464 438 465 466 466 467 468 469
470 470 471 471 472 473 474 474 475 476 477 477 478 479 479 480 449 481 481 482 482 483 453 484 485 485 486 486 456 487 458 459 488 489 489 461 462 490 490 491 492 493 494 495 465 496 497 467 468 498
499 500 501 502 502 473 503 503 475 476 504 504 505 506 507 508 509 509 510 510 511 511 512 484 513 513 514 514 515 487 516 516 517 517 518 518 519 520 520 521 492 493 494 522 522 496 497 523 523 498
499 500 524 524 525 526 526 527 528 529 530 530 505 506 507 508 531 531 532 532 533 533 512 534 535 535 536 536 515 537 537 538 539 540 540 541 519 542 542 521 543 544 545 546 547 548 548 549 550 550
551 552 553 554 525 555 556 556 528 557 557 558 558 559 559 560 560 561 561 562 563 564 564 565 566 567 568 569 569 570 571 538 539 572 573 573 574 575 576 577 577 544 545 578 547 579 580 580 581 581
551 552 553 554 582 583 583 584 585 585 586 586 587 588 588 589 590 591 592 592 563 593 593 565 566 567 568 594 594 570 571 595 596 572 597 598 599 575 600 600 601 602 603 578 604 579 605 605 606 607
608 608 609 609 582 610 610 611 611 612 613 614 615 615 616 589 590 591 617 618 618 619 619 620 621 622 622 623 624 625 625 595 596 626 597 627 599 628 628 629 601 602 630 631 604 632 633 634 606 635
636 636 637 638 638 639 639 640 641 641 613 614 642 643 643 644 645 645 617 646 647 648 649 620 650 650 651 623 652 652 653 654 655 626 656 627 657 658 658 629 659 660 630 661 661 632 633 634 662 635
663 663 637 664 665 665 666 667 668 668 669 670 642 671 672 673 674 675 676 677 647 648 649 678 679 680 651 681 682 682 653 654 655 683 683 684 657 685 686 686 659 660 687 687 688 689 690 690 662 691
692 692 693 664 694 695 666 667 696 697 697 670 698 698 672 673 674 675 676 677 699 699 700 678 679 680 701 702 702 703 703 704 705 705 706 684 707 708 709 710 711 712 712 713 713 689 714 715 716 691
717 718 719 719 720 695 721 721 696 722 722 723 724 724 725 726 727 728 729 730 730 731 731 732 732 733 701 734 734 735 736 737 737 738 706 739 707 708 709 710 711 740 741 741 742 742 714 715 743 743
717 744 744 745 720 746 746 747 748 749 749 750 751 751 725 726 727 752 729 753 753 754 755 755 756 756 757 758 758 735 736 759 759 760 760 761 762 763 763 764 764 740 765 765 766 767 768 768 769 769
770 770 771 745 772 773 773 747 774 775 776 750 777 778 778 779 780 752 781 782 783 783 784 785 786 787 787 788 789 790 790 791 792 792 793 761 762 794 794 795 796 797 797 798 766 767 799 800 800 801
802 802 803 803 772 804 804 805 774 775 806 806 777 807 807 779 780 808 809 782 810 811 811 785 786 812 813 813 789 814 814 791 815 816 816 817 817 818 818 795 796 819 820 798 821 821 799 822 822 801
823 824 824 825 825 826 827 827 828 829 830 831 832 832 833 833 834 808 809 835 836 836 837 837 838 839 839 840 840 841 841 842 843 843 844 845 845 846 846 847 848 848 820 849 849 850 850 851 852 852
853 853 854 854 855 826 856 856 828 829 830 831 857 858 859 859 834 860 861 835 862 862 863 863 838 864 865 866 866 867 867 842 868 869 844 870 871 871 872 872 873 874 874 875 876 876 877 851 878 879
880 881 881 882 883 884 885 886 887 888 888 889 857 858 890 891 891 860 892 892 893 893 894 894 895 864 865 896 897 898 898 899 868 869 900 901 901 902 902 903 903 904 905 905 906 907 908 908 878 879
909 909 910 910 883 884 885 886 887 911 912 913 914 914 890 915 915 916 917 918 919 919 920 920 895 921 922 896 897 923 924 925 926 927 928 928 929 929 930 930 931 931 932 933 933 907 934 934 935 935
936 936 937 938 938 939 939 940 940 911 912 913 941 941 942 942 943 916 944 918 945 946 947 948 948 949 922 950 951 951 924 925 952 927 953 953 954 954 955 955 956 957 958 958 959 959 960 960 961 961
962 962 963 963 964 964 965 965 966 966 967 968 968 969 970 970 971 971 944 972 972 946 947 973 973 949 974 950 975 976 976 977 952 978 979 980 981 981 982 982 956 983 983 984 985 986 986 987 988 988
989 990 990 991 992 993 994 995 995 996 967 997 998 998 999 999 1000 1000 1001 1002 1002 1003 1004 1005 1006 1006 1007 1008 975 1009 1009 1010 1010 978 1011 980 1012 1012 1013 1013 1014 1014 1015 984 985 1016 1017 1017 1018 1018
989 1019 1020 1021 992 993 994 1022 1022 996 1023 997 1024 1025 1026 1027 1028 1029 1001 1030 1031 1003 1004 1032 1033 1033 1007 1034 1035 1035 1036 1037 1037 1038 1011 1039 1040 1041 1041 1042 1043 1043 1015 1044 1044 1016 1045 1046 1047 1047
1048 1019 1020 1021 1049 1049 1050 1050 1051 1051 1023 1052 1024 1025 1026 1027 1028 1053 1053 1030 1031 1054 1054 1032 1055 1056 1056 1034 1057 1057 1036 1058 1058 1038 1059 1059 1040 1060 1060 1042 1061 1061 1062 1063 1063 1064 1064 1046 1065 1066
1048 1067 1068 1068 1069 1070 1071 1072 1072 1073 1074 1052 1075 1076 1076 1077 1077 1078 1079 1080 1080 1081 1082 1082 1055 1083 1083 1084 1085 1085 1086 1086 1087 1087 1088 1089 1089 1090 1090 1091 1091 1092 1092 1093 1093 1094 1095 1095 1065 1066
1096 1067 1097 1097 1069 1070 1071 1098 1098 1073 1074 1099 1075 1100 1100 1101 1102 1078 1079 1103 1103 1081 1104 1105 1105 1106 1106 1084 1107 1108 1109 1110 1111 1111 1088 1112 1112 1113 1114 1115 1116 1117 1118 1119 1119 1094 1120 1121 1121 1122
1123 1123 1124 1124 1125 1126 1127 1127 1128 1128 1129 1130 1131 1132 1132 1101 1102 1133 1133 1134 1135 1135 1104 1136 1137 1138 1139 1139 1107 1108 1109 1110 1140 1141 1142 1143 1143 1113 1144 1115 1116 1145 1118 1146 1147 1148 1120 1149 1150 1122
1151 1152 1153 1153 1125 1154 1155 1155 1156 1157 1129 1130 1158 1158 1159 1160 1160 1161 1161 1134 1162 1162 1163 1136 1137 1164 1164 1165 1165 1166 1166 1167 1140 1141 1142 1168 1169 1169 1144 1170 1171 1145 1172 1146 1147 1148 1173 1149 1174 1174
1151 1152 1175 1176 1177 1154 1178 1179 1156 1157 1180 1180 1181 1181 1159 1182 1182 1183 1184 1184 1185 1186 1163 1187 1188 1189 1190 1191 1192 1192 1193 1193 1194 1195 1195 1168 1196 1196 1197 1170 1198 1199 1172 1200 1200 1201 1173 1202 1203 1204
1205 1206 1175 1176 1207 1207 1178 1208 1208 1209 1210 1210 1211 1212 1212 1213 1213 1183 1214 1214 1185 1215 1215 1187 1188 1189 1190 1191 1216 1217 1218 1219 1220 1221 1221 1222 1223 1224 1225 1225 1198 1199 1226 1227 1227 1201 1228 1228 1203 1204
1205 1229 1229 1230 1230 1231 1231 1232 1233 1233 1234 1235 1211 1236 1236 1237 1238 1239 1240 1240 1241 1241 1242 1243 1244 1245 1245 1246 1216 1247 1218 1219 1220 1248 1248 1222 1223 1249 1250 1251 1252 1252 1226 1253 1253 1254 1255 1256 1256 1257
1258 1259 1259 1260 1260 1261 1262 1263 1263 1264 1264 1235 1265 1266 1266 1237 1238 1267 1267 1268 1268 1269 1242 1270 1244 1271 1272 1246 1273 1247 1274 1274 1275 1276 1276 1277 1278 1249 1250 1251 1279 1279 1280 1280 1281 1282 1255 1283 1283 1257
1284 1284 1285 1286 1286 1287 1262 1288 1289 1290 1291 1291 1265 1292 1292 1293 1293 1294 1295 1296 1297 1269 1298 1270 1299 1271 1272 1300 1273 1301 1302 1303 1275 1304 1305 1277 1306 1307 1307 1308 1308 1309 1310 1310 1311 1282 1312 1313 1314 1315
1316 1316 1285 1317 1317 1287 1318 1318 1289 1290 1319 1320 1321 1322 1323 1323 1324 1325 1295 1296 1297 1326 1327 1327 1299 1328 1329 1330 1331 1301 1302 1303 1332 1332 1305 1333 1306 1334 1334 1335 1335 1336 1337 1337 1311 1338 1312 1313 1314 1315
1339 1339 1340 1340 1341 1342 1342 1343 1344 1344 1319 1320 1321 1322 1345 1345 1324 1325 1346 1347 1347 1348 1348 1349 1350 1350 1329 1330 1351 1351 1352 1352 1353 1353 1354 1355 1355 1356 1357 1357 1358 1336 1359 1359 1360 1360 1361 1362 1362 1363
13 96 61 5 36 16 49 41 32 91 93 24 72 52 57 22 97 18 70 27 62 2 48 15 19 36 86 78 54 43 98 85 21 59 92 3 81 66 71 69 97 99 25 95 11 33 56 59 24 98
67 16 54 84 67 90 31 38 87 80 3 74 74 98 87 41 43 65 2 4 57 58 76 70 29 10 90 97 81 46 93 28 37 50 8 59 53 23 94 10 72 50 90 78 82 40 91 31 23 82
0 38 17 87 86 33 81 90 86 18 33 32 46 64 26 48 84 77 79 10 43 13 16 65 82 1 86 74 61 95 58 32 30 25 38 7 41 34 64 65 4 73 35 52 91 25 0 78 75 38
65 5 4 5 8 34 97 30 52 2 35 46 80 75 91 75 19 36 51 15 72 44 97 81 28 46 40 12 67 60 88 35 16 80 71 50 8 85 80 49 69 87 24 36 48 90 79 66 40 28
71 41 41 36 72 59 6 88 63 4 94 40 92 9 30 29 56 27 1 84 10 32 20 99 26 53 93 79 52 58 42 64 78 8 25 87 22 76 39 24 82 37 86 21 76 10 60 13 85 68
36 41 77 80 68 31 64 57 55 59 40 98 62 99 17 79 72 49 61 58 84 78 0 17 48 57 87 95 56 78 80 92 71 40 14 93 71 21 79 60 81 54 70 38 4 47 65 80 24 60
84 34 81 6 90 88 55 44 53 15 78 48 3 47 29 65 33 24 20 36 8 30 25 14 7 64 12 75 45 94 54 97 98 36 2 12 53 39 96 68 6 12 9 21 65 32 54 13 76 39
18 41 46 70 56 37 0 4 11 29 67 19 73 6 30 30 68 34 19 74 50 34 40 50 1 65 67 64 99 99 84 70 81 63 33 50 79 82 91 11 25 62 90 41 29 39 18 1 25 45
53 11 66 68 7 76 62 73 99 9 88 37 86 48 23 48 32 73 31 16 47 4 41 79 5 99 7 52 21 0 59 93 32 62 7 81 84 39 14 45 78 69 87 83 5 60 71 89 67 38
16 56 15 46 17 74 72 99 14 1 66 19 37 65 37 92 10 11 13 17 90 98 55 53 48 54 94 91 81 82 22 52 17 55 87 82 0 83 57 10 12 64 69 54 12 66 24 74 85 22
0 64 89 91 8 11 42 90 49 95 24 86 68 15 24 46 50 44 39 2 4 89 75 8 30 87 2 36 75 90 68 40 72 95 25 76 45 15 98 45 45 94 75 4 86 28 99 30 77 31
36 9 5 9 23 23 59 59 46 41 83 80 0 39 71 90 6 34 93 30 80 22 53 13 49 39 84 7 74 76 59 87 48 70 62 10 42 1 18 28 33 87 72 53 21 78 23 3 28 59
93 94 89 10 32 99 35 14 35 44 99 88 94 79 79 34 63 51 26 30 50 52 71 83 24 78 53 80 13 2 5 93 5 20 70 86 61 91 35 23 82 63 47 6 56 94 69 90 52 12
22 20 31 17 48 90 19 16 91 61 5 30 69 2 41 68 97 58 84 49 11 8 18 79 77 82 72 94 42 56 17 49 61 54 53 98 17 68 14 47 95 25 51 90 19 70 21 99 6 76
20 98 48 30 11 54 8 46 48 62 30 92 22 30 72 95 63 56 96 47 96 51 46 48 22 49 5 45 56 16 30 8 84 2 15 46 82 99 37 68 87 86 84 75 75 85 90 44 81 47
47 1 77 83 60 95 83 84 50 8 98 7 89 12 60 12 45 58 13 29 33 39 80 39 53 64 31 48 1 81 2 80 43 88 71 33 58 70 80 92 5 25 51 98 6 8 31 89 53 18
22 32 38 29 40 7 64 95 75 63 60 70 66 91 51 9 30 90 43 32 69 7 29 50 79 74 77 83 40 12 48 47 33 68 72 6 58 87 15 5 66 85 7 90 10 53 45 67 0 0
18 42 68 21 86 36 56 15 63 51 52 53 44 9 6 25 27 57 18 34 13 86 91 23 31 97 27 91 1 29 25 33 67 69 80 11 26 21 23 42 86 60 73 70 37 0 60 42 17 5
31 43 28 20 10 83 98 3 97 36 89 25 55 86 62 85 54 89 98 26 86 26 14 1 96 35 26 82 20 22 45 41 5 8 4 81 77 83 16 37 2 97 90 66 66 61 25 3 68 4
71 40 51 35 4 33 59 46 54 0 42 61 70 95 21 9 43 82 46 41 5 77 47 48 98 72 53 66 62 43 43 4 12 91 6 20 62 45 46 51 42 74 72 94 44 63 11 43 27 41
75 76 82 48 12 58 35 49 92 56 36 91 53 26 97 8 83 18 46 60 47 99 64 48 13 77 43 73 82 37 70 30 1 47 2 60 87 38 58 55 89 31 64 22 24 6 26 61 97 1
67 20 45 47 68 87 82 8 29 56 95 46 7 74 59 87 47 34 16 18 73 40 80 73 28 39 45 76 98 27 98 32 13 42 14 15 17 97 52 0 52 80 34 60 67 44 38 16 47 19
10 19 25 31 89 87 36 90 69 51 46 84 37 8 89 18 62 28 38 63 3 9 40 83 34 34 25 2 66 65 7 39 95 19 85 59 38 84 64 18 56 42 49 9 15 67 8 94 88 97
3 64 14 74 99 32 5 3 97 28 76 74 65 20 21 67 20 92 88 45 71 40 76 47 38 19 47 19 35 43 19 80 79 2 33 21 37 86 59 13 48 59 48 31 36 92 39 77 42 81
24 95 85 56 59 40 72 31 43 42 19 30 7 28 3 44 94 42 81 37 91 39 23 70 39 12 38 79 22 7 46 25 67 88 78 65 4 95 40 39 63 69 93 8 70 13 42 4 33 54
58 74 93 42 36 23 88 53 99 98 5 64 65 49 61 68 95 94 0 19 20 91 11 78 11 40 10 35 0 92 63 55 60 77 19 72 25 24 75 74 40 67 66 89 83 17 48 48 19 53
32 8 82 86 73 14 53 44 97 50 10 10 38 94 9 81 4 13 12 23 76 93 51 83 55 96 42 24 29 43 2 71 12 13 91 15 58 2 81 55 72 98 91 82 19 73 84 85 62 17
25 55 18 60 89 76 43 62 61 69 40 19 25 68 85 97 25 14 71 56 78 5 78 64 38 52 50 81 8 71 37 56 4 32 15 28 18 50 7 6 17 56 86 9 58 51 51 75 52 33
57 76 56 74 83 3 13 58 62 53 82 11 73 82 46 48 76 99 6 47 25 89 90 51 42 55 23 8 24 18 39 54 4 1 93 71 6 10 37 75 24 25 35 98 16 23 59 17 18 6
76 36 42 38 51 85 83 83 68 84 31 11 41 80 32 3 1 14 74 24 40 42 37 26 27 77 62 75 80 97 6 78 62 11 89 5 76 64 52 35 9 90 75 18 81 75 83 65 14 62
67 64 29 77 84 75 70 67 19 60 16 25 32 72 20 62 54 53 6 61 50 59 16 49 96 59 1 10 36 14 70 96 59 90 92 76 43 84 72 90 16 65 14 84 29 49 25 57 86 95
77 65 25 47 66 98 70 28 31 16 35 8 97 7 41 78 46 76 36 60 34 46 80 3 40 46 15 4 48 88 4 60 42 59 99 4 89 23 53 77 86 51 54 45 20 93 98 25 3 90
45 36 40 23 53 47 55 36 69 58 15 13 3 48 96 60 2 39 85 57 14 29 70 69 47 75 33 84 24 77 96 46 91 65 2 92 7 42 53 36 34 26 28 18 64 6 97 39 21 81
57 59 64 36 68 12 55 64 5 40 30 34 8 95 69 5 43 62 11 35 30 97 45 92 53 60 14 74 67 12 1 67 64 45 31 25 3 59 54 54 42 66 83 13 48 12 80 36 50 50
76 38 71 15 78 63 92 77 54 38 47 73 90 35 54 73 55 1 40 97 86 93 28 74 14 64 77 13 11 76 29 99 76 88 28 54 72 85 21 18 88 48 86 1 7 30 36 3 61 78
22 83 95 36 14 76 46 2 74 95 18 63 28 16 66 69 55 65 70 43 74 33 68 58 62 92 14 25 2 76 94 15 96 28 27 64 40 59 96 48 19 38 83 64 66 92 50 25 49 44
67 64 52 40 34 12 76 49 84 20 97 95 61 87 12 39 12 35 5 43 88 11 81 71 60 95 42 73 61 0 67 31 37 39 20 17 65 74 60 18 74 5 97 20 14 81 36 98 2 10
2 31 86 61 87 14 85 50 2 34 30 81 71 65 90 30 33 93 87 10 58 94 61 35 83 75 16 6 18 3 18 84 47 57 8 19 87 0 38 89 53 93 80 99 85 8 47 20 44 86
67 82 80 37 70 45 45 42 22 20 45 1 54 20 2 42 81 98 53 75 5 29 24 83 66 45 69 23 37 41 13 11 85 64 70 71 73 74 25 22 74 4 34 23 34 70 69 29 55 44
9 75 47 65 59 2 94 61 36 43 34 30 15 88 37 0 5 39 26 98 47 90 24 35 99 53 47 98 17 3 1 66 6 63 48 67 93 19 89 27 87 83 7 61 81 57 29 82 50 20
70 22 90 88 8 75 68 97 65 88 16 79 94 36 68 71 65 13 3 67 88 62 29 47 27 0 9 40 9 34 60 27 0 51 2 73 40 11 38 93 77 62 14 11 74 28 46 94 47 3
54 73 56 83 16 3 58 52 64 31 96 34 67 18 56 94 97 67 45 56 99 21 24 81 46 23 80 22 50 21 53 48 37 87 78 7 12 35 51 18 75 34 18 72 86 41 95 6 56 89
62 80 73 23 92 38 17 98 10 59 48 7 36 78 23 36 70 51 63 44 55 74 35 84 37 67 22 23 77 87 40 12 48 68 32 53 74 32 43 1 91 88 78 39 50 97 97 88 83 77
49 67 60 54 71 23 53 69 56 76 62 39 6 91 37 76 31 82 59 64 81 9 61 16 48 89 83 19 22 48 63 56 34 89 94 95 52 25 25 67 76 79 15 45 86 61 90 73 43 1
66 91 72 93 56 2 69 9 12 12 36 13 75 59 20 3 59 25 45 13 64 79 11 29 36 22 56 60 99 49 79 56 3 54 76 10 76 71 84 46 94 90 53 71 32 62 90 12 46 53
91 23 25 72 43 84 41 71 95 89 16 3 27 11 22 93 29 96 65 54 85 26 60 65 17 10 31 7 75 24 0 87 41 86 90 79 15 44 52 5 52 24 9 98 58 77 72 19 75 51
79 26 18 19 72 4 13 91 46 35 61 41 7 5 76 69 96 99 66 89 56 2 62 42 31 16 1 82 47 55 95 0 40 51 70 60 4 22 11 22 51 65 11 23 11 15 94 98 89 47
17 36 83 24 80 2 62 13 99 82 73 33 78 4 98 68 8 8 58 4 68 74 78 89 52 59 50 29 44 32 3 73 18 60 54 78 89 45 48 27 79 32 53 41 51 6 97 7 68 73
40 71 83 66 87 8 47 33 35 4 11 89 31 58 70 19 42 16 47 61 4 26 84 7 32 76 45 92 39 66 58 67 88 52 0 84 67 75 23 2 50 29 32 67 8 92 57 25 34 17
71 18 97 15 43 85 80 74 31 20 82 7 60 12 55 2 31 51 46 82 68 82 78 30 54 84 2 92 91 92 57 42 35 4 45 80 14 96 32 16 0 29 6 33 64 80 92 37 96 26
