17 45
0 0 1 2 3 4 4 5 6 6 7 7 8 9 9 10 10 11 11 12 13 14 15 16 17 18 18 19 19 20 20 21 21 22 23 23 24 25 25 26 27 27 28 29 29 30 31 32 32 33
34 35 1 2 3 36 37 37 38 39 40 40 8 41 42 43 43 44 44 12 13 14 15 16 17 45 45 46 46 47 47 48 48 22 49 50 50 51 51 26 52 53 53 54 54 30 31 55 55 33
34 35 56 57 57 36 58 59 38 60 60 61 62 41 42 63 63 64 64 65 66 67 67 68 68 69 70 71 72 72 73 74 74 75 49 76 77 78 78 79 52 80 81 81 82 82 83 83 84 84
85 86 56 87 88 89 89 59 90 90 91 92 62 93 94 95 96 97 97 65 66 98 99 99 100 69 70 71 101 101 102 102 103 75 104 76 77 105 105 79 106 80 107 108 109 109 110 111 112 113
85 114 115 116 88 117 117 118 119 119 91 92 120 93 94 95 96 121 122 123 124 125 126 126 100 127 128 129 130 131 131 132 103 133 133 134 134 135 135 136 136 137 138 108 139 139 110 111 112 113
140 114 115 116 141 142 142 143 144 145 145 146 120 147 148 149 149 121 122 123 150 125 151 151 152 153 128 129 130 154 154 155 155 156 157 157 158 158 159 160 161 161 138 162 162 163 164 165 166 166
140 167 167 168 141 169 169 143 170 171 172 146 173 147 148 174 174 175 176 176 150 177 178 178 152 153 179 180 181 182 183 183 184 184 185 186 187 187 159 188 189 190 190 191 191 163 164 165 192 192
193 193 194 168 195 196 197 197 170 171 172 198 173 199 200 200 201 202 202 203 203 177 204 205 205 206 179 180 181 207 207 208 208 209 209 186 210 211 211 188 189 212 212 213 214 215 216 217 217 218
219 219 220 221 195 196 222 222 223 224 224 198 225 226 226 227 201 228 229 230 231 232 204 233 234 235 236 236 237 237 238 238 239 239 240 240 210 241 242 242 243 244 244 213 214 245 216 246 246 218
247 247 220 221 248 249 250 250 251 252 253 253 225 254 254 255 255 228 229 230 231 232 256 256 234 235 257 258 259 260 260 261 262 263 264 264 265 266 267 268 268 269 270 271 271 245 272 273 273 274
275 276 277 277 248 249 278 278 251 252 279 279 280 280 281 281 282 282 283 283 284 285 285 286 287 287 257 258 288 289 290 290 262 263 291 291 265 266 267 292 293 269 270 294 295 295 272 296 296 274
275 276 297 298 299 300 301 301 302 303 303 304 304 305 306 307 308 308 309 310 311 311 312 286 313 313 314 314 288 289 315 315 316 317 317 318 318 319 319 292 293 320 320 321 322 323 323 324 324 325
326 326 297 298 299 327 328 329 329 330 330 331 331 305 306 307 332 332 309 310 333 334 334 335 336 337 337 338 338 339 339 340 316 341 342 342 343 343 344 345 346 346 347 321 322 348 349 350 351 325
352 352 353 354 355 327 328 356 356 357 358 359 360 361 361 362 363 363 364 365 366 366 367 335 368 368 369 370 371 371 372 340 373 373 374 375 376 376 344 377 377 378 379 379 380 380 349 350 351 381
382 382 383 354 384 384 385 386 386 357 358 359 360 387 388 389 389 390 391 365 392 392 367 393 394 394 369 370 395 396 397 398 399 400 374 375 401 401 402 403 403 378 404 404 405 405 406 406 407 381
408 408 383 409 409 410 385 411 412 413 413 414 415 387 388 416 417 390 391 418 418 419 419 393 420 421 421 422 423 396 397 424 399 425 426 426 427 427 402 428 428 429 429 430 431 432 433 433 434 434
435 436 437 438 438 439 439 411 440 440 441 414 415 442 443 416 417 444 445 446 447 448 448 449 420 450 450 422 423 451 451 424 452 425 453 454 454 455 455 456 456 457 457 430 431 432 458 458 459 459
435 436 460 461 461 462 463 464 465 465 466 466 467 442 468 469 469 444 445 446 447 470 470 449 471 471 472 473 473 474 474 475 475 476 477 478 478 479 479 480 480 481 482 482 483 484 484 485 485 486
487 488 460 489 489 462 463 464 490 491 492 492 467 493 468 494 494 495 496 496 497 498 499 499 500 500 472 501 502 503 504 504 505 506 477 507 508 509 509 510 511 481 512 512 483 513 514 515 516 517
487 488 518 518 519 519 520 521 521 491 522 522 523 493 524 524 525 525 526 527 527 498 528 529 529 530 531 531 502 503 532 532 533 506 534 534 508 535 536 510 537 537 538 539 540 513 514 515 516 517
541 541 542 543 544 545 545 546 547 547 548 549 523 550 550 551 551 552 552 553 554 554 555 556 557 557 558 558 559 559 560 561 533 562 562 563 563 535 536 564 565 566 538 539 540 567 568 568 569 570
571 571 572 543 573 573 574 574 575 576 548 577 577 578 579 580 581 581 582 553 583 583 555 556 584 584 585 585 586 586 560 561 587 588 589 590 591 592 592 564 565 593 593 594 595 567 596 597 569 570
598 598 572 599 599 600 601 602 602 576 603 604 605 605 579 606 607 607 582 608 608 609 609 610 611 612 612 613 613 614 614 615 587 588 589 590 591 616 616 617 618 619 619 594 595 620 620 597 621 622
623 623 624 624 625 600 601 626 626 627 603 604 628 628 629 606 630 631 631 632 633 633 634 634 611 635 636 636 637 638 638 615 639 640 640 641 641 642 642 643 618 644 645 645 646 647 648 649 621 622
650 651 652 653 654 654 655 656 657 627 658 658 659 659 660 660 630 661 661 662 662 663 663 664 664 635 665 665 637 666 667 667 639 668 669 669 670 670 671 643 672 673 674 675 675 647 648 649 676 677
650 678 652 679 679 680 655 656 657 681 682 682 683 684 684 685 686 687 687 688 689 690 690 691 691 692 693 693 694 666 695 696 697 698 699 699 700 700 671 701 672 673 674 702 702 703 703 704 676 677
705 678 706 707 708 708 709 710 710 681 711 712 683 713 714 714 686 715 716 716 689 717 718 719 719 692 720 721 722 723 695 696 724 698 725 726 727 728 728 729 729 730 731 731 732 732 733 704 734 734
705 735 706 707 736 737 709 738 739 739 711 712 740 713 741 742 742 715 743 743 744 745 718 746 746 747 747 721 722 723 748 748 724 749 725 726 727 750 751 752 753 730 754 754 755 755 756 756 757 758
759 735 760 760 736 737 761 761 762 763 763 764 764 765 766 766 767 768 768 769 770 745 771 771 772 772 773 774 774 775 775 776 776 749 777 778 779 750 751 752 753 780 781 782 782 783 783 784 757 758
759 785 786 786 787 787 788 788 762 789 789 790 790 791 791 792 767 793 794 794 770 795 796 796 797 797 798 799 800 800 801 801 802 803 803 778 779 804 804 805 805 780 806 807 808 808 809 784 810 810
811 812 813 813 814 814 815 816 816 817 818 818 819 819 820 792 821 793 822 823 823 795 824 824 825 825 798 799 826 827 828 829 829 830 830 831 832 833 834 835 835 836 806 837 838 839 809 840 841 842
811 812 843 844 845 846 815 847 848 817 849 850 851 852 820 853 853 854 854 855 856 857 857 858 858 859 859 860 826 861 828 862 863 864 864 831 832 833 834 865 865 836 866 837 838 839 867 840 868 842
869 869 843 844 870 846 871 872 848 873 849 850 851 874 875 875 876 877 877 855 878 878 879 879 880 880 881 860 882 861 883 883 863 884 884 885 885 886 886 887 888 889 866 890 890 891 891 892 868 893
894 895 895 896 870 897 871 872 898 873 899 899 900 874 901 901 902 902 903 903 904 905 906 906 907 907 881 908 882 909 909 910 911 911 912 912 913 914 914 915 888 889 916 917 917 918 918 919 919 893
894 920 920 921 922 922 923 924 898 925 926 926 927 927 928 928 929 929 930 930 904 905 931 931 932 933 933 908 934 935 935 910 936 937 937 938 939 939 940 915 941 942 943 944 945 946 946 947 948 948
949 950 950 921 951 951 923 952 953 953 954 955 955 956 957 957 958 959 959 960 961 961 962 963 932 964 965 966 934 967 968 969 936 970 970 938 971 972 972 973 974 942 943 975 945 976 976 947 977 977
978 978 979 979 980 981 981 952 982 982 954 983 983 956 984 984 958 985 985 960 986 986 962 987 987 988 965 966 989 990 968 969 991 991 992 993 971 994 994 995 974 996 996 975 997 997 998 998 999 1000
1001 1001 1002 1003 1004 1005 1006 1006 1007 1008 1008 1009 1010 1011 1011 1012 1013 1013 1014 1014 1015 1015 1016 1017 1017 988 1018 1019 1019 990 1020 1021 1022 1023 1023 993 1024 1025 1025 995 1026 1026 1027 1027 1028 1028 1029 1030 1031 1000
1032 1033 1034 1003 1004 1005 1035 1036 1007 1037 1038 1009 1010 1039 1039 1012 1040 1040 1041 1042 1042 1043 1016 1044 1045 1045 1018 1046 1047 1047 1020 1021 1048 1049 1050 1050 1024 1051 1052 1052 1053 1053 1054 1055 1055 1056 1029 1030 1031 1057
1032 1033 1034 1058 1059 1060 1035 1036 1061 1061 1038 1062 1063 1064 1065 1065 1066 1066 1041 1067 1068 1069 1070 1070 1071 1071 1072 1046 1073 1073 1074 1074 1048 1049 1075 1076 1077 1051 1078 1078 1079 1079 1054 1080 1081 1056 1082 1083 1083 1084
1085 1086 1086 1058 1059 1060 1087 1087 1088 1089 1089 1062 1063 1064 1090 1091 1091 1092 1092 1067 1068 1069 1093 1093 1094 1094 1072 1095 1096 1096 1097 1098 1099 1100 1075 1076 1077 1101 1102 1103 1103 1104 1104 1080 1105 1105 1082 1106 1106 1084
1085 1107 1108 1108 1109 1109 1110 1110 1088 1111 1111 1112 1113 1113 1090 1114 1114 1115 1116 1116 1117 1117 1118 1118 1119 1120 1120 1095 1121 1121 1122 1098 1123 1100 1124 1124 1125 1125 1102 1126 1126 1127 1128 1128 1129 1129 1130 1131 1132 1132
1133 1134 1135 1136 1136 1137 1138 1139 1139 1140 1141 1112 1142 1142 1143 1143 1144 1145 1145 1146 1146 1147 1148 1149 1150 1150 1151 1152 1153 1153 1122 1154 1123 1155 1156 1157 1158 1159 1160 1160 1161 1162 1162 1163 1164 1165 1165 1131 1166 1166
1133 1134 1167 1168 1168 1137 1138 1169 1170 1140 1171 1171 1172 1172 1173 1173 1174 1174 1175 1175 1176 1147 1148 1149 1177 1177 1151 1152 1178 1178 1179 1180 1181 1155 1156 1157 1158 1159 1182 1183 1183 1184 1184 1163 1164 1185 1185 1186 1187 1187
1188 1188 1167 1189 1190 1191 1192 1193 1170 1194 1194 1195 1195 1196 1196 1197 1198 1199 1200 1201 1176 1202 1203 1204 1204 1205 1205 1206 1206 1207 1179 1180 1181 1208 1209 1209 1210 1210 1211 1211 1212 1212 1213 1214 1214 1215 1215 1186 1216 1216
1217 1218 1219 1219 1190 1191 1192 1193 1220 1221 1221 1222 1223 1224 1225 1197 1198 1199 1200 1226 1226 1202 1227 1228 1229 1230 1231 1232 1232 1207 1233 1234 1235 1208 1236 1237 1237 1238 1238 1239 1239 1240 1241 1241 1242 1242 1243 1244 1245 1246
1217 1218 1247 1247 1248 1249 1250 1250 1220 1251 1251 1222 1223 1224 1225 1252 1253 1254 1255 1256 1257 1258 1227 1228 1229 1230 1231 1259 1259 1260 1233 1234 1261 1262 1263 1263 1264 1264 1265 1266 1267 1240 1268 1269 1270 1270 1243 1244 1245 1246
1271 1272 1272 1273 1273 1249 1274 1274 1275 1275 1276 1277 1278 1279 1279 1252 1253 1254 1255 1280 1257 1258 1281 1282 1282 1283 1284 1284 1285 1286 1287 1288 1261 1262 1289 1290 1291 1291 1265 1266 1292 1293 1268 1269 1294 1295 1295 1296 1297 1297
1298 1299 1299 1300 1300 1301 1302 1303 1303 1304 1276 1277 1278 1305 1305 1306 1306 1307 1308 1280 1309 1309 1281 1310 1311 1283 1312 1313 1285 1286 1287 1314 1315 1316 1289 1290 1317 1318 1319 1319 1292 1293 1320 1320 1294 1321 1322 1296 1323 1324
1298 1325 1325 1326 1326 1301 1302 1327 1328 1328 1329 1329 1330 1330 1331 1331 1332 1332 1308 1333 1333 1334 1334 1310 1311 1335 1312 1313 1336 1337 1337 1314 1315 1316 1338 1338 1317 1318 1339 1339 1340 1341 1341 1342 1342 1321 1322 1343 1323 1324
71 83 67 96 7 72 90 74 98 12 64 29 53 97 77 19 66 14 82 84 60 24 47 72 18 48 82 41 58 2 47 71 77 99 76 93 51 77 94 13 0 55 39 68 29 62 67 13 32 55
15 46 42 27 53 16 22 40 80 20 95 14 68 20 93 11 63 69 98 68 20 55 81 69 67 67 39 51 46 2 9 22 32 74 26 81 37 91 22 25 8 22 51 12 80 88 70 37 35 11
66 74 49 89 74 81 72 54 16 54 0 90 81 14 68 44 68 26 66 56 47 43 76 90 92 35 36 81 90 42 29 33 34 54 24 11 94 38 12 47 92 30 34 78 56 71 87 85 81 32
70 63 88 23 52 51 13 90 74 62 82 74 16 44 16 16 8 67 98 73 81 33 34 73 67 58 45 79 63 32 35 41 2 58 74 34 42 60 4 49 55 59 3 32 20 21 95 60 61 84
56 16 80 62 31 44 62 62 13 78 71 19 56 49 21 29 96 9 41 1 75 19 8 63 98 23 49 14 79 69 11 96 83 75 57 7 31 50 80 20 41 53 24 80 59 86 2 3 17 4
16 77 60 99 27 62 96 0 87 23 68 74 31 36 21 50 48 57 31 94 56 32 52 36 9 87 45 23 71 12 67 54 69 90 54 26 48 4 84 2 5 39 86 56 43 29 25 40 29 27
12 40 58 75 3 37 65 30 39 10 31 31 55 5 11 53 81 27 23 60 65 80 85 23 67 70 87 11 94 30 37 17 42 36 18 48 51 79 68 67 72 74 3 57 70 41 4 74 21 99
14 93 58 81 28 7 96 18 88 2 67 44 30 22 62 28 68 42 87 44 47 31 32 12 82 56 82 21 10 78 95 91 93 54 10 72 86 73 28 69 96 68 75 67 46 43 41 96 13 74
29 30 32 78 12 71 56 33 90 29 20 25 85 80 67 63 43 6 71 89 10 26 68 41 74 73 42 87 68 60 70 17 80 8 40 17 64 91 68 0 17 88 50 9 52 65 33 31 70 32
38 92 8 29 73 81 90 1 14 17 0 27 14 91 21 90 7 70 74 47 69 28 32 5 47 73 57 14 71 1 58 31 86 5 40 89 39 96 11 45 93 98 11 48 32 41 44 54 90 36
47 91 75 95 78 22 73 78 20 98 98 20 77 87 88 68 13 43 68 96 70 25 12 96 43 36 57 2 66 47 59 56 80 95 60 40 29 21 78 24 41 80 42 68 93 49 84 80 36 5
47 53 69 60 77 27 76 15 80 40 10 84 88 83 50 52 35 70 59 58 21 47 21 74 66 92 41 78 83 32 8 41 20 6 50 24 42 40 12 23 28 41 92 45 88 23 89 15 80 68
54 58 36 66 37 46 63 32 35 12 67 40 52 76 95 50 56 55 99 78 32 28 74 95 23 13 80 49 25 57 46 85 34 67 50 75 37 94 76 52 92 14 59 93 63 37 56 99 27 49
51 67 3 64 23 3 44 94 6 0 39 5 57 78 27 68 42 61 49 5 20 87 3 29 21 59 14 59 78 89 40 59 17 47 9 92 38 24 66 89 77 21 41 26 41 52 62 86 63 54
26 58 79 32 18 89 9 23 28 66 81 67 78 43 77 21 14 10 13 29 80 41 56 59 83 19 76 28 60 50 88 70 18 88 56 79 44 87 72 2 84 73 52 35 5 5 70 84 45 72
49 94 97 23 60 77 88 64 47 9 1 75 88 34 43 52 75 47 23 99 23 59 42 86 63 4 28 58 22 41 89 78 86 57 57 35 76 65 81 62 64 36 56 23 34 47 98 71 42 17
97 19 57 28 56 95 34 25 16 88 15 55 39 0 59 30 52 44 89 33 13 94 77 5 63 25 39 2 59 90 0 69 72 60 25 60 3 99 49 70 28 5 44 87 36 17 88 73 17 39
41 63 77 1 70 33 50 98 90 56 68 86 61 97 31 58 54 96 11 57 36 95 3 0 12 68 15 11 62 90 17 54 45 25 56 21 86 50 76 82 31 45 15 35 5 54 98 90 98 45
87 23 6 29 16 76 64 68 84 14 34 53 15 73 42 44 20 21 70 11 54 9 38 19 13 84 97 44 29 29 6 15 94 61 72 45 4 0 68 61 58 43 48 72 89 93 56 95 55 74
11 51 11 24 24 87 11 17 3 65 7 44 17 48 34 22 9 8 94 64 89 24 5 22 11 14 25 15 2 62 76 18 46 49 9 78 4 2 53 25 86 71 65 66 1 81 8 66 39 36
88 78 42 9 65 68 95 87 19 53 24 10 81 30 26 14 33 91 79 58 67 58 20 30 73 85 60 78 82 92 3 36 98 38 0 60 13 57 16 12 83 75 28 54 94 83 23 40 54 87
1 60 77 9 73 55 55 9 40 10 50 50 99 85 29 77 10 69 82 69 77 26 49 98 15 76 62 56 99 85 42 47 86 75 25 75 8 28 76 74 79 22 50 68 96 38 35 30 21 83
89 73 24 68 88 94 86 51 69 69 19 54 98 4 91 0 44 60 5 9 70 90 63 16 94 34 95 88 99 68 54 26 82 60 10 55 57 9 54 73 36 59 81 77 24 10 60 20 65 28
9 97 89 36 21 56 55 88 20 19 38 58 94 29 19 91 60 30 90 80 33 79 83 3 1 9 59 73 69 65 95 2 75 83 74 10 44 62 13 48 31 4 19 97 9 52 37 35 49 51
48 75 58 46 12 87 97 40 58 52 33 83 64 45 59 80 27 46 3 86 71 89 9 53 15 10 18 80 17 41 43 33 94 0 1 81 78 81 62 72 42 59 3 39 9 40 12 93 10 93
46 48 70 70 5 79 10 25 69 34 48 80 99 84 34 42 14 1 0 86 65 31 23 83 74 39 35 60 63 43 51 82 32 75 24 23 26 33 40 29 36 78 62 85 2 64 75 27 96 46
46 27 34 36 18 2 66 83 7 54 6 13 40 46 10 87 28 72 92 18 4 37 24 19 44 78 77 62 99 46 81 20 40 58 2 74 46 66 35 17 2 1 89 92 5 32 5 61 27 81
55 90 25 92 21 58 32 56 68 39 16 12 98 9 17 53 95 13 92 32 45 93 16 89 68 57 26 78 13 27 21 57 10 62 79 92 73 89 56 64 49 45 50 75 5 19 27 67 59 9
69 35 10 58 95 19 68 81 85 76 84 87 33 38 35 48 56 3 10 51 48 58 27 38 29 23 42 89 11 42 35 12 61 7 72 99 1 11 97 54 65 27 92 39 51 33 65 30 13 30
28 93 72 34 88 98 34 4 19 38 44 95 17 42 95 74 58 52 26 84 90 6 74 57 95 71 84 14 25 59 15 66 23 76 5 17 89 7 42 27 4 92 40 45 11 28 69 40 41 14
21 98 1 78 37 29 41 86 15 37 36 90 77 64 24 80 75 22 45 16 67 16 8 48 17 83 84 16 23 56 0 84 79 35 38 60 40 96 86 50 15 37 99 13 79 89 16 22 85 38
93 58 79 90 87 32 34 73 21 53 50 84 24 90 2 7 45 95 26 74 72 54 98 37 58 2 82 56 16 55 65 26 61 83 78 68 49 26 84 59 91 57 95 68 82 39 41 30 65 93
83 53 64 56 3 80 58 71 96 57 33 16 9 37 11 38 9 20 25 10 62 96 52 93 76 82 93 52 43 70 13 50 1 45 81 48 22 41 76 17 53 31 66 72 13 74 35 68 54 72
40 67 25 42 3 18 94 29 96 79 40 61 15 56 88 58 73 40 71 46 28 93 52 85 52 67 19 78 14 26 47 93 51 6 4 18 2 4 22 19 65 68 42 64 20 27 90 74 17 37
70 51 82 87 93 55 66 99 64 0 88 4 56 52 82 72 29 83 13 14 63 15 12 21 69 27 72 13 11 2 94 81 22 74 4 15 85 51 6 51 7 97 89 48 29 63 0 30 30 1
19 12 2 91 38 58 9 3 57 57 54 43 19 57 30 62 39 19 83 98 4 46 87 22 96 3 63 94 66 68 30 84 89 11 9 10 84 8 41 90 66 83 42 49 87 11 73 10 54 59
5 14 46 0 69 22 90 73 44 95 86 45 58 38 96 79 84 90 86 38 10 44 16 82 94 68 46 15 68 19 12 37 55 45 97 32 8 13 75 41 5 91 64 97 25 11 83 3 71 7
19 11 64 23 97 33 4 15 72 10 69 56 62 30 84 38 63 90 17 40 92 21 89 12 59 73 13 3 56 12 31 44 40 14 45 35 17 38 79 3 95 68 82 12 57 66 79 52 20 52
23 48 11 84 18 86 61 59 40 30 40 35 91 40 96 48 61 97 23 31 44 7 69 65 73 71 89 44 8 85 11 2 8 91 62 15 24 7 26 71 19 13 58 55 30 79 50 2 99 70
12 14 6 76 44 21 19 59 84 76 16 5 90 25 15 20 28 96 66 94 7 37 47 1 2 35 8 73 87 13 56 54 29 73 39 32 38 40 38 51 4 3 50 93 62 22 50 98 74 64
72 57 35 89 27 39 65 45 83 28 36 87 90 95 67 18 77 14 67 97 25 88 13 41 73 96 82 49 49 20 91 51 89 4 79 38 83 60 79 17 79 43 96 50 61 49 75 51 79 8
33 13 13 1 11 99 3 18 42 72 2 15 34 37 73 8 64 94 7 87 0 71 91 18 33 51 30 10 48 9 18 55 64 96 82 75 40 63 65 35 91 11 46 46 53 86 40 66 35 47
85 75 53 48 42 40 80 91 94 89 35 81 83 64 23 25 18 90 9 4 23 61 9 39 37 21 17 1 71 68 46 46 19 78 75 56 6 3 66 33 28 15 27 96 69 12 23 11 69 45
41 93 30 20 24 77 83 55 79 68 4 21 46 1 18 61 10 26 24 16 61 30 38 2 94 71 70 9 97 99 31 61 25 85 85 83 26 64 82 95 3 32 56 0 29 48 68 63 54 97
85 40 12 48 90 59 37 40 17 27 4 14 72 7 39 46 62 93 89 75 81 55 44 92 77 9 10 20 66 86 85 92 73 52 65 66 24 48 29 88 88 18 17 57 81 19 81 68 34 11
71 67 18 80 45 35 94 96 48 70 14 38 6 40 48 75 74 22 51 15 63 84 20 85 60 97 20 56 64 23 26 79 14 25 54 20 95 67 29 69 54 30 56 31 62 79 68 75 80 23
62 44 40 98 22 13 85 66 55 1 27 73 83 17 35 84 56 27 17 32 49 83 6 37 27 61 15 20 60 80 78 54 7 88 22 37 73 41 37 65 53 86 37 30 39 94 24 84 38 84
0 26 79 1 79 68 44 7 5 93 33 50 65 26 12 47 73 23 35 10 34 14 24 0 43 90 63 47 39 94 2 49 62 29 51 33 29 73 19 7 81 3 15 37 91 59 0 72 43 51
79 89 80 78 43 46 59 96 5 51 29 86 55 94 99 99 71 72 47 97 40 14 64 44 20 49 95 90 49 60 81 44 69 54 51 94 41 39 44 6 81 95 23 66 94 45 34 51 6 14
52 55 14 13 58 96 42 18 7 81 96 70 80 87 93 52 51 14 49 95 4 46 78 79 40 37 45 20 78 58 51 19 86 91 86 7 57 72 58 80 40 50 4 28 90 77 91 36 41 45
