6019234923
8601144450
6669383009
7082601413
6433081109
4072867657
618804941
3233094371
9615527607
582468454
7697910748
2872730917
8662037288
154103541
9620486158
1844373493
7072743568
7150510000
7100040388
3026814270
3668103804
7019493900
2665263022
9864801164
310479915
316626633
9858373720
975366528
2910519233
4804763291
5530016966
7337122541
802697426
1870329858
8235121100
7259906488
7393522192
8743386874
7062492739
1019280016
9226127564
2991049056
3738552534
8491719676
8275873704
3849083485
9467037452
6405894765
1811257472
1224349986
7582915912
1389923301
7102937235
2384619533
1190964468
6168731512
3894368758
9013900159
5608377643
5601821193
8944405954
5414616106
8424339733
4488308312
7143131856
8844222060
2574166230
3427086690
6240179006
8739498911
4210606918
3838843078
7139412934
4929816367
2093796771
5342567795
8707017990
3716898898
9221944374
7141709003
6269894226
147772223
4041575047
207938712
9956109462
1930021197
3672623345
5669520916
9289109848
6851778981
1495696709
7534519843
1726396358
8163386389
3642541133
3121324059
6991579213
1432368924
3097532404
3446120158
3167211282
2774232927
2408413118
3541100124
4541784023
2450068054
1351732194
9738054561
67776116
6679718719
2050791345
884287399
8463451559
9042495742
9054648721
7928782541
4427316510
2888782786
4601506434
4224559812
3357107273
264375900
7927442610
436763042
6954689677
3534173926
1042249127
8467832157
9071902133
2346514236
4913515214
3149888480
1868171455
9987507157
5605251596
1571988373
5753007576
3430942619
3469554598
981350242
4112979067
9385178652
5409208616
5267313526
2620225956
4360574778
8789836133
1285549420
560232826
5699190608
2926247308
1636610147
3534812190
8545894428
5441074616
7075245794
649530603
9679212649
3642400569
7016815408
1867345772
9704292945
5798932171
4727041952
8646356663
7144549849
1973372704
280801467
432887481
2437558446
3525152531
4466786234
5825196718
4257256463
9889296649
6869059022
5742326697
3180881119
7201067902
2393247344
9848833734
2495459307
7199375673
409821969
920594953
4420116066
3642308831
4984462569
2708809432
1834043819
4512662733
4787902720
2091322975
9514402584
1684645767
4817205424
6209238308
281957559
5248581897
6781536493
5041906313
62455661
4129220984
4853858710
5681461743
7486932655
165034189
5852590998
8963065162
1064104417
1810672230
7915135124
1069483115
6760974573
8627308743
5209569145
2786751276
5957272658
2153816133
5179207714
3302584463
5244440969
6711950
6259789319
7298397668
5165654364
8118085536
8296952020
2985433583
5715054886
5079102835
7418077493
4823090806
4542043908
3701395491
6847801368
5258931567
7805589536
5256535518
8296417812
3774876807
3106611956
1450906060
872865916
5261449203
3959712024
8245311413
1099590295
1962008318
6941104434
6162924381
7339341754
8676954675
745831516
2657370864
2874856098
9796979316
269598003
6132633425
5117887028
2201369417
2535438796
8828332296
4473180175
5664721421
5771415372
5107389662
8458403655
7249547259
3335616387
8066046678
5619315270
3959132220
7063296519
8413021432
7620202562
8621613671
7851626336
939327617
1569126698
9714297402
4045097879
907535702
2027600431
1853827062
6638801485
6867327478
6117246981
4113916806
4401744872
2872535498
2580214939
134612817
4979633019
8202676687
8539676572
9918123845
6592499410
6557532903
9736552913
9902473304
1954362967
2317086323
1263309419
4142222323
399234083
7595622746
5068092087
8318201793
446888664
8729610557
27981874
9999055347
7695412762
6010600307
6151593130
641383302
5866061022
8941593843
3515341843
3089050335
8194865736
316779973
57556642
2631680262
4616044982
3120533233
4683537591
7998708507
5253047203
313443154
9243735867
8994468234
5747694712
6305865699
6536140747
567200169
1081445362
4469878497
5449413572
8363271008
4891220758
2689021137
7141930691
4839492451
3003507662
779979471
9049823120
4404692745
7461709905
6339006590
6268511279
204861041
1728438564
735835668
2652542561
9184612137
338322556
1713837321
6906202120
9104832440
7152543288
1272496919
1612129761
2354635297
1460094747
3966401282
5550161991
9161542924
753265179
2196571009
7437551024
9972833600
6403034533
6947857141
6517347626
6454869369
3977180834
5461316082
8793334372
9331064586
2021654612
5070266793
4248611685
22247461
438993138
6162230605
2221399359
3566045744
7042721121
4358622992
8384662454
998658543
9281218751
2858838638
6405463623
5268358437
7049732212
807612273
1262588144
1410805829
2799203911
420273049
7526952752
8464822650
1278816376
5402099266
839633816
9231212716
4088109846
9094678848
2360942227
8651308879
7764772676
5899754393
940563502
5096649926
3759649880
3029073646
460243082
7992600065
6341519702
4350265663
6138181113
7834802455
329010260
2364886706
1482343387
5648960023
3753929808
5912149515
9051320863
8791138911
4773570751
7941640674
7733715751
2867274166
5169856334
5145823146
4845623221
5444440170
1087470452
704566460
8822269062
2764948011
6622596169
4573989648
2284672298
8485022978
2565063820
3474619110
9132053902
601564985
6573909518
6578071935
1696724716
5596021687
1289667536
9584269220
9055875477
2813165459
4487975488
4554889275
8173934572
9576005232
8858932277
6331161474
137512906
5146346830
5712317036
7219920046
877936887
5087736657
8272199116
2552537148
8076423317
554096236
5750807549
5609381935
3598137269
3299740887
7414063099
620751490
1466340828
6570603116
6725625068
8745835988
4915041530
3703943721
9256005162
7299320249
4774170878
5530575478
6004123439
1036883418
6767928991
4543506475
8020403861
9240012851
9883949292
9940987418
7644554272
2712833955
6190887759
9299789862
6641110597
4908137264
8028404187
5811744427
7764848311
4759615024
8749303033
2943907774
7686015088
7268158957
3529289406
4575948162
8765671019
9913305332
9824591373
2975134892
8362998429
6384977699
9814551917
2504318077
3770236222
2587434850
6108807332
721610914
1727178142
9322216151
1099804780
6365890034
1059324656
3317652955
7966776670
8611039398
7402427163
4633944622
8867515411
8625691558
5270191396
5151160709
4710245208
1922099906
8425530049
7538305058
2934353333
4934926679
7556976106
1623724001
9790974850
3961858975
1985306206
5058156757
8337595536
5833226241
8998153448
8247487048
8286378792
1769053732
4690708871
889855433
7224649381
4298802870
8287752759
7330073739
3987375719
7216608151
4794261693
6724970158
5597358933
5743055130
892141158
2420570908
4332981705
6353565040
5120010909
524785052
1734991925
8459159130
7027572216
8157230801
9686377534
2075686037
4435396993
4740490529
7641810367
7500563965
1310286695
9964442715
7871363873
4654609214
1567704427
242075722
2359500108
1951180030
2621411396
7013912651
4287946058
8047544886
9440189965
9542210826
2883479565
6582301847
8722357348
8304617614
1653550668
5747452087
850185865
105610588
112671568
4972870726
7233294083
3457703328
2815626009
6072950870
2605559416
1943157305
9320822941
6545189132
1560188631
1312781169
8023994826
3216544652
4778784475
7958151122
3825072325
4782901223
5832969691
7732142601
841608060
4799085713
1236424161
2513288499
6998529779
652533434
3714004299
609757566
3904471012
8498592583
3896283476
2967839799
7464843826
401681918
1784520358
6251805062
2733498845
1080550884
6240572853
3290318005
9554274747
8929206933
2958177922
1668308973
3060721463
2775225320
2368124328
2504451074
9562353021
4697813702
6876538801
8309119950
4089533185
2510010426
5154455955
1008965068
7556193310
8973094969
839769669
8560223785
4984215775
822047290
8093908265
6752116858
8715823866
6219131621
7392448694
8369293321
5500212083
9755761356
5218095401
4400257006
3892466337
996833269
4496868876
9651251278
8500041247
3940952112
9423379013
1840472197
9407180576
6687934069
7818865064
6505918847
8862677126
2106495417
7063595482
1256133813
6570963432
3594268355
2650770740
8613711170
6873617037
4509018443
950503540
5792467035
987090759
8862976086
380880271
8658708125
4908375693
3936969088
6088985830
3885761045
2378359929
3512161839
1463425571
5173439302
740154888
6640703934
4799262341
7816853699
5502383972
650471945
2641119946
8953037434
1183367696
6322242569
6930265762
4376249843
3109278480
5584819116
4104840382
580038069
5677150603
6180316439
9148781953
1829196319
9266595275
1698087401
8574524734
9458624565
4868786529
7544051359
4216767536
8621047373
1733512071
6233113926
9190193292
486094961
3061232396
4870830087
756661342
8344971490
7180059918
8445280082
595868254
2785761914
5989627583
1389006310
9717437822
5968317720
4042975039
485658311
1824213855
8568728350
9182314828
4219047488
6910304439
1330481623
6028787755
3884156264
5551941488
1159320464
6407801107
3186461728
102516521
6330939376
7474796049
4563199423
913993145
4961190687
2828878055
9525067077
2549297795
3388359129
6695532847
9212274434
1521849438
1813111023
7809565426
1549088982
3510071116
3904838356
212646503
9446657346
2453385393
6155056161
6022044186
1146723668
3239904962
8660123027
931156109
3294021432
2792341895
3594838254
5411773837
2047206313
6067112448
5127581467
8875649529
2177434088
7205446655
3809322072
9626278036
3591534989
6609095876
9151149330
2261408844
148439762
4917585583
4778106333
2144865007
7937288302
2764180207
7487500827
5809240891
9356284955
3474239332
4715809325
2485494764
1881364617
3187302023
9865532794
1652169301
6071263128
8323204980
2998834603
2693010839
4126516198
2012587205
1736721368
1600970989
1756233835
1618129632
1786423205
5283840589
1436847606
8668787314
5071497685
9373939461
8531207162
4691444311
4077351508
469678331
6715987157
7615572124
9047067815
5372576534
768809809
7712217594
1244582963
7765532170
7161248939
990766105
8028960916
6830094035
3992719594
4933911981
6907187843
570236252
5631392910
1805005539
5522634494
4433534935
2658085126
9060664199
1639075621
777819308
2338030078
4523462935
9141554715
8181709680
4624497074
695780650
9666154646
6879259627
8803769262
2473501294
8480663745
173998532
6374587080
6905712867
3783018266
3382060333
5857871988
4132697342
4539386536
4584646768
3739142364
7062445269
5490548464
3680768067
2900391315
7104525672
7692331625
6694307123
9567848817
5537236246
2214819962
7058707876
1448375010
6619953426
9116644109
5935861314
8542358801
8600160709
2091166061
115149450
9219242177
6304264479
4912265172
5153468504
8876220317
1870710970
6428253844
5914916219
1975969186
1926017942
9395878745
8271019884
8414391794
7442345486
9451725460
3309536090
4241885645
124258644
3730899023
8025041357
2174812648
6154156440
1282228464
9919740228
3532239985
4710301148
1906760569
1808188712
7210906813
9033612165
3301519206
2582225414
623200895
6005701472
5915072598
668976189
9616741790
3475144378
9268163815
3428560793
5906561785
5526860763
5989180769
6888520242
9487139539
9714305409
1450826338
2080383675
4664059138
3271351984
2181256241
1140332378
737208450
5161470160
7030945442
6670841064
9599446583
9467133778
415842420
7497805779
6005163652
4632393438
3687917283
799127756
6947985628
1370424569
9201280533
2904610006
1263883662
8486382192
6070846744
5011098604
8076824847
538340077
4922880987
2881570453
3643163324
1142907519
5612787575
3021127337
